"Ma","Schlieren","cell_ids","cell_node_ids","density-gradient:0","density-gradient:1","density-gradient:2","primitives_1","primitives_2","primitives_3","primitives_4","primitives_5","total-enthalpy","vtkValidPointMask","arc_length","Points:0","Points:1","Points:2"
6.950980339906775e-01,1.130521103057083e+00,53,10204,1.256023245206662e+01,3.680140833697718e-02,0.000000000000000e+00,1.875683625835973e+00,9.483721596734054e-01,-2.383873776588887e-03,0.000000000000000e+00,1.330282481173724e+00,5.106402435178055e+00,1,0.000000000000000e+00,5.200999975204468e-01,0.000000000000000e+00,5.000000000000000e-01
6.950853463073111e-01,1.130434776105890e+00,56,10209,1.255753080044193e+01,3.500051288334614e-02,0.000000000000000e+00,1.875692826188493e+00,9.483548136616418e-01,-2.494979781878823e-03,0.000000000000000e+00,1.330284297196862e+00,5.106392538579382e+00,1,2.500000118743628e-04,5.200999975204468e-01,2.500000118743628e-04,5.000000000000000e-01
6.950726586239445e-01,1.130348449154693e+00,58,10214,1.255482914881713e+01,3.319961742971398e-02,0.000000000000000e+00,1.875702026541014e+00,9.483374676498778e-01,-2.606085787168754e-03,0.000000000000000e+00,1.330286113220000e+00,5.106382641980709e+00,1,5.000000237487257e-04,5.200999975204468e-01,5.000000237487257e-04,5.000000000000000e-01
6.950599709420545e-01,1.130262122213540e+00,61,10219,1.255212749750675e+01,3.139872218573246e-02,0.000000000000000e+00,1.875711226892465e+00,9.483201216401322e-01,-2.717191779524240e-03,0.000000000000000e+00,1.330287929242927e+00,5.106372745383188e+00,1,7.500000065192580e-04,5.200999975204468e-01,7.500000065192580e-04,5.000000000000000e-01
6.950472832572108e-01,1.130175795252293e+00,63,10224,1.254942584556745e+01,2.959782652244846e-02,0.000000000000000e+00,1.875720427246057e+00,9.483027756263488e-01,-2.828297797748612e-03,0.000000000000000e+00,1.330289745266277e+00,5.106362848783362e+00,1,1.000000047497451e-03,5.200999975204468e-01,1.000000047497451e-03,5.000000000000000e-01
6.950345955782753e-01,1.130089468331245e+00,66,10229,1.254672419488620e+01,2.779693169777174e-02,0.000000000000000e+00,1.875729627595366e+00,9.482854296206431e-01,-2.939403764235221e-03,0.000000000000000e+00,1.330291561288781e+00,5.106352952188146e+00,1,1.249999972060323e-03,5.200999975204468e-01,1.249999972060323e-03,5.000000000000000e-01
6.950219078934315e-01,1.130003141369998e+00,68,10234,1.254402254294689e+01,2.599603603448775e-02,0.000000000000000e+00,1.875738827948958e+00,9.482680836068595e-01,-3.050509782459593e-03,0.000000000000000e+00,1.330293377312130e+00,5.106343055588321e+00,1,1.500000013038516e-03,5.200999975204468e-01,1.500000013038516e-03,5.000000000000000e-01
6.950092202085877e-01,1.129916814408751e+00,71,10239,1.254132089100759e+01,2.419514037120376e-02,0.000000000000000e+00,1.875748028302550e+00,9.482507375930762e-01,-3.161615800683965e-03,0.000000000000000e+00,1.330295193335480e+00,5.106333158988495e+00,1,1.750000054016709e-03,5.200999975204468e-01,1.750000054016709e-03,5.000000000000000e-01
6.949965325237445e-01,1.129830487447508e+00,73,10244,1.253861923906838e+01,2.239424470792100e-02,0.000000000000000e+00,1.875757228656142e+00,9.482333915792933e-01,-3.272721818908343e-03,0.000000000000000e+00,1.330297009358830e+00,5.106323262388671e+00,1,2.000000094994903e-03,5.200999975204468e-01,2.000000094994903e-03,5.000000000000000e-01
6.949838448507167e-01,1.129744160566654e+00,76,10249,1.253591758964508e+01,2.059335072185029e-02,0.000000000000000e+00,1.875766429001166e+00,9.482160455816641e-01,-3.383827733657183e-03,0.000000000000000e+00,1.330298825380488e+00,5.106313365798063e+00,1,2.249999903142452e-03,5.200999975204468e-01,2.249999903142452e-03,5.000000000000000e-01
6.949711571658733e-01,1.129657833605413e+00,78,10254,1.253321593770588e+01,1.879245505856756e-02,0.000000000000000e+00,1.875775629354758e+00,9.481986995678811e-01,-3.494933751881562e-03,0.000000000000000e+00,1.330300641403838e+00,5.106303469198238e+00,1,2.499999944120646e-03,5.200999975204468e-01,2.499999944120646e-03,5.000000000000000e-01
6.949584694810297e-01,1.129571506644165e+00,81,10259,1.253051428576657e+01,1.699155939528358e-02,0.000000000000000e+00,1.875784829708350e+00,9.481813535540977e-01,-3.606039770105934e-03,0.000000000000000e+00,1.330302457427187e+00,5.106293572598412e+00,1,2.749999985098839e-03,5.200999975204468e-01,2.749999985098839e-03,5.000000000000000e-01
6.949457817961856e-01,1.129485179682913e+00,83,10264,1.252781263382717e+01,1.519066373199832e-02,0.000000000000000e+00,1.875794030061943e+00,9.481640075403138e-01,-3.717145788330301e-03,0.000000000000000e+00,1.330304273450537e+00,5.106283675998587e+00,1,3.000000026077032e-03,5.200999975204468e-01,3.000000026077032e-03,5.000000000000000e-01
6.949330941113419e-01,1.129398852721666e+00,86,10269,1.252511098188786e+01,1.338976806871434e-02,0.000000000000000e+00,1.875803230415535e+00,9.481466615265303e-01,-3.828251806554672e-03,0.000000000000000e+00,1.330306089473887e+00,5.106273779398762e+00,1,3.250000067055225e-03,5.200999975204468e-01,3.250000067055225e-03,5.000000000000000e-01
6.949204064264985e-01,1.129312525760424e+00,88,10274,1.252240932994865e+01,1.158887240543165e-02,0.000000000000000e+00,1.875812430769127e+00,9.481293155127473e-01,-3.939357824779052e-03,0.000000000000000e+00,1.330307905497236e+00,5.106263882798937e+00,1,3.500000108033419e-03,5.200999975204468e-01,3.500000108033419e-03,5.000000000000000e-01
6.949077187534707e-01,1.129226198879570e+00,91,10279,1.251970768052536e+01,9.787978419360879e-03,0.000000000000000e+00,1.875821631114151e+00,9.481119695151181e-01,-4.050463739527890e-03,0.000000000000000e+00,1.330309721518895e+00,5.106253986208328e+00,1,3.749999916180968e-03,5.200999975204468e-01,3.749999916180968e-03,5.000000000000000e-01
6.948950310568107e-01,1.129139871837924e+00,93,10284,1.251700602606994e+01,7.987081078862382e-03,0.000000000000000e+00,1.875830831476312e+00,9.480946234851800e-01,-4.161569861227788e-03,0.000000000000000e+00,1.330311537543936e+00,5.106244089599286e+00,1,4.000000189989805e-03,5.200999975204468e-01,4.000000189989805e-03,5.000000000000000e-01
6.948823433719674e-01,1.129053544876682e+00,96,10289,1.251430437413074e+01,6.186185415579745e-03,0.000000000000000e+00,1.875840031829904e+00,9.480772774713971e-01,-4.272675879452169e-03,0.000000000000000e+00,1.330313353567285e+00,5.106234192999462e+00,1,4.250000230967999e-03,5.200999975204468e-01,4.250000230967999e-03,5.000000000000000e-01
6.948696557107563e-01,1.128967218076232e+00,98,10294,1.251160272722365e+01,4.385293106724801e-03,0.000000000000000e+00,1.875849232166359e+00,9.480599314899232e-01,-4.383781690725489e-03,0.000000000000000e+00,1.330315169587252e+00,5.106224296418070e+00,1,4.499999806284904e-03,5.200999975204468e-01,4.499999806284904e-03,5.000000000000000e-01
6.948569680259125e-01,1.128880891114984e+00,101,10299,1.250890107528434e+01,2.584397443440831e-03,0.000000000000000e+00,1.875858432519951e+00,9.480425854761397e-01,-4.494887708949860e-03,0.000000000000000e+00,1.330316985610602e+00,5.106214399818245e+00,1,4.749999847263098e-03,5.200999975204468e-01,4.749999847263098e-03,5.000000000000000e-01
6.948442803410687e-01,1.128794564153737e+00,103,10304,1.250619942334504e+01,7.835017801568547e-04,0.000000000000000e+00,1.875867632873543e+00,9.480252394623563e-01,-4.605993727174233e-03,0.000000000000000e+00,1.330318801633951e+00,5.106204503218420e+00,1,4.999999888241291e-03,5.200999975204468e-01,4.999999888241291e-03,5.000000000000000e-01
6.948315926562252e-01,1.128708237192490e+00,106,10309,1.250349777140573e+01,-1.017393883127107e-03,0.000000000000000e+00,1.875876833227136e+00,9.480078934485729e-01,-4.717099745398606e-03,0.000000000000000e+00,1.330320617657301e+00,5.106194606618596e+00,1,5.249999929219484e-03,5.200999975204468e-01,5.249999929219484e-03,5.000000000000000e-01
6.948189049713815e-01,1.128621910231243e+00,108,10314,1.250079611946643e+01,-2.818289546411068e-03,0.000000000000000e+00,1.875886033580728e+00,9.479905474347896e-01,-4.828205763622979e-03,0.000000000000000e+00,1.330322433680651e+00,5.106184710018771e+00,1,5.499999970197678e-03,5.200999975204468e-01,5.499999970197678e-03,5.000000000000000e-01
6.948062172865377e-01,1.128535583269996e+00,111,10319,1.249809446752712e+01,-4.619185209695053e-03,0.000000000000000e+00,1.875895233934320e+00,9.479732014210061e-01,-4.939311781847351e-03,0.000000000000000e+00,1.330324249704000e+00,5.106174813418946e+00,1,5.750000011175871e-03,5.200999975204468e-01,5.750000011175871e-03,5.000000000000000e-01
6.947935296016935e-01,1.128449256308743e+00,113,10324,1.249539281558771e+01,-6.420080872980455e-03,0.000000000000000e+00,1.875904434287913e+00,9.479558554072220e-01,-5.050417800071713e-03,0.000000000000000e+00,1.330326065727350e+00,5.106164916819119e+00,1,6.000000052154064e-03,5.200999975204468e-01,6.000000052154064e-03,5.000000000000000e-01
6.947808419168504e-01,1.128362929347501e+00,116,10329,1.249269116364851e+01,-8.220976536262978e-03,0.000000000000000e+00,1.875913634641505e+00,9.479385093934394e-01,-5.161523818296096e-03,0.000000000000000e+00,1.330327881750700e+00,5.106155020219295e+00,1,6.250000093132257e-03,5.200999975204468e-01,6.250000093132257e-03,5.000000000000000e-01
6.947681542320066e-01,1.128276602386254e+00,118,10334,1.248998951170920e+01,-1.002187219954694e-02,0.000000000000000e+00,1.875922834995097e+00,9.479211633796558e-01,-5.272629836520468e-03,0.000000000000000e+00,1.330329697774049e+00,5.106145123619469e+00,1,6.500000134110451e-03,5.200999975204468e-01,6.500000134110451e-03,5.000000000000000e-01
6.947554665471628e-01,1.128190275425007e+00,121,10339,1.248728785976990e+01,-1.182276786283090e-02,0.000000000000000e+00,1.875932035348689e+00,9.479038173658724e-01,-5.383735854744841e-03,0.000000000000000e+00,1.330331513797399e+00,5.106135227019644e+00,1,6.750000175088644e-03,5.200999975204468e-01,6.750000175088644e-03,5.000000000000000e-01
6.947427788623193e-01,1.128103948463760e+00,123,10344,1.248458620783059e+01,-1.362366352611486e-02,0.000000000000000e+00,1.875941235702282e+00,9.478864713520889e-01,-5.494841872969213e-03,0.000000000000000e+00,1.330333329820748e+00,5.106125330419820e+00,1,7.000000216066837e-03,5.200999975204468e-01,7.000000216066837e-03,5.000000000000000e-01
6.947300912011082e-01,1.128017621663309e+00,126,10349,1.248188456092350e+01,-1.542455583496981e-02,0.000000000000000e+00,1.875950436038737e+00,9.478691253706151e-01,-5.605947684242534e-03,0.000000000000000e+00,1.330335145840716e+00,5.106115433838427e+00,1,7.249999791383743e-03,5.200999975204468e-01,7.249999791383743e-03,5.000000000000000e-01
6.947174035162644e-01,1.127931294702062e+00,128,10354,1.247918290898420e+01,-1.722545149825377e-02,0.000000000000000e+00,1.875959636392330e+00,9.478517793568317e-01,-5.717053702466907e-03,0.000000000000000e+00,1.330336961864065e+00,5.106105537238603e+00,1,7.499999832361937e-03,5.200999975204468e-01,7.499999832361937e-03,5.000000000000000e-01
6.947047158314207e-01,1.127844967740815e+00,131,10359,1.247648125704489e+01,-1.902634716153773e-02,0.000000000000000e+00,1.875968836745922e+00,9.478344333430482e-01,-5.828159720691280e-03,0.000000000000000e+00,1.330338777887415e+00,5.106095640638778e+00,1,7.749999873340130e-03,5.200999975204468e-01,7.749999873340130e-03,5.000000000000000e-01
6.946920281229443e-01,1.127758640618771e+00,133,10364,1.247377960007337e+01,-2.082724617925073e-02,0.000000000000000e+00,1.875978037116651e+00,9.478170872969552e-01,-5.939265945866704e-03,0.000000000000000e+00,1.330340593914147e+00,5.106085744020518e+00,1,8.000000379979610e-03,5.200999975204468e-01,8.000000379979610e-03,5.000000000000000e-01
6.946793404617333e-01,1.127672313818320e+00,136,10369,1.247107795316628e+01,-2.262813848810565e-02,0.000000000000000e+00,1.875987237453106e+00,9.477997413154815e-01,-6.050371757140024e-03,0.000000000000000e+00,1.330342409934114e+00,5.106075847439128e+00,1,8.249999955296516e-03,5.200999975204468e-01,8.249999955296516e-03,5.000000000000000e-01
6.946666527532570e-01,1.127585986696277e+00,138,10374,1.246837629619476e+01,-2.442903750581865e-02,0.000000000000000e+00,1.875996437823836e+00,9.477823952693886e-01,-6.161477982315450e-03,0.000000000000000e+00,1.330344225960846e+00,5.106065950820870e+00,1,8.500000461935997e-03,5.200999975204468e-01,8.500000461935997e-03,5.000000000000000e-01
6.946539650920458e-01,1.127499659895826e+00,141,10379,1.246567464928767e+01,-2.622992981467357e-02,0.000000000000000e+00,1.876005638160291e+00,9.477650492879145e-01,-6.272583793588769e-03,0.000000000000000e+00,1.330346041980814e+00,5.106056054239478e+00,1,8.750000037252903e-03,5.200999975204468e-01,8.750000037252903e-03,5.000000000000000e-01
6.946412774308348e-01,1.127413333095375e+00,143,10384,1.246297300238058e+01,-2.803082212352850e-02,0.000000000000000e+00,1.876014838496746e+00,9.477477033064405e-01,-6.383689604862090e-03,0.000000000000000e+00,1.330347858000780e+00,5.106046157658086e+00,1,8.999999612569809e-03,5.200999975204468e-01,8.999999612569809e-03,5.000000000000000e-01
6.946285897223585e-01,1.127327005973332e+00,146,10389,1.246027134540906e+01,-2.983172114124148e-02,0.000000000000000e+00,1.876024038867475e+00,9.477303572603477e-01,-6.494795830037514e-03,0.000000000000000e+00,1.330349674027513e+00,5.106036261039828e+00,1,9.250000119209290e-03,5.200999975204468e-01,9.250000119209290e-03,5.000000000000000e-01
6.946159020611474e-01,1.127240679172881e+00,148,10394,1.245756969850197e+01,-3.163261345009642e-02,0.000000000000000e+00,1.876033239203931e+00,9.477130112788739e-01,-6.605901641310835e-03,0.000000000000000e+00,1.330351490047480e+00,5.106026364458436e+00,1,9.499999694526196e-03,5.200999975204468e-01,9.499999694526196e-03,5.000000000000000e-01
6.946032143526709e-01,1.127154352050837e+00,151,10399,1.245486804153045e+01,-3.343351246780939e-02,0.000000000000000e+00,1.876042439574660e+00,9.476956652327808e-01,-6.717007866486260e-03,0.000000000000000e+00,1.330353306074212e+00,5.106016467840177e+00,1,9.750000201165676e-03,5.200999975204468e-01,9.750000201165676e-03,5.000000000000000e-01
6.945905266914598e-01,1.127068025250387e+00,153,10405,1.245216639462336e+01,-3.523440477666434e-02,0.000000000000000e+00,1.876051639911115e+00,9.476783192513069e-01,-6.828113677759580e-03,0.000000000000000e+00,1.330355122094179e+00,5.106006571258786e+00,1,9.999999776482582e-03,5.200999975204468e-01,9.999999776482582e-03,5.000000000000000e-01
6.946034911040377e-01,1.126854049436170e+00,158,10410,1.244549186705380e+01,-3.978651909653266e-02,0.000000000000000e+00,1.876024822333692e+00,9.476879487873255e-01,-7.021204818981185e-03,0.000000000000000e+00,1.330337634252980e+00,5.105955383101359e+00,1,1.025000028312206e-02,5.200999975204468e-01,1.025000028312206e-02,5.000000000000000e-01
6.946164554912533e-01,1.126640074304937e+00,163,10415,1.243881736079654e+01,-4.433861891825764e-02,0.000000000000000e+00,1.875998004823971e+00,9.476975783115885e-01,-7.214295314183539e-03,0.000000000000000e+00,1.330320146459671e+00,5.105904195097706e+00,1,1.049999985843897e-02,5.200999975204468e-01,1.049999985843897e-02,5.000000000000000e-01
6.946294199267653e-01,1.126426098376588e+00,168,10420,1.243214282967486e+01,-4.889073569790308e-02,0.000000000000000e+00,1.875971187214346e+00,9.477072078717246e-01,-7.407386528705278e-03,0.000000000000000e+00,1.330302658601213e+00,5.105853006903362e+00,1,1.075000036507845e-02,5.200999975204468e-01,1.075000036507845e-02,5.000000000000000e-01
6.946423843139813e-01,1.126212123245360e+00,173,10425,1.242546832341770e+01,-5.344283551962632e-02,0.000000000000000e+00,1.875944369704624e+00,9.477168373959880e-01,-7.600477023907642e-03,0.000000000000000e+00,1.330285170807903e+00,5.105801818899710e+00,1,1.099999994039536e-02,5.200999975204468e-01,1.099999994039536e-02,5.000000000000000e-01
6.946553487494932e-01,1.125998147317011e+00,178,10430,1.241879379229602e+01,-5.799495229927180e-02,0.000000000000000e+00,1.875917552094999e+00,9.477264669561241e-01,-7.793568238429381e-03,0.000000000000000e+00,1.330267682949446e+00,5.105750630705366e+00,1,1.125000044703484e-02,5.200999975204468e-01,1.125000044703484e-02,5.000000000000000e-01
6.946683131367092e-01,1.125784172185784e+00,183,10435,1.241211928603886e+01,-6.254705212099516e-02,0.000000000000000e+00,1.875890734585278e+00,9.477360964803874e-01,-7.986658733631751e-03,0.000000000000000e+00,1.330250195156135e+00,5.105699442701713e+00,1,1.150000002235174e-02,5.200999975204468e-01,1.150000002235174e-02,5.000000000000000e-01
6.946812775239251e-01,1.125570197054556e+00,188,10440,1.240544477978170e+01,-6.709915194271845e-02,0.000000000000000e+00,1.875863917075556e+00,9.477457260046507e-01,-8.179749228834117e-03,0.000000000000000e+00,1.330232707362825e+00,5.105648254698059e+00,1,1.174999959766865e-02,5.200999975204468e-01,1.174999959766865e-02,5.000000000000000e-01
6.946942419594373e-01,1.125356221126207e+00,193,10445,1.239877024866002e+01,-7.165126872236384e-02,0.000000000000000e+00,1.875837099465931e+00,9.477553555647871e-01,-8.372840443355853e-03,0.000000000000000e+00,1.330215219504368e+00,5.105597066503715e+00,1,1.200000010430813e-02,5.200999975204468e-01,1.200000010430813e-02,5.000000000000000e-01
6.947072063466527e-01,1.125142245994974e+00,198,10450,1.239209574240276e+01,-7.620336854408909e-02,0.000000000000000e+00,1.875810281956210e+00,9.477649850890502e-01,-8.565930938558208e-03,0.000000000000000e+00,1.330197731711058e+00,5.105545878500062e+00,1,1.224999967962503e-02,5.200999975204468e-01,1.224999967962503e-02,5.000000000000000e-01
6.947201707821656e-01,1.124928270066636e+00,203,10455,1.238542121128128e+01,-8.075548532373081e-02,0.000000000000000e+00,1.875783464346583e+00,9.477746146491870e-01,-8.759022153079976e-03,0.000000000000000e+00,1.330180243852600e+00,5.105494690305718e+00,1,1.250000018626451e-02,5.200999975204468e-01,1.250000018626451e-02,5.000000000000000e-01
6.947331351693813e-01,1.124714294935403e+00,208,10460,1.237874670502402e+01,-8.530758514545597e-02,0.000000000000000e+00,1.875756646836862e+00,9.477842441734501e-01,-8.952112648282325e-03,0.000000000000000e+00,1.330162756059290e+00,5.105443502302065e+00,1,1.274999976158142e-02,5.200999975204468e-01,1.274999976158142e-02,5.000000000000000e-01
6.947460996048934e-01,1.124500319007054e+00,213,10465,1.237207217390234e+01,-8.985970192510143e-02,0.000000000000000e+00,1.875729829227237e+00,9.477938737335861e-01,-9.145203862804065e-03,0.000000000000000e+00,1.330145268200833e+00,5.105392314107721e+00,1,1.300000026822090e-02,5.200999975204468e-01,1.300000026822090e-02,5.000000000000000e-01
6.947590639921093e-01,1.124286343875826e+00,218,10470,1.236539766764518e+01,-9.441180174682476e-02,0.000000000000000e+00,1.875703011717516e+00,9.478035032578496e-01,-9.338294358006431e-03,0.000000000000000e+00,1.330127780407523e+00,5.105341126104068e+00,1,1.324999984353781e-02,5.200999975204468e-01,1.324999984353781e-02,5.000000000000000e-01
6.947720284276214e-01,1.124072367947478e+00,223,10475,1.235872313652350e+01,-9.896391852647023e-02,0.000000000000000e+00,1.875676194107891e+00,9.478131328179857e-01,-9.531385572528169e-03,0.000000000000000e+00,1.330110292549066e+00,5.105289937909725e+00,1,1.350000035017729e-02,5.200999975204468e-01,1.350000035017729e-02,5.000000000000000e-01
6.947849928148373e-01,1.123858392816250e+00,228,10480,1.235204863026634e+01,-1.035160183481935e-01,0.000000000000000e+00,1.875649376598169e+00,9.478227623422490e-01,-9.724476067730534e-03,0.000000000000000e+00,1.330092804755755e+00,5.105238749906071e+00,1,1.374999992549419e-02,5.200999975204468e-01,1.374999992549419e-02,5.000000000000000e-01
6.947979572503493e-01,1.123644416887901e+00,233,10485,1.234537409914466e+01,-1.080681351278390e-01,0.000000000000000e+00,1.875622558988544e+00,9.478323919023852e-01,-9.917567282252272e-03,0.000000000000000e+00,1.330075316897298e+00,5.105187561711726e+00,1,1.400000043213367e-02,5.200999975204468e-01,1.400000043213367e-02,5.000000000000000e-01
6.948109216375653e-01,1.123430441756673e+00,238,10490,1.233869959288750e+01,-1.126202349495623e-01,0.000000000000000e+00,1.875595741478822e+00,9.478420214266488e-01,-1.011065777745464e-02,0.000000000000000e+00,1.330057829103988e+00,5.105136373708074e+00,1,1.425000000745058e-02,5.200999975204468e-01,1.425000000745058e-02,5.000000000000000e-01
6.948238860247813e-01,1.123216466625445e+00,243,10495,1.233202508663034e+01,-1.171723347712857e-01,0.000000000000000e+00,1.875568923969100e+00,9.478516509509121e-01,-1.030374827265701e-02,0.000000000000000e+00,1.330040341310678e+00,5.105085185704421e+00,1,1.449999958276749e-02,5.200999975204468e-01,1.449999958276749e-02,5.000000000000000e-01
6.948368504602929e-01,1.123002490697091e+00,248,10500,1.232535055550856e+01,-1.217244515509332e-01,0.000000000000000e+00,1.875542106359476e+00,9.478612805110478e-01,-1.049683948717873e-02,0.000000000000000e+00,1.330022853452220e+00,5.105033997510077e+00,1,1.475000008940697e-02,5.200999975204468e-01,1.475000008940697e-02,5.000000000000000e-01
6.948498148475092e-01,1.122788515565869e+00,253,10505,1.231867604925150e+01,-1.262765513726546e-01,0.000000000000000e+00,1.875515288849754e+00,9.478709100353117e-01,-1.068992998238111e-02,0.000000000000000e+00,1.330005365658910e+00,5.104982809506424e+00,1,1.499999966472387e-02,5.200999975204468e-01,1.499999966472387e-02,5.000000000000000e-01
6.948627792830212e-01,1.122574539637520e+00,258,10510,1.231200151812982e+01,-1.308286681523000e-01,0.000000000000000e+00,1.875488471240129e+00,9.478805395954477e-01,-1.088302119690285e-02,0.000000000000000e+00,1.329987877800453e+00,5.104931621312080e+00,1,1.525000017136335e-02,5.200999975204468e-01,1.525000017136335e-02,5.000000000000000e-01
6.948757436702373e-01,1.122360564506292e+00,263,10515,1.230532701187266e+01,-1.353807679740233e-01,0.000000000000000e+00,1.875461653730407e+00,9.478901691197110e-01,-1.107611169210521e-02,0.000000000000000e+00,1.329970390007142e+00,5.104880433308427e+00,1,1.549999974668026e-02,5.200999975204468e-01,1.549999974668026e-02,5.000000000000000e-01
6.948887081057493e-01,1.122146588577943e+00,268,10520,1.229865248075098e+01,-1.399328847536688e-01,0.000000000000000e+00,1.875434836120782e+00,9.478997986798472e-01,-1.126920290662695e-02,0.000000000000000e+00,1.329952902148685e+00,5.104829245114082e+00,1,1.575000025331974e-02,5.200999975204468e-01,1.575000025331974e-02,5.000000000000000e-01
6.949016725412616e-01,1.121932612649595e+00,273,10525,1.229197794962931e+01,-1.444850015333142e-01,0.000000000000000e+00,1.875408018511157e+00,9.479094282399836e-01,-1.146229412114869e-02,0.000000000000000e+00,1.329935414290228e+00,5.104778056919740e+00,1,1.600000075995922e-02,5.200999975204468e-01,1.600000075995922e-02,5.000000000000000e-01
6.949146368801811e-01,1.121718638315488e+00,278,10530,1.228530346823666e+01,-1.490370843971155e-01,0.000000000000000e+00,1.875381201101338e+00,9.479190577283739e-01,-1.165538389703168e-02,0.000000000000000e+00,1.329917926562065e+00,5.104726869106775e+00,1,1.624999940395355e-02,5.200999975204468e-01,1.624999940395355e-02,5.000000000000000e-01
6.949276013156934e-01,1.121504662387139e+00,283,10535,1.227862893711498e+01,-1.535892011767610e-01,0.000000000000000e+00,1.875354383491714e+00,9.479286872885102e-01,-1.184847511155342e-02,0.000000000000000e+00,1.329900438703608e+00,5.104675680912433e+00,1,1.649999991059303e-02,5.200999975204468e-01,1.649999991059303e-02,5.000000000000000e-01
6.949405657512053e-01,1.121290686458790e+00,288,10540,1.227195440599330e+01,-1.581413179564064e-01,0.000000000000000e+00,1.875327565882089e+00,9.479383168486464e-01,-1.204156632607516e-02,0.000000000000000e+00,1.329882950845150e+00,5.104624492718088e+00,1,1.675000041723251e-02,5.200999975204468e-01,1.675000041723251e-02,5.000000000000000e-01
6.949535301867176e-01,1.121076710530442e+00,293,10545,1.226527987487163e+01,-1.626934347360519e-01,0.000000000000000e+00,1.875300748272464e+00,9.479479464087825e-01,-1.223465754059689e-02,0.000000000000000e+00,1.329865462986693e+00,5.104573304523745e+00,1,1.700000092387199e-02,5.200999975204468e-01,1.700000092387199e-02,5.000000000000000e-01
6.949664945256373e-01,1.120862736196335e+00,298,10550,1.225860539347898e+01,-1.672455175998532e-01,0.000000000000000e+00,1.875273930862645e+00,9.479575758971729e-01,-1.242774731647989e-02,0.000000000000000e+00,1.329847975258530e+00,5.104522116710782e+00,1,1.724999956786633e-02,5.200999975204468e-01,1.724999956786633e-02,5.000000000000000e-01
6.949794589611494e-01,1.120648760267986e+00,303,10555,1.225193086235730e+01,-1.717976343794987e-01,0.000000000000000e+00,1.875247113253020e+00,9.479672054573094e-01,-1.262083853100163e-02,0.000000000000000e+00,1.329830487400073e+00,5.104470928516439e+00,1,1.750000007450581e-02,5.200999975204468e-01,1.750000007450581e-02,5.000000000000000e-01
6.949924233966615e-01,1.120434784339637e+00,308,10560,1.224525633123562e+01,-1.763497511591441e-01,0.000000000000000e+00,1.875220295643395e+00,9.479768350174453e-01,-1.281392974552336e-02,0.000000000000000e+00,1.329812999541615e+00,5.104419740322094e+00,1,1.775000058114529e-02,5.200999975204468e-01,1.775000058114529e-02,5.000000000000000e-01
6.950053877355812e-01,1.120220810005530e+00,313,10565,1.223858184984298e+01,-1.809018340229455e-01,0.000000000000000e+00,1.875193478233577e+00,9.479864645058360e-01,-1.300701952140636e-02,0.000000000000000e+00,1.329795511813452e+00,5.104368552509133e+00,1,1.799999922513962e-02,5.200999975204468e-01,1.799999922513962e-02,5.000000000000000e-01
6.950183521710933e-01,1.120006834077182e+00,318,10570,1.223190731872130e+01,-1.854539508025909e-01,0.000000000000000e+00,1.875166660623952e+00,9.479960940659722e-01,-1.320011073592810e-02,0.000000000000000e+00,1.329778023954995e+00,5.104317364314788e+00,1,1.824999973177910e-02,5.200999975204468e-01,1.824999973177910e-02,5.000000000000000e-01
6.950313166066059e-01,1.119792858148838e+00,323,10575,1.222523278759972e+01,-1.900060675822341e-01,0.000000000000000e+00,1.875139843014326e+00,9.480057236261090e-01,-1.339320195044986e-02,0.000000000000000e+00,1.329760536096538e+00,5.104266176120445e+00,1,1.850000023841858e-02,5.200999975204468e-01,1.850000023841858e-02,5.000000000000000e-01
6.950442810421175e-01,1.119578882220484e+00,328,10580,1.221855825647794e+01,-1.945581843618818e-01,0.000000000000000e+00,1.875113025404701e+00,9.480153531862445e-01,-1.358629316497157e-02,0.000000000000000e+00,1.329743048238080e+00,5.104214987926101e+00,1,1.875000074505806e-02,5.200999975204468e-01,1.875000074505806e-02,5.000000000000000e-01
6.950572453810373e-01,1.119364907886377e+00,333,10585,1.221188377508530e+01,-1.991102672256831e-01,0.000000000000000e+00,1.875086207994883e+00,9.480249826746352e-01,-1.377938294085457e-02,0.000000000000000e+00,1.329725560509917e+00,5.104163800113138e+00,1,1.899999938905239e-02,5.200999975204468e-01,1.899999938905239e-02,5.000000000000000e-01
6.950702098165493e-01,1.119150931958028e+00,338,10590,1.220520924396362e+01,-2.036623840053286e-01,0.000000000000000e+00,1.875059390385258e+00,9.480346122347711e-01,-1.397247415537630e-02,0.000000000000000e+00,1.329708072651460e+00,5.104112611918795e+00,1,1.924999989569187e-02,5.200999975204468e-01,1.924999989569187e-02,5.000000000000000e-01
6.950831742520616e-01,1.118936956029680e+00,343,10595,1.219853471284194e+01,-2.082145007849741e-01,0.000000000000000e+00,1.875032572775633e+00,9.480442417949075e-01,-1.416556536989804e-02,0.000000000000000e+00,1.329690584793003e+00,5.104061423724451e+00,1,1.950000040233135e-02,5.200999975204468e-01,1.950000040233135e-02,5.000000000000000e-01
6.950961386875736e-01,1.118722980101331e+00,348,10600,1.219186018172027e+01,-2.127666175646196e-01,0.000000000000000e+00,1.875005755166008e+00,9.480538713550437e-01,-1.435865658441978e-02,0.000000000000000e+00,1.329673096934545e+00,5.104010235530107e+00,1,1.975000090897083e-02,5.200999975204468e-01,1.975000090897083e-02,5.000000000000000e-01
6.951091030264933e-01,1.118509005767224e+00,353,10606,1.218518570032762e+01,-2.173187004284209e-01,0.000000000000000e+00,1.874978937756190e+00,9.480635008434343e-01,-1.455174636030277e-02,0.000000000000000e+00,1.329655609206382e+00,5.103959047717145e+00,1,1.999999955296516e-02,5.200999975204468e-01,1.999999955296516e-02,5.000000000000000e-01
6.951715268434623e-01,1.118192729458769e+00,358,10611,1.217554087478483e+01,-2.214955824218542e-01,0.000000000000000e+00,1.874897095889718e+00,9.481300608466749e-01,-1.472134972800272e-02,0.000000000000000e+00,1.329611921872682e+00,5.103871378300270e+00,1,2.025000005960464e-02,5.200999975204468e-01,2.025000005960464e-02,5.000000000000000e-01
6.952339507488727e-01,1.117876452967401e+00,363,10616,1.216589604393103e+01,-2.256724637443084e-01,0.000000000000000e+00,1.874815253924853e+00,9.481966209517164e-01,-1.489095305370322e-02,0.000000000000000e+00,1.329568234492132e+00,5.103783708818162e+00,1,2.050000056624413e-02,5.200999975204468e-01,2.050000056624413e-02,5.000000000000000e-01
6.952963741891884e-01,1.117560178832458e+00,368,10621,1.215625128493638e+01,-2.298493139466420e-01,0.000000000000000e+00,1.874733412569758e+00,9.482631805608464e-01,-1.506055511576295e-02,0.000000000000000e+00,1.329524547437079e+00,5.103696039989241e+00,1,2.074999921023846e-02,5.200999975204468e-01,2.074999921023846e-02,5.000000000000000e-01
6.953587980945980e-01,1.117243902341081e+00,373,10626,1.214660645408238e+01,-2.340261952691009e-01,0.000000000000000e+00,1.874651570604895e+00,9.483297406658872e-01,-1.523015844146339e-02,0.000000000000000e+00,1.329480860056530e+00,5.103608370507134e+00,1,2.099999971687794e-02,5.200999975204468e-01,2.099999971687794e-02,5.000000000000000e-01
6.954212220000077e-01,1.116927625849703e+00,378,10631,1.213696162322839e+01,-2.382030765915598e-01,0.000000000000000e+00,1.874569728640031e+00,9.483963007709280e-01,-1.539976176716383e-02,0.000000000000000e+00,1.329437172675981e+00,5.103520701025025e+00,1,2.125000022351742e-02,5.200999975204468e-01,2.125000022351742e-02,5.000000000000000e-01
6.954836459054169e-01,1.116611349358321e+00,383,10636,1.212731679237429e+01,-2.423799579140215e-01,0.000000000000000e+00,1.874487886675169e+00,9.484628608759682e-01,-1.556936509286424e-02,0.000000000000000e+00,1.329393485295432e+00,5.103433031542918e+00,1,2.150000073015690e-02,5.200999975204468e-01,2.150000073015690e-02,5.000000000000000e-01
6.955460693457334e-01,1.116295075223387e+00,388,10641,1.211767203337984e+01,-2.465568081163501e-01,0.000000000000000e+00,1.874406045320073e+00,9.485294204850989e-01,-1.573896715492403e-02,0.000000000000000e+00,1.329349798240379e+00,5.103345362713998e+00,1,2.174999937415123e-02,5.200999975204468e-01,2.174999937415123e-02,5.000000000000000e-01
6.956084932511432e-01,1.115978798732010e+00,393,10646,1.210802720252584e+01,-2.507336894388090e-01,0.000000000000000e+00,1.874324203355210e+00,9.485959805901398e-01,-1.590857048062447e-02,0.000000000000000e+00,1.329306110859830e+00,5.103257693231890e+00,1,2.199999988079071e-02,5.200999975204468e-01,2.199999988079071e-02,5.000000000000000e-01
6.956709171565528e-01,1.115662522240632e+00,398,10651,1.209838237167185e+01,-2.549105707612681e-01,0.000000000000000e+00,1.874242361390346e+00,9.486625406951804e-01,-1.607817380632491e-02,0.000000000000000e+00,1.329262423479281e+00,5.103170023749781e+00,1,2.225000038743019e-02,5.200999975204468e-01,2.225000038743019e-02,5.000000000000000e-01
6.957333410619622e-01,1.115346245749250e+00,403,10656,1.208873754081776e+01,-2.590874520837297e-01,0.000000000000000e+00,1.874160519425483e+00,9.487291008002207e-01,-1.624777713202532e-02,0.000000000000000e+00,1.329218736098732e+00,5.103082354267675e+00,1,2.250000089406967e-02,5.200999975204468e-01,2.250000089406967e-02,5.000000000000000e-01
6.957957645022781e-01,1.115029971614311e+00,408,10661,1.207909278182321e+01,-2.632643022860608e-01,0.000000000000000e+00,1.874078678070388e+00,9.487956604093508e-01,-1.641737919408508e-02,0.000000000000000e+00,1.329175049043679e+00,5.102994685438754e+00,1,2.274999953806400e-02,5.200999975204468e-01,2.274999953806400e-02,5.000000000000000e-01
6.958581884076879e-01,1.114713695122934e+00,413,10666,1.206944795096921e+01,-2.674411836085199e-01,0.000000000000000e+00,1.873996836105525e+00,9.488622205143917e-01,-1.658698251978553e-02,0.000000000000000e+00,1.329131361663130e+00,5.102907015956647e+00,1,2.300000004470348e-02,5.200999975204468e-01,2.300000004470348e-02,5.000000000000000e-01
6.959206123130982e-01,1.114397418631567e+00,418,10671,1.205980312011540e+01,-2.716180649309734e-01,0.000000000000000e+00,1.873914994140660e+00,9.489287806194334e-01,-1.675658584548603e-02,0.000000000000000e+00,1.329087674282580e+00,5.102819346474539e+00,1,2.325000055134296e-02,5.200999975204468e-01,2.325000055134296e-02,5.000000000000000e-01
6.959830357534136e-01,1.114081144496618e+00,423,10676,1.205015836112067e+01,-2.757949151333100e-01,0.000000000000000e+00,1.873833152785566e+00,9.489953402285629e-01,-1.692618790754572e-02,0.000000000000000e+00,1.329043987227527e+00,5.102731677645618e+00,1,2.349999919533730e-02,5.200999975204468e-01,2.349999919533730e-02,5.000000000000000e-01
6.960454596588233e-01,1.113764868005241e+00,428,10681,1.204051353026667e+01,-2.799717964557691e-01,0.000000000000000e+00,1.873751310820702e+00,9.490619003336036e-01,-1.709579123324616e-02,0.000000000000000e+00,1.329000299846978e+00,5.102644008163509e+00,1,2.374999970197678e-02,5.200999975204468e-01,2.374999970197678e-02,5.000000000000000e-01
6.961078835642329e-01,1.113448591513864e+00,433,10686,1.203086869941268e+01,-2.841486777782281e-01,0.000000000000000e+00,1.873669468855839e+00,9.491284604386444e-01,-1.726539455894661e-02,0.000000000000000e+00,1.328956612466429e+00,5.102556338681403e+00,1,2.400000020861626e-02,5.200999975204468e-01,2.400000020861626e-02,5.000000000000000e-01
6.961703074696428e-01,1.113132315022491e+00,438,10691,1.202122386855877e+01,-2.883255591006841e-01,0.000000000000000e+00,1.873587626890975e+00,9.491950205436854e-01,-1.743499788464708e-02,0.000000000000000e+00,1.328912925085880e+00,5.102468669199295e+00,1,2.425000071525574e-02,5.200999975204468e-01,2.425000071525574e-02,5.000000000000000e-01
6.962327309099587e-01,1.112816040887548e+00,443,10696,1.201157910956413e+01,-2.925024093030182e-01,0.000000000000000e+00,1.873505785535881e+00,9.492615801528153e-01,-1.760459994670680e-02,0.000000000000000e+00,1.328869238030827e+00,5.102381000370375e+00,1,2.449999935925007e-02,5.200999975204468e-01,2.449999935925007e-02,5.000000000000000e-01
6.962951548153683e-01,1.112499764396170e+00,448,10701,1.200193427871013e+01,-2.966792906254773e-01,0.000000000000000e+00,1.873423943571017e+00,9.493281402578559e-01,-1.777420327240724e-02,0.000000000000000e+00,1.328825550650278e+00,5.102293330888266e+00,1,2.474999986588955e-02,5.200999975204468e-01,2.474999986588955e-02,5.000000000000000e-01
6.963575787207779e-01,1.112183487904793e+00,453,10706,1.199228944785613e+01,-3.008561719479362e-01,0.000000000000000e+00,1.873342101606154e+00,9.493947003628969e-01,-1.794380659810768e-02,0.000000000000000e+00,1.328781863269729e+00,5.102205661406158e+00,1,2.500000037252903e-02,5.200999975204468e-01,2.500000037252903e-02,5.000000000000000e-01
6.964200026261880e-01,1.111867211413420e+00,458,10711,1.198264461700223e+01,-3.050330532703923e-01,0.000000000000000e+00,1.873260259641290e+00,9.494612604679380e-01,-1.811340992380817e-02,0.000000000000000e+00,1.328738175889180e+00,5.102117991924051e+00,1,2.525000087916851e-02,5.200999975204468e-01,2.525000087916851e-02,5.000000000000000e-01
6.964824260665046e-01,1.111550937278487e+00,463,10716,1.197299985800777e+01,-3.092099034727204e-01,0.000000000000000e+00,1.873178418286194e+00,9.495278200770687e-01,-1.828301198586795e-02,0.000000000000000e+00,1.328694488834126e+00,5.102030323095129e+00,1,2.549999952316284e-02,5.200999975204468e-01,2.549999952316284e-02,5.000000000000000e-01
6.965448499719133e-01,1.111234660787099e+00,468,10721,1.196335502715359e+01,-3.133867847951853e-01,0.000000000000000e+00,1.873096576321331e+00,9.495943801821085e-01,-1.845261531156833e-02,0.000000000000000e+00,1.328650801453577e+00,5.101942653613023e+00,1,2.575000002980232e-02,5.200999975204468e-01,2.575000002980232e-02,5.000000000000000e-01
6.966072738773230e-01,1.110918384295722e+00,473,10726,1.195371019629960e+01,-3.175636661176443e-01,0.000000000000000e+00,1.873014734356468e+00,9.496609402871494e-01,-1.862221863726877e-02,0.000000000000000e+00,1.328607114073028e+00,5.101854984130915e+00,1,2.600000053644180e-02,5.200999975204468e-01,2.600000053644180e-02,5.000000000000000e-01
6.966696973176392e-01,1.110602110160783e+00,478,10731,1.194406543730504e+01,-3.217405163199754e-01,0.000000000000000e+00,1.872932893001373e+00,9.497274998962796e-01,-1.879182069932852e-02,0.000000000000000e+00,1.328563427017975e+00,5.101767315301994e+00,1,2.624999918043613e-02,5.200999975204468e-01,2.624999918043613e-02,5.000000000000000e-01
6.967321212230488e-01,1.110285833669406e+00,483,10736,1.193442060645105e+01,-3.259173976424343e-01,0.000000000000000e+00,1.872851051036510e+00,9.497940600013204e-01,-1.896142402502896e-02,0.000000000000000e+00,1.328519739637426e+00,5.101679645819886e+00,1,2.649999968707561e-02,5.200999975204468e-01,2.649999968707561e-02,5.000000000000000e-01
6.967945451284585e-01,1.109969557178029e+00,488,10741,1.192477577559705e+01,-3.300942789648934e-01,0.000000000000000e+00,1.872769209071646e+00,9.498606201063611e-01,-1.913102735072941e-02,0.000000000000000e+00,1.328476052256877e+00,5.101591976337779e+00,1,2.675000019371510e-02,5.200999975204468e-01,2.675000019371510e-02,5.000000000000000e-01
6.968569690338684e-01,1.109653280686656e+00,493,10746,1.191513094474315e+01,-3.342711602873493e-01,0.000000000000000e+00,1.872687367106782e+00,9.499271802114024e-01,-1.930063067642988e-02,0.000000000000000e+00,1.328432364876328e+00,5.101504306855671e+00,1,2.700000070035458e-02,5.200999975204468e-01,2.700000070035458e-02,5.000000000000000e-01
6.969193924741842e-01,1.109337006551713e+00,498,10751,1.190548618574850e+01,-3.384480104896835e-01,0.000000000000000e+00,1.872605525751688e+00,9.499937398205320e-01,-1.947023273848960e-02,0.000000000000000e+00,1.328388677821275e+00,5.101416638026751e+00,1,2.724999934434891e-02,5.200999975204468e-01,2.724999934434891e-02,5.000000000000000e-01
6.969818163795938e-01,1.109020730060335e+00,503,10756,1.189584135489451e+01,-3.426248918121426e-01,0.000000000000000e+00,1.872523683786824e+00,9.500602999255729e-01,-1.963983606419005e-02,0.000000000000000e+00,1.328344990440726e+00,5.101328968544642e+00,1,2.749999985098839e-02,5.200999975204468e-01,2.749999985098839e-02,5.000000000000000e-01
6.970442402850034e-01,1.108704453568958e+00,508,10761,1.188619652404051e+01,-3.468017731346016e-01,0.000000000000000e+00,1.872441841821960e+00,9.501268600306136e-01,-1.980943938989049e-02,0.000000000000000e+00,1.328301303060176e+00,5.101241299062535e+00,1,2.775000035762787e-02,5.200999975204468e-01,2.775000035762787e-02,5.000000000000000e-01
6.971066641904131e-01,1.108388177077581e+00,513,10766,1.187655169318652e+01,-3.509786544570607e-01,0.000000000000000e+00,1.872359999857097e+00,9.501934201356543e-01,-1.997904271559094e-02,0.000000000000000e+00,1.328257615679628e+00,5.101153629580427e+00,1,2.800000086426735e-02,5.200999975204468e-01,2.800000086426735e-02,5.000000000000000e-01
6.971690876307295e-01,1.108071902942642e+00,518,10771,1.186690693419197e+01,-3.551555046593916e-01,0.000000000000000e+00,1.872278158502002e+00,9.502599797447848e-01,-2.014864477765069e-02,0.000000000000000e+00,1.328213928624574e+00,5.101065960751507e+00,1,2.824999950826168e-02,5.200999975204468e-01,2.824999950826168e-02,5.000000000000000e-01
6.972315115361389e-01,1.107755626451264e+00,523,10776,1.185726210333797e+01,-3.593323859818506e-01,0.000000000000000e+00,1.872196316537138e+00,9.503265398498253e-01,-2.031824810335113e-02,0.000000000000000e+00,1.328170241244025e+00,5.100978291269399e+00,1,2.850000001490116e-02,5.200999975204468e-01,2.850000001490116e-02,5.000000000000000e-01
6.972939354415485e-01,1.107439349959887e+00,528,10781,1.184761727248397e+01,-3.635092673043095e-01,0.000000000000000e+00,1.872114474572275e+00,9.503930999548660e-01,-2.048785142905157e-02,0.000000000000000e+00,1.328126553863477e+00,5.100890621787291e+00,1,2.875000052154064e-02,5.200999975204468e-01,2.875000052154064e-02,5.000000000000000e-01
6.973563588818652e-01,1.107123075824954e+00,533,10786,1.183797251348951e+01,-3.676861175066375e-01,0.000000000000000e+00,1.872032633217179e+00,9.504596595639969e-01,-2.065745349111137e-02,0.000000000000000e+00,1.328082866808423e+00,5.100802952958372e+00,1,2.899999916553497e-02,5.200999975204468e-01,2.899999916553497e-02,5.000000000000000e-01
6.974187827872744e-01,1.106806799333571e+00,538,10791,1.182832768263543e+01,-3.718629988290997e-01,0.000000000000000e+00,1.871950791252317e+00,9.505262196690372e-01,-2.082705681681177e-02,0.000000000000000e+00,1.328039179427874e+00,5.100715283476262e+00,1,2.924999967217445e-02,5.200999975204468e-01,2.924999967217445e-02,5.000000000000000e-01
6.974812066926840e-01,1.106490522842194e+00,543,10796,1.181868285178143e+01,-3.760398801515586e-01,0.000000000000000e+00,1.871868949287453e+00,9.505927797740779e-01,-2.099666014251221e-02,0.000000000000000e+00,1.327995492047325e+00,5.100627613994154e+00,1,2.950000017881393e-02,5.200999975204468e-01,2.950000017881393e-02,5.000000000000000e-01
6.975436305980932e-01,1.106174246350812e+00,548,10801,1.180903802092734e+01,-3.802167614740211e-01,0.000000000000000e+00,1.871787107322590e+00,9.506593398791181e-01,-2.116626346821262e-02,0.000000000000000e+00,1.327951804666776e+00,5.100539944512047e+00,1,2.975000068545341e-02,5.200999975204468e-01,2.975000068545341e-02,5.000000000000000e-01
6.976060540384097e-01,1.105857972215878e+00,553,10807,1.179939326193288e+01,-3.843936116763488e-01,0.000000000000000e+00,1.871705265967494e+00,9.507258994882488e-01,-2.133586553027241e-02,0.000000000000000e+00,1.327908117611722e+00,5.100452275683127e+00,1,2.999999932944775e-02,5.200999975204468e-01,2.999999932944775e-02,5.000000000000000e-01
6.976834582382578e-01,1.105386519397405e+00,558,10812,1.178561957116306e+01,-3.871110652527273e-01,0.000000000000000e+00,1.871594910807900e+00,9.508087630815545e-01,-2.150509268943879e-02,0.000000000000000e+00,1.327856170581040e+00,5.100352151449646e+00,1,3.024999983608723e-02,5.200999975204468e-01,3.024999983608723e-02,5.000000000000000e-01
6.977608624782866e-01,1.104915066162721e+00,563,10817,1.177184586931884e+01,-3.898285149146096e-01,0.000000000000000e+00,1.871484555571825e+00,9.508916267185898e-01,-2.167431984759625e-02,0.000000000000000e+00,1.327804223528204e+00,5.100252027182757e+00,1,3.050000034272671e-02,5.200999975204468e-01,3.050000034272671e-02,5.000000000000000e-01
6.978382667183153e-01,1.104443612928036e+00,568,10822,1.175807216747463e+01,-3.925459645764919e-01,0.000000000000000e+00,1.871374200335751e+00,9.509744903556252e-01,-2.184354700575371e-02,0.000000000000000e+00,1.327752276475367e+00,5.100151902915868e+00,1,3.075000084936619e-02,5.200999975204468e-01,3.075000084936619e-02,5.000000000000000e-01
6.979156703816386e-01,1.103972163205945e+00,573,10827,1.174429856825228e+01,-3.952633939918375e-01,0.000000000000000e+00,1.871263845921886e+00,9.510573533752793e-01,-2.201277290307314e-02,0.000000000000000e+00,1.327700329809565e+00,5.100051779394962e+00,1,3.099999949336052e-02,5.200999975204468e-01,3.099999949336052e-02,5.000000000000000e-01
6.979930746216673e-01,1.103500709971261e+00,578,10832,1.173052486640807e+01,-3.979808436537197e-01,0.000000000000000e+00,1.871153490685812e+00,9.511402170123145e-01,-2.218200006123060e-02,0.000000000000000e+00,1.327648382756728e+00,5.099951655128073e+00,1,3.125000000000000e-02,5.200999975204468e-01,3.125000000000000e-02,5.000000000000000e-01
6.980704788616963e-01,1.103029256736582e+00,583,10837,1.171675116456395e+01,-4.006982933155984e-01,0.000000000000000e+00,1.871043135449737e+00,9.512230806493502e-01,-2.235122721938809e-02,0.000000000000000e+00,1.327596435703891e+00,5.099851530861184e+00,1,3.150000050663948e-02,5.200999975204468e-01,3.150000050663948e-02,5.000000000000000e-01
6.981478831017247e-01,1.102557803501893e+00,588,10842,1.170297746271965e+01,-4.034157429774843e-01,0.000000000000000e+00,1.870932780213663e+00,9.513059442863853e-01,-2.252045437754551e-02,0.000000000000000e+00,1.327544488651055e+00,5.099751406594297e+00,1,3.175000101327896e-02,5.200999975204468e-01,3.175000101327896e-02,5.000000000000000e-01
6.982252873417538e-01,1.102086350267214e+00,593,10847,1.168920376087553e+01,-4.061331926393630e-01,0.000000000000000e+00,1.870822424977589e+00,9.513888079234212e-01,-2.268968153570302e-02,0.000000000000000e+00,1.327492541598219e+00,5.099651282327409e+00,1,3.200000151991844e-02,5.200999975204468e-01,3.200000151991844e-02,5.000000000000000e-01
6.983026904283721e-01,1.101614904057721e+00,598,10852,1.167543026427514e+01,-4.088506018081681e-01,0.000000000000000e+00,1.870712071385932e+00,9.514716703256949e-01,-2.285890617218446e-02,0.000000000000000e+00,1.327440595319452e+00,5.099551159552484e+00,1,3.224999830126762e-02,5.200999975204468e-01,3.224999830126762e-02,5.000000000000000e-01
6.983800946684005e-01,1.101143450823032e+00,603,10857,1.166165656243084e+01,-4.115680514700540e-01,0.000000000000000e+00,1.870601716149858e+00,9.515545339627297e-01,-2.302813333034188e-02,0.000000000000000e+00,1.327388648266615e+00,5.099451035285597e+00,1,3.249999880790710e-02,5.200999975204468e-01,3.249999880790710e-02,5.000000000000000e-01
6.984574989084291e-01,1.100671997588348e+00,608,10862,1.164788286058663e+01,-4.142855011319362e-01,0.000000000000000e+00,1.870491360913784e+00,9.516373975997650e-01,-2.319736048849934e-02,0.000000000000000e+00,1.327336701213778e+00,5.099350911018709e+00,1,3.274999931454659e-02,5.200999975204468e-01,3.274999931454659e-02,5.000000000000000e-01
6.985349031484579e-01,1.100200544353664e+00,613,10867,1.163410915874241e+01,-4.170029507938185e-01,0.000000000000000e+00,1.870381005677710e+00,9.517202612368003e-01,-2.336658764665680e-02,0.000000000000000e+00,1.327284754160942e+00,5.099250786751821e+00,1,3.299999982118607e-02,5.200999975204468e-01,3.299999982118607e-02,5.000000000000000e-01
6.986123073884871e-01,1.099729091118984e+00,618,10872,1.162033545689829e+01,-4.197204004556968e-01,0.000000000000000e+00,1.870270650441635e+00,9.518031248738360e-01,-2.353581480481429e-02,0.000000000000000e+00,1.327232807108105e+00,5.099150662484930e+00,1,3.325000032782555e-02,5.200999975204468e-01,3.325000032782555e-02,5.000000000000000e-01
6.986897116285152e-01,1.099257637884295e+00,623,10877,1.160656175505399e+01,-4.224378501175829e-01,0.000000000000000e+00,1.870160295205561e+00,9.518859885108708e-01,-2.370504196297171e-02,0.000000000000000e+00,1.327180860055269e+00,5.099050538218044e+00,1,3.350000083446503e-02,5.200999975204468e-01,3.350000083446503e-02,5.000000000000000e-01
6.987671158685440e-01,1.098786184649611e+00,628,10882,1.159278805320978e+01,-4.251552997794653e-01,0.000000000000000e+00,1.870049939969487e+00,9.519688521479061e-01,-2.387426912112917e-02,0.000000000000000e+00,1.327128913002432e+00,5.098950413951155e+00,1,3.375000134110451e-02,5.200999975204468e-01,3.375000134110451e-02,5.000000000000000e-01
6.988445201085728e-01,1.098314731414927e+00,633,10887,1.157901435136557e+01,-4.278727494413473e-01,0.000000000000000e+00,1.869939584733413e+00,9.520517157849415e-01,-2.404349627928663e-02,0.000000000000000e+00,1.327076965949595e+00,5.098850289684266e+00,1,3.400000184774399e-02,5.200999975204468e-01,3.400000184774399e-02,5.000000000000000e-01
6.989219231951909e-01,1.097843285205429e+00,638,10892,1.156524085476509e+01,-4.305901586101561e-01,0.000000000000000e+00,1.869829231141757e+00,9.521345781872147e-01,-2.421272091576803e-02,0.000000000000000e+00,1.327025019670828e+00,5.098750166909342e+00,1,3.424999862909317e-02,5.200999975204468e-01,3.424999862909317e-02,5.000000000000000e-01
6.989993274352194e-01,1.097371831970745e+00,643,10897,1.155146715292088e+01,-4.333076082720384e-01,0.000000000000000e+00,1.869718875905683e+00,9.522174418242502e-01,-2.438194807392549e-02,0.000000000000000e+00,1.326973072617992e+00,5.098650042642454e+00,1,3.449999913573265e-02,5.200999975204468e-01,3.449999913573265e-02,5.000000000000000e-01
6.990767316752478e-01,1.096900378736056e+00,648,10902,1.153769345107657e+01,-4.360250579339248e-01,0.000000000000000e+00,1.869608520669609e+00,9.523003054612850e-01,-2.455117523208291e-02,0.000000000000000e+00,1.326921125565155e+00,5.098549918375566e+00,1,3.474999964237213e-02,5.200999975204468e-01,3.474999964237213e-02,5.000000000000000e-01
6.991541359152768e-01,1.096428925501377e+00,653,10907,1.152391974923245e+01,-4.387425075958029e-01,0.000000000000000e+00,1.869498165433534e+00,9.523831690983207e-01,-2.472040239024041e-02,0.000000000000000e+00,1.326869178512319e+00,5.098449794108678e+00,1,3.500000014901161e-02,5.200999975204468e-01,3.500000014901161e-02,5.000000000000000e-01
6.992315401553056e-01,1.095957472266693e+00,658,10912,1.151014604738824e+01,-4.414599572576852e-01,0.000000000000000e+00,1.869387810197460e+00,9.524660327353560e-01,-2.488962954839787e-02,0.000000000000000e+00,1.326817231459482e+00,5.098349669841790e+00,1,3.525000065565109e-02,5.200999975204468e-01,3.525000065565109e-02,5.000000000000000e-01
6.993089443953342e-01,1.095486019032009e+00,663,10917,1.149637234554402e+01,-4.441774069195674e-01,0.000000000000000e+00,1.869277454961386e+00,9.525488963723913e-01,-2.505885670655533e-02,0.000000000000000e+00,1.326765284406646e+00,5.098249545574900e+00,1,3.550000116229057e-02,5.200999975204468e-01,3.550000116229057e-02,5.000000000000000e-01
6.993863486353625e-01,1.095014565797320e+00,668,10922,1.148259864369972e+01,-4.468948565814538e-01,0.000000000000000e+00,1.869167099725312e+00,9.526317600094258e-01,-2.522808386471274e-02,0.000000000000000e+00,1.326713337353809e+00,5.098149421308012e+00,1,3.575000166893005e-02,5.200999975204468e-01,3.575000166893005e-02,5.000000000000000e-01
6.994637517219806e-01,1.094543119587822e+00,673,10927,1.146882514709925e+01,-4.496122657502627e-01,0.000000000000000e+00,1.869056746133656e+00,9.527146224116994e-01,-2.539730850119415e-02,0.000000000000000e+00,1.326661391075042e+00,5.098049298533089e+00,1,3.599999845027924e-02,5.200999975204468e-01,3.599999845027924e-02,5.000000000000000e-01
6.995411559620097e-01,1.094071666353143e+00,678,10932,1.145505144525512e+01,-4.523297154121406e-01,0.000000000000000e+00,1.868946390897581e+00,9.527974860487354e-01,-2.556653565935165e-02,0.000000000000000e+00,1.326609444022206e+00,5.097949174266201e+00,1,3.624999895691872e-02,5.200999975204468e-01,3.624999895691872e-02,5.000000000000000e-01
6.996185602020379e-01,1.093600213118454e+00,683,10937,1.144127774341082e+01,-4.550471650740271e-01,0.000000000000000e+00,1.868836035661508e+00,9.528803496857702e-01,-2.573576281750906e-02,0.000000000000000e+00,1.326557496969369e+00,5.097849049999312e+00,1,3.649999946355820e-02,5.200999975204468e-01,3.649999946355820e-02,5.000000000000000e-01
6.996959644420668e-01,1.093128759883770e+00,688,10942,1.142750404156661e+01,-4.577646147359095e-01,0.000000000000000e+00,1.868725680425434e+00,9.529632133228054e-01,-2.590498997566652e-02,0.000000000000000e+00,1.326505549916532e+00,5.097748925732424e+00,1,3.674999997019768e-02,5.200999975204468e-01,3.674999997019768e-02,5.000000000000000e-01
6.997733686820959e-01,1.092657306649090e+00,693,10947,1.141373033972249e+01,-4.604820643977873e-01,0.000000000000000e+00,1.868615325189359e+00,9.530460769598412e-01,-2.607421713382403e-02,0.000000000000000e+00,1.326453602863696e+00,5.097648801465535e+00,1,3.700000047683716e-02,5.200999975204468e-01,3.700000047683716e-02,5.000000000000000e-01
6.998507729221242e-01,1.092185853414402e+00,698,10952,1.139995663787819e+01,-4.631995140596739e-01,0.000000000000000e+00,1.868504969953285e+00,9.531289405968759e-01,-2.624344429198144e-02,0.000000000000000e+00,1.326401655810859e+00,5.097548677198647e+00,1,3.725000098347664e-02,5.200999975204468e-01,3.725000098347664e-02,5.000000000000000e-01
6.999281771621533e-01,1.091714400179722e+00,703,10957,1.138618293603406e+01,-4.659169637215516e-01,0.000000000000000e+00,1.868394614717210e+00,9.532118042339116e-01,-2.641267145013895e-02,0.000000000000000e+00,1.326349708758022e+00,5.097448552931759e+00,1,3.750000149011612e-02,5.200999975204468e-01,3.750000149011612e-02,5.000000000000000e-01
7.000055802487709e-01,1.091242953970220e+00,708,10962,1.137240943943350e+01,-4.686343728903650e-01,0.000000000000000e+00,1.868284261125555e+00,9.532946666361846e-01,-2.658189608662031e-02,0.000000000000000e+00,1.326297762479256e+00,5.097348430156835e+00,1,3.774999827146530e-02,5.200999975204468e-01,3.774999827146530e-02,5.000000000000000e-01
7.000829844887997e-01,1.090771500735535e+00,713,10967,1.135863573758929e+01,-4.713518225522472e-01,0.000000000000000e+00,1.868173905889481e+00,9.533775302732199e-01,-2.675112324477776e-02,0.000000000000000e+00,1.326245815426419e+00,5.097248305889947e+00,1,3.799999877810478e-02,5.200999975204468e-01,3.799999877810478e-02,5.000000000000000e-01
7.001603887288286e-01,1.090300047500856e+00,718,10972,1.134486203574516e+01,-4.740692722141249e-01,0.000000000000000e+00,1.868063550653406e+00,9.534603939102556e-01,-2.692035040293527e-02,0.000000000000000e+00,1.326193868373582e+00,5.097148181623059e+00,1,3.824999928474426e-02,5.200999975204468e-01,3.824999928474426e-02,5.000000000000000e-01
7.002377929688570e-01,1.089828594266167e+00,723,10977,1.133108833390086e+01,-4.767867218760117e-01,0.000000000000000e+00,1.867953195417333e+00,9.535432575472904e-01,-2.708957756109268e-02,0.000000000000000e+00,1.326141921320746e+00,5.097048057356171e+00,1,3.849999979138374e-02,5.200999975204468e-01,3.849999979138374e-02,5.000000000000000e-01
7.003151972088857e-01,1.089357141031483e+00,728,10982,1.131731463205665e+01,-4.795041715378939e-01,0.000000000000000e+00,1.867842840181258e+00,9.536261211843258e-01,-2.725880471925014e-02,0.000000000000000e+00,1.326089974267909e+00,5.096947933089281e+00,1,3.875000029802322e-02,5.200999975204468e-01,3.875000029802322e-02,5.000000000000000e-01
7.003926014489144e-01,1.088885687796799e+00,733,10987,1.130354093021244e+01,-4.822216211997761e-01,0.000000000000000e+00,1.867732484945184e+00,9.537089848213611e-01,-2.742803187740760e-02,0.000000000000000e+00,1.326038027215072e+00,5.096847808822393e+00,1,3.900000080466270e-02,5.200999975204468e-01,3.900000080466270e-02,5.000000000000000e-01
7.004700056889435e-01,1.088414234562119e+00,738,10992,1.128976722836831e+01,-4.849390708616537e-01,0.000000000000000e+00,1.867622129709109e+00,9.537918484583967e-01,-2.759725903556511e-02,0.000000000000000e+00,1.325986080162236e+00,5.096747684555504e+00,1,3.925000131130219e-02,5.200999975204468e-01,3.925000131130219e-02,5.000000000000000e-01
7.005474099289719e-01,1.087942781327431e+00,743,10997,1.127599352652401e+01,-4.876565205235405e-01,0.000000000000000e+00,1.867511774473036e+00,9.538747120954316e-01,-2.776648619372252e-02,0.000000000000000e+00,1.325934133109399e+00,5.096647560288616e+00,1,3.950000181794167e-02,5.200999975204468e-01,3.950000181794167e-02,5.000000000000000e-01
7.006248130155894e-01,1.087471335117928e+00,748,11002,1.126222002992345e+01,-4.903739296923542e-01,0.000000000000000e+00,1.867401420881380e+00,9.539575744977047e-01,-2.793571083020387e-02,0.000000000000000e+00,1.325882186830633e+00,5.096547437513693e+00,1,3.974999859929085e-02,5.200999975204468e-01,3.974999859929085e-02,5.000000000000000e-01
7.007022172556181e-01,1.086999881883244e+00,753,11008,1.124844632807923e+01,-4.930913793542365e-01,0.000000000000000e+00,1.867291065645306e+00,9.540404381347398e-01,-2.810493798836134e-02,0.000000000000000e+00,1.325830239777796e+00,5.096447313246805e+00,1,3.999999910593033e-02,5.200999975204468e-01,3.999999910593033e-02,5.000000000000000e-01
7.007803461242748e-01,1.086351154417067e+00,758,11013,1.123052630137733e+01,-4.944161653297976e-01,0.000000000000000e+00,1.867154874779599e+00,9.541229564094633e-01,-2.826095792911328e-02,0.000000000000000e+00,1.325776525631779e+00,5.096341144778049e+00,1,4.024999961256981e-02,5.200999975204468e-01,4.024999961256981e-02,5.000000000000000e-01
7.008584749955226e-01,1.085702426316904e+00,763,11018,1.121260625984690e+01,-4.957409463248023e-01,0.000000000000000e+00,1.867018683821498e+00,9.542054746829512e-01,-2.841697782263242e-02,0.000000000000000e+00,1.325722811479443e+00,5.096234976287676e+00,1,4.050000011920929e-02,5.200999975204468e-01,4.050000011920929e-02,5.000000000000000e-01
7.009366038667706e-01,1.085053698216744e+00,768,11023,1.119468621831655e+01,-4.970657273198020e-01,0.000000000000000e+00,1.866882492863396e+00,9.542879929564396e-01,-2.857299771615160e-02,0.000000000000000e+00,1.325669097327107e+00,5.096128807797304e+00,1,4.075000062584877e-02,5.200999975204468e-01,4.075000062584877e-02,5.000000000000000e-01
7.010147327380180e-01,1.084404970116575e+00,773,11028,1.117676617678604e+01,-4.983905083148116e-01,0.000000000000000e+00,1.866746301905296e+00,9.543705112299271e-01,-2.872901760967069e-02,0.000000000000000e+00,1.325615383174771e+00,5.096022639306931e+00,1,4.100000113248825e-02,5.200999975204468e-01,4.100000113248825e-02,5.000000000000000e-01
7.010928616092661e-01,1.083756242016415e+00,778,11033,1.115884613525569e+01,-4.997152893098114e-01,0.000000000000000e+00,1.866610110947194e+00,9.544530295034155e-01,-2.888503750318987e-02,0.000000000000000e+00,1.325561669022435e+00,5.095916470816559e+00,1,4.125000163912773e-02,5.200999975204468e-01,4.125000163912773e-02,5.000000000000000e-01
7.011709893163053e-01,1.083107523583033e+00,783,11038,1.114092636075415e+01,-5.010400505640809e-01,0.000000000000000e+00,1.866473922018492e+00,9.545355465472879e-01,-2.904105507183614e-02,0.000000000000000e+00,1.325507955670500e+00,5.095810303908218e+00,1,4.149999842047691e-02,5.200999975204468e-01,4.149999842047691e-02,5.000000000000000e-01
7.012491181875525e-01,1.082458795482864e+00,788,11043,1.112300631922363e+01,-5.023648315590906e-01,0.000000000000000e+00,1.866337731060392e+00,9.546180648207752e-01,-2.919707496535523e-02,0.000000000000000e+00,1.325454241518164e+00,5.095704135417846e+00,1,4.174999892711639e-02,5.200999975204468e-01,4.174999892711639e-02,5.000000000000000e-01
7.013272470588003e-01,1.081810067382700e+00,793,11048,1.110508627769320e+01,-5.036896125540951e-01,0.000000000000000e+00,1.866201540102290e+00,9.547005830942630e-01,-2.935309485887436e-02,0.000000000000000e+00,1.325400527365828e+00,5.095597966927471e+00,1,4.199999943375587e-02,5.200999975204468e-01,4.199999943375587e-02,5.000000000000000e-01
7.014053759300480e-01,1.081161339282535e+00,798,11053,1.108716623616277e+01,-5.050143935490998e-01,0.000000000000000e+00,1.866065349144189e+00,9.547831013677510e-01,-2.950911475239349e-02,0.000000000000000e+00,1.325346813213492e+00,5.095491798437100e+00,1,4.224999994039536e-02,5.200999975204468e-01,4.224999994039536e-02,5.000000000000000e-01
7.014835048012957e-01,1.080512611182371e+00,803,11058,1.106924619463234e+01,-5.063391745441046e-01,0.000000000000000e+00,1.865929158186088e+00,9.548656196412388e-01,-2.966513464591263e-02,0.000000000000000e+00,1.325293099061156e+00,5.095385629946728e+00,1,4.250000044703484e-02,5.200999975204468e-01,4.250000044703484e-02,5.000000000000000e-01
7.015616336725439e-01,1.079863883082212e+00,808,11063,1.105132615310200e+01,-5.076639555391040e-01,0.000000000000000e+00,1.865792967227986e+00,9.549481379147272e-01,-2.982115453943181e-02,0.000000000000000e+00,1.325239384908819e+00,5.095279461456356e+00,1,4.275000095367432e-02,5.200999975204468e-01,4.275000095367432e-02,5.000000000000000e-01
7.016397625437913e-01,1.079215154982043e+00,813,11068,1.103340611157148e+01,-5.089887365341139e-01,0.000000000000000e+00,1.865656776269885e+00,9.550306561882147e-01,-2.997717443295090e-02,0.000000000000000e+00,1.325185670756484e+00,5.095173292965985e+00,1,4.300000146031380e-02,5.200999975204468e-01,4.300000146031380e-02,5.000000000000000e-01
7.017178902508303e-01,1.078566436548661e+00,818,11073,1.101548633706994e+01,-5.103134977883834e-01,0.000000000000000e+00,1.865520587341183e+00,9.551131732320870e-01,-3.013319200159717e-02,0.000000000000000e+00,1.325131957404549e+00,5.095067126057641e+00,1,4.324999824166298e-02,5.200999975204468e-01,4.324999824166298e-02,5.000000000000000e-01
7.017960191220780e-01,1.077917708448496e+00,823,11078,1.099756629553951e+01,-5.116382787833881e-01,0.000000000000000e+00,1.865384396383082e+00,9.551956915055750e-01,-3.028921189511630e-02,0.000000000000000e+00,1.325078243252213e+00,5.094960957567269e+00,1,4.349999874830246e-02,5.200999975204468e-01,4.349999874830246e-02,5.000000000000000e-01
7.018741479933257e-01,1.077268980348332e+00,828,11083,1.097964625400908e+01,-5.129630597783930e-01,0.000000000000000e+00,1.865248205424981e+00,9.552782097790629e-01,-3.044523178863544e-02,0.000000000000000e+00,1.325024529099876e+00,5.094854789076897e+00,1,4.374999925494194e-02,5.200999975204468e-01,4.374999925494194e-02,5.000000000000000e-01
7.019522768645738e-01,1.076620252248172e+00,833,11088,1.096172621247873e+01,-5.142878407733922e-01,0.000000000000000e+00,1.865112014466879e+00,9.553607280525513e-01,-3.060125168215462e-02,0.000000000000000e+00,1.324970814947540e+00,5.094748620586525e+00,1,4.399999976158142e-02,5.200999975204468e-01,4.399999976158142e-02,5.000000000000000e-01
7.020304057358215e-01,1.075971524148008e+00,838,11093,1.094380617094830e+01,-5.156126217683970e-01,0.000000000000000e+00,1.864975823508778e+00,9.554432463260393e-01,-3.075727157567376e-02,0.000000000000000e+00,1.324917100795204e+00,5.094642452096153e+00,1,4.425000026822090e-02,5.200999975204468e-01,4.425000026822090e-02,5.000000000000000e-01
7.021085346070695e-01,1.075322796047844e+00,843,11098,1.092588612941787e+01,-5.169374027634015e-01,0.000000000000000e+00,1.864839632550677e+00,9.555257645995271e-01,-3.091329146919290e-02,0.000000000000000e+00,1.324863386642868e+00,5.094536283605780e+00,1,4.450000077486038e-02,5.200999975204468e-01,4.450000077486038e-02,5.000000000000000e-01
7.021866634783172e-01,1.074674067947679e+00,848,11103,1.090796608788744e+01,-5.182621837584063e-01,0.000000000000000e+00,1.864703441592575e+00,9.556082828730150e-01,-3.106931136271203e-02,0.000000000000000e+00,1.324809672490532e+00,5.094430115115408e+00,1,4.475000128149986e-02,5.200999975204468e-01,4.475000128149986e-02,5.000000000000000e-01
7.022647923495648e-01,1.074025339847515e+00,853,11108,1.089004604635701e+01,-5.195869647534108e-01,0.000000000000000e+00,1.864567250634474e+00,9.556908011465028e-01,-3.122533125623116e-02,0.000000000000000e+00,1.324755958338196e+00,5.094323946625035e+00,1,4.500000178813934e-02,5.200999975204468e-01,4.500000178813934e-02,5.000000000000000e-01
7.023429200566036e-01,1.073376621414128e+00,858,11113,1.087212627185538e+01,-5.209117260076859e-01,0.000000000000000e+00,1.864431061705773e+00,9.557733181903747e-01,-3.138134882487738e-02,0.000000000000000e+00,1.324702244986261e+00,5.094217779716693e+00,1,4.524999856948853e-02,5.200999975204468e-01,4.524999856948853e-02,5.000000000000000e-01
7.024210489278517e-01,1.072727893313969e+00,863,11118,1.085420623032504e+01,-5.222365070026850e-01,0.000000000000000e+00,1.864294870747671e+00,9.558558364638631e-01,-3.153736871839657e-02,0.000000000000000e+00,1.324648530833925e+00,5.094111611226321e+00,1,4.549999907612801e-02,5.200999975204468e-01,4.549999907612801e-02,5.000000000000000e-01
7.024991777990994e-01,1.072079165213804e+00,868,11123,1.083628618879460e+01,-5.235612879976896e-01,0.000000000000000e+00,1.864158679789569e+00,9.559383547373510e-01,-3.169338861191570e-02,0.000000000000000e+00,1.324594816681588e+00,5.094005442735949e+00,1,4.574999958276749e-02,5.200999975204468e-01,4.574999958276749e-02,5.000000000000000e-01
7.025773066703471e-01,1.071430437113640e+00,873,11128,1.081836614726418e+01,-5.248860689926944e-01,0.000000000000000e+00,1.864022488831468e+00,9.560208730108388e-01,-3.184940850543484e-02,0.000000000000000e+00,1.324541102529253e+00,5.093899274245576e+00,1,4.600000008940697e-02,5.200999975204468e-01,4.600000008940697e-02,5.000000000000000e-01
7.026554355415948e-01,1.070781709013476e+00,878,11133,1.080044610573374e+01,-5.262108499876991e-01,0.000000000000000e+00,1.863886297873367e+00,9.561033912843269e-01,-3.200542839895397e-02,0.000000000000000e+00,1.324487388376916e+00,5.093793105755204e+00,1,4.625000059604645e-02,5.200999975204468e-01,4.625000059604645e-02,5.000000000000000e-01
7.027335644128426e-01,1.070132980913312e+00,883,11138,1.078252606420331e+01,-5.275356309827038e-01,0.000000000000000e+00,1.863750106915266e+00,9.561859095578149e-01,-3.216144829247311e-02,0.000000000000000e+00,1.324433674224580e+00,5.093686937264833e+00,1,4.650000110268593e-02,5.200999975204468e-01,4.650000110268593e-02,5.000000000000000e-01
7.028116932840903e-01,1.069484252813147e+00,888,11143,1.076460602267288e+01,-5.288604119777084e-01,0.000000000000000e+00,1.863613915957165e+00,9.562684278313027e-01,-3.231746818599224e-02,0.000000000000000e+00,1.324379960072244e+00,5.093580768774460e+00,1,4.675000160932541e-02,5.200999975204468e-01,4.675000160932541e-02,5.000000000000000e-01
7.028898209911296e-01,1.068835534379765e+00,893,11148,1.074668624817134e+01,-5.301851732319780e-01,0.000000000000000e+00,1.863477727028462e+00,9.563509448751750e-01,-3.247348575463851e-02,0.000000000000000e+00,1.324326246720309e+00,5.093474601866118e+00,1,4.699999839067459e-02,5.200999975204468e-01,4.699999839067459e-02,5.000000000000000e-01
7.029679498623772e-01,1.068186806279601e+00,898,11153,1.072876620664091e+01,-5.315099542269827e-01,0.000000000000000e+00,1.863341536070361e+00,9.564334631486628e-01,-3.262950564815764e-02,0.000000000000000e+00,1.324272532567973e+00,5.093368433375746e+00,1,4.724999889731407e-02,5.200999975204468e-01,4.724999889731407e-02,5.000000000000000e-01
7.030460787336250e-01,1.067538078179437e+00,903,11158,1.071084616511048e+01,-5.328347352219873e-01,0.000000000000000e+00,1.863205345112260e+00,9.565159814221509e-01,-3.278552554167678e-02,0.000000000000000e+00,1.324218818415637e+00,5.093262264885373e+00,1,4.749999940395355e-02,5.200999975204468e-01,4.749999940395355e-02,5.000000000000000e-01
7.031242076048727e-01,1.066889350079272e+00,908,11163,1.069292612358005e+01,-5.341595162169921e-01,0.000000000000000e+00,1.863069154154159e+00,9.565984996956387e-01,-3.294154543519592e-02,0.000000000000000e+00,1.324165104263301e+00,5.093156096395001e+00,1,4.774999991059303e-02,5.200999975204468e-01,4.774999991059303e-02,5.000000000000000e-01
7.032023364761204e-01,1.066240621979108e+00,913,11168,1.067500608204962e+01,-5.354842972119966e-01,0.000000000000000e+00,1.862932963196057e+00,9.566810179691265e-01,-3.309756532871505e-02,0.000000000000000e+00,1.324111390110965e+00,5.093049927904628e+00,1,4.800000041723251e-02,5.200999975204468e-01,4.800000041723251e-02,5.000000000000000e-01
7.032804653473681e-01,1.065591893878943e+00,918,11173,1.065708604051919e+01,-5.368090782070014e-01,0.000000000000000e+00,1.862796772237956e+00,9.567635362426145e-01,-3.325358522223418e-02,0.000000000000000e+00,1.324057675958628e+00,5.092943759414257e+00,1,4.825000092387199e-02,5.200999975204468e-01,4.825000092387199e-02,5.000000000000000e-01
7.033585942186159e-01,1.064943165778779e+00,923,11178,1.063916599898876e+01,-5.381338592020061e-01,0.000000000000000e+00,1.862660581279855e+00,9.568460545161024e-01,-3.340960511575333e-02,0.000000000000000e+00,1.324003961806292e+00,5.092837590923885e+00,1,4.850000143051147e-02,5.200999975204468e-01,4.850000143051147e-02,5.000000000000000e-01
7.034367219256550e-01,1.064294447345397e+00,928,11183,1.062124622448722e+01,-5.394586204562757e-01,0.000000000000000e+00,1.862524392351153e+00,9.569285715599749e-01,-3.356562268439959e-02,0.000000000000000e+00,1.323950248454358e+00,5.092731424015542e+00,1,4.874999821186066e-02,5.200999975204468e-01,4.874999821186066e-02,5.000000000000000e-01
7.035148507969027e-01,1.063645719245233e+00,933,11188,1.060332618295678e+01,-5.407834014512803e-01,0.000000000000000e+00,1.862388201393052e+00,9.570110898334625e-01,-3.372164257791873e-02,0.000000000000000e+00,1.323896534302022e+00,5.092625255525171e+00,1,4.899999871850014e-02,5.200999975204468e-01,4.899999871850014e-02,5.000000000000000e-01
7.035929796681504e-01,1.062996991145069e+00,938,11193,1.058540614142635e+01,-5.421081824462850e-01,0.000000000000000e+00,1.862252010434950e+00,9.570936081069505e-01,-3.387766247143786e-02,0.000000000000000e+00,1.323842820149685e+00,5.092519087034798e+00,1,4.924999922513962e-02,5.200999975204468e-01,4.924999922513962e-02,5.000000000000000e-01
7.036711085393981e-01,1.062348263044904e+00,943,11198,1.056748609989592e+01,-5.434329634412896e-01,0.000000000000000e+00,1.862115819476849e+00,9.571761263804384e-01,-3.403368236495699e-02,0.000000000000000e+00,1.323789105997349e+00,5.092412918544426e+00,1,4.949999973177910e-02,5.200999975204468e-01,4.949999973177910e-02,5.000000000000000e-01
7.037492374106460e-01,1.061699534944740e+00,948,11203,1.054956605836549e+01,-5.447577444362943e-01,0.000000000000000e+00,1.861979628518748e+00,9.572586446539264e-01,-3.418970225847613e-02,0.000000000000000e+00,1.323735391845013e+00,5.092306750054053e+00,1,4.975000023841858e-02,5.200999975204468e-01,4.975000023841858e-02,5.000000000000000e-01
7.038273662818932e-01,1.061050806844571e+00,953,11209,1.053164601683498e+01,-5.460825254313052e-01,0.000000000000000e+00,1.861843437560647e+00,9.573411629274138e-01,-3.434572215199520e-02,0.000000000000000e+00,1.323681677692677e+00,5.092200581563681e+00,1,5.000000074505806e-02,5.200999975204468e-01,5.000000074505806e-02,5.000000000000000e-01
7.038908934154485e-01,1.060239521066969e+00,958,11214,1.051085642574235e+01,-5.446267842775152e-01,0.000000000000000e+00,1.861706586702707e+00,9.574059110245238e-01,-3.448662758918045e-02,0.000000000000000e+00,1.323634874928623e+00,5.092101904195339e+00,1,5.025000125169754e-02,5.200999975204468e-01,5.025000125169754e-02,5.000000000000000e-01
7.039544205925203e-01,1.059428235773827e+00,963,11219,1.049006684320167e+01,-5.431710514102801e-01,0.000000000000000e+00,1.861569735846731e+00,9.574706591745931e-01,-3.462753307141014e-02,0.000000000000000e+00,1.323588072143972e+00,5.092003226804672e+00,1,5.050000175833702e-02,5.200999975204468e-01,5.050000175833702e-02,5.000000000000000e-01
7.040179468229653e-01,1.058616962569755e+00,968,11224,1.046927757044929e+01,-5.417153402351110e-01,0.000000000000000e+00,1.861432887029989e+00,9.575354063598417e-01,-3.476843645398875e-02,0.000000000000000e+00,1.323541270056735e+00,5.091904550884409e+00,1,5.074999853968620e-02,5.200999975204468e-01,5.074999853968620e-02,5.000000000000000e-01
7.040814740000362e-01,1.057805677276600e+00,973,11229,1.044848798790838e+01,-5.402596073678941e-01,0.000000000000000e+00,1.861296036174016e+00,9.576001545099098e-01,-3.490934193621826e-02,0.000000000000000e+00,1.323494467272084e+00,5.091805873493742e+00,1,5.099999904632568e-02,5.200999975204468e-01,5.099999904632568e-02,5.000000000000000e-01
7.041450011771081e-01,1.056994391983459e+00,978,11234,1.042769840536770e+01,-5.388038745006590e-01,0.000000000000000e+00,1.861159185318041e+00,9.576649026599791e-01,-3.505024741844793e-02,0.000000000000000e+00,1.323447664487432e+00,5.091707196103076e+00,1,5.124999955296516e-02,5.200999975204468e-01,5.124999955296516e-02,5.000000000000000e-01
7.042085283541794e-01,1.056183106690309e+00,983,11239,1.040690882282687e+01,-5.373481416334361e-01,0.000000000000000e+00,1.861022334462068e+00,9.577296508100477e-01,-3.519115290067747e-02,0.000000000000000e+00,1.323400861702781e+00,5.091608518712408e+00,1,5.150000005960464e-02,5.200999975204468e-01,5.150000005960464e-02,5.000000000000000e-01
7.042720555312509e-01,1.055371821397163e+00,988,11244,1.038611924028612e+01,-5.358924087662073e-01,0.000000000000000e+00,1.860885483606093e+00,9.577943989601165e-01,-3.533205838290710e-02,0.000000000000000e+00,1.323354058918129e+00,5.091509841321741e+00,1,5.175000056624413e-02,5.200999975204468e-01,5.175000056624413e-02,5.000000000000000e-01
7.043355827083226e-01,1.054560536104022e+00,993,11249,1.036532965774544e+01,-5.344366758989718e-01,0.000000000000000e+00,1.860748632750118e+00,9.578591471101857e-01,-3.547296386513676e-02,0.000000000000000e+00,1.323307256133478e+00,5.091411163931074e+00,1,5.200000107288361e-02,5.200999975204468e-01,5.200000107288361e-02,5.000000000000000e-01
7.043991098853939e-01,1.053749250810872e+00,998,11254,1.034454007520461e+01,-5.329809430317491e-01,0.000000000000000e+00,1.860611781894145e+00,9.579238952602541e-01,-3.561386934736633e-02,0.000000000000000e+00,1.323260453348827e+00,5.091312486540407e+00,1,5.225000157952309e-02,5.200999975204468e-01,5.225000157952309e-02,5.000000000000000e-01
7.044626361158387e-01,1.052937977606795e+00,1003,11259,1.032375080245215e+01,-5.315252318565863e-01,0.000000000000000e+00,1.860474933077403e+00,9.579886424455026e-01,-3.575477272994490e-02,0.000000000000000e+00,1.323213651261590e+00,5.091213810620146e+00,1,5.249999836087227e-02,5.200999975204468e-01,5.249999836087227e-02,5.000000000000000e-01
7.045261632929108e-01,1.052126692313659e+00,1008,11264,1.030296121991155e+01,-5.300694989893444e-01,0.000000000000000e+00,1.860338082221428e+00,9.580533905955724e-01,-3.589567821217464e-02,0.000000000000000e+00,1.323166848476938e+00,5.091115133229478e+00,1,5.274999886751175e-02,5.200999975204468e-01,5.274999886751175e-02,5.000000000000000e-01
7.045896904699821e-01,1.051315407020509e+00,1013,11269,1.028217163737072e+01,-5.286137661221220e-01,0.000000000000000e+00,1.860201231365454e+00,9.581181387456408e-01,-3.603658369440418e-02,0.000000000000000e+00,1.323120045692287e+00,5.091016455838812e+00,1,5.299999937415123e-02,5.200999975204468e-01,5.299999937415123e-02,5.000000000000000e-01
7.046532176470535e-01,1.050504121727363e+00,1018,11274,1.026138205482997e+01,-5.271580332548929e-01,0.000000000000000e+00,1.860064380509480e+00,9.581828868957096e-01,-3.617748917663380e-02,0.000000000000000e+00,1.323073242907636e+00,5.090917778448144e+00,1,5.324999988079071e-02,5.200999975204468e-01,5.324999988079071e-02,5.000000000000000e-01
7.047167448241248e-01,1.049692836434213e+00,1023,11279,1.024059247228914e+01,-5.257023003876702e-01,0.000000000000000e+00,1.859927529653506e+00,9.582476350457781e-01,-3.631839465886336e-02,0.000000000000000e+00,1.323026440122984e+00,5.090819101057478e+00,1,5.350000038743019e-02,5.200999975204468e-01,5.350000038743019e-02,5.000000000000000e-01
7.047802720011962e-01,1.048881551141067e+00,1028,11284,1.021980288974838e+01,-5.242465675204411e-01,0.000000000000000e+00,1.859790678797532e+00,9.583123831958471e-01,-3.645930014109297e-02,0.000000000000000e+00,1.322979637338333e+00,5.090720423666809e+00,1,5.375000089406967e-02,5.200999975204468e-01,5.375000089406967e-02,5.000000000000000e-01
7.048437991782678e-01,1.048070265847922e+00,1033,11289,1.019901330720763e+01,-5.227908346532122e-01,0.000000000000000e+00,1.859653827941558e+00,9.583771313459162e-01,-3.660020562332258e-02,0.000000000000000e+00,1.322932834553681e+00,5.090621746276144e+00,1,5.400000140070915e-02,5.200999975204468e-01,5.400000140070915e-02,5.000000000000000e-01
7.049073254087129e-01,1.047258992643849e+00,1038,11294,1.017822403445524e+01,-5.213351234780427e-01,0.000000000000000e+00,1.859516979124815e+00,9.584418785311648e-01,-3.674110900590122e-02,0.000000000000000e+00,1.322886032466444e+00,5.090523070355880e+00,1,5.424999818205833e-02,5.200999975204468e-01,5.424999818205833e-02,5.000000000000000e-01
7.049708525857842e-01,1.046447707350699e+00,1043,11299,1.015743445191441e+01,-5.198793906108203e-01,0.000000000000000e+00,1.859380128268842e+00,9.585066266812332e-01,-3.688201448813078e-02,0.000000000000000e+00,1.322839229681793e+00,5.090424392965214e+00,1,5.449999868869781e-02,5.200999975204468e-01,5.449999868869781e-02,5.000000000000000e-01
7.050343797628557e-01,1.045636422057553e+00,1048,11304,1.013664486937366e+01,-5.184236577435911e-01,0.000000000000000e+00,1.859243277412867e+00,9.585713748313022e-01,-3.702291997036039e-02,0.000000000000000e+00,1.322792426897142e+00,5.090325715574546e+00,1,5.474999919533730e-02,5.200999975204468e-01,5.474999919533730e-02,5.000000000000000e-01
7.050979069399276e-01,1.044825136764413e+00,1053,11309,1.011585528683298e+01,-5.169679248763556e-01,0.000000000000000e+00,1.859106426556893e+00,9.586361229813714e-01,-3.716382545259006e-02,0.000000000000000e+00,1.322745624112490e+00,5.090227038183880e+00,1,5.499999970197678e-02,5.200999975204468e-01,5.499999970197678e-02,5.000000000000000e-01
7.051614341169987e-01,1.044013851471262e+00,1058,11314,1.009506570429215e+01,-5.155121920091332e-01,0.000000000000000e+00,1.858969575700919e+00,9.587008711314399e-01,-3.730473093481962e-02,0.000000000000000e+00,1.322698821327839e+00,5.090128360793213e+00,1,5.525000020861626e-02,5.200999975204468e-01,5.525000020861626e-02,5.000000000000000e-01
7.052249612940703e-01,1.043202566178117e+00,1063,11319,1.007427612175140e+01,-5.140564591419042e-01,0.000000000000000e+00,1.858832724844945e+00,9.587656192815088e-01,-3.744563641704923e-02,0.000000000000000e+00,1.322652018543188e+00,5.090029683402546e+00,1,5.550000071525574e-02,5.200999975204468e-01,5.550000071525574e-02,5.000000000000000e-01
7.052884884711421e-01,1.042391280884976e+00,1068,11324,1.005348653921072e+01,-5.126007262746685e-01,0.000000000000000e+00,1.858695873988970e+00,9.588303674315781e-01,-3.758654189927892e-02,0.000000000000000e+00,1.322605215758536e+00,5.089931006011879e+00,1,5.575000122189522e-02,5.200999975204468e-01,5.575000122189522e-02,5.000000000000000e-01
7.053520156482136e-01,1.041579995591830e+00,1073,11329,1.003269695666997e+01,-5.111449934074395e-01,0.000000000000000e+00,1.858559023132996e+00,9.588951155816470e-01,-3.772744738150852e-02,0.000000000000000e+00,1.322558412973885e+00,5.089832328621211e+00,1,5.600000172853470e-02,5.200999975204468e-01,5.600000172853470e-02,5.000000000000000e-01
7.054155418786581e-01,1.040768722387749e+00,1078,11334,1.001190768391743e+01,-5.096892822322833e-01,0.000000000000000e+00,1.858422174316254e+00,9.589598627668948e-01,-3.786835076408704e-02,0.000000000000000e+00,1.322511610886648e+00,5.089733652700949e+00,1,5.624999850988388e-02,5.200999975204468e-01,5.624999850988388e-02,5.000000000000000e-01
7.054790690557300e-01,1.039957437094607e+00,1083,11339,9.991118101376749e+00,-5.082335493650474e-01,0.000000000000000e+00,1.858285323460280e+00,9.590246109169642e-01,-3.800925624631671e-02,0.000000000000000e+00,1.322464808101997e+00,5.089634975310283e+00,1,5.649999901652336e-02,5.200999975204468e-01,5.649999901652336e-02,5.000000000000000e-01
7.055425962328014e-01,1.039146151801462e+00,1088,11344,9.970328518835997e+00,-5.067778164978184e-01,0.000000000000000e+00,1.858148472604305e+00,9.590893590670331e-01,-3.815016172854632e-02,0.000000000000000e+00,1.322418005317345e+00,5.089536297919615e+00,1,5.674999952316284e-02,5.200999975204468e-01,5.674999952316284e-02,5.000000000000000e-01
7.056061234098731e-01,1.038334866508316e+00,1093,11349,9.949538936295244e+00,-5.053220836305894e-01,0.000000000000000e+00,1.858011621748331e+00,9.591541072171021e-01,-3.829106721077594e-02,0.000000000000000e+00,1.322371202532694e+00,5.089437620528948e+00,1,5.700000002980232e-02,5.200999975204468e-01,5.700000002980232e-02,5.000000000000000e-01
7.056696505869445e-01,1.037523581215171e+00,1098,11354,9.928749353754489e+00,-5.038663507633603e-01,0.000000000000000e+00,1.857874770892357e+00,9.592188553671710e-01,-3.843197269300555e-02,0.000000000000000e+00,1.322324399748042e+00,5.089338943138281e+00,1,5.725000053644180e-02,5.200999975204468e-01,5.725000053644180e-02,5.000000000000000e-01
7.057331777640161e-01,1.036712295922025e+00,1103,11359,9.907959771213736e+00,-5.024106178961314e-01,0.000000000000000e+00,1.857737920036383e+00,9.592836035172397e-01,-3.857287817523516e-02,0.000000000000000e+00,1.322277596963391e+00,5.089240265747614e+00,1,5.750000104308128e-02,5.200999975204468e-01,5.750000104308128e-02,5.000000000000000e-01
7.057967049410873e-01,1.035901010628875e+00,1108,11364,9.887170188672908e+00,-5.009548850289091e-01,0.000000000000000e+00,1.857601069180409e+00,9.593483516673083e-01,-3.871378365746472e-02,0.000000000000000e+00,1.322230794178740e+00,5.089141588356948e+00,1,5.775000154972076e-02,5.200999975204468e-01,5.775000154972076e-02,5.000000000000000e-01
7.058602311715323e-01,1.035089737424802e+00,1113,11369,9.866380915920519e+00,-4.994991738537392e-01,0.000000000000000e+00,1.857464220363667e+00,9.594130988525570e-01,-3.885468704004335e-02,0.000000000000000e+00,1.322183992091503e+00,5.089042912436685e+00,1,5.799999833106995e-02,5.200999975204468e-01,5.799999833106995e-02,5.000000000000000e-01
7.059237583486040e-01,1.034278452131657e+00,1118,11374,9.845591333379767e+00,-4.980434409865103e-01,0.000000000000000e+00,1.857327369507692e+00,9.594778470026259e-01,-3.899559252227297e-02,0.000000000000000e+00,1.322137189306851e+00,5.088944235046018e+00,1,5.824999883770943e-02,5.200999975204468e-01,5.824999883770943e-02,5.000000000000000e-01
7.059872855256751e-01,1.033467166838507e+00,1123,11379,9.824801750838937e+00,-4.965877081192882e-01,0.000000000000000e+00,1.857190518651719e+00,9.595425951526945e-01,-3.913649800450253e-02,0.000000000000000e+00,1.322090386522200e+00,5.088845557655350e+00,1,5.849999934434891e-02,5.200999975204468e-01,5.849999934434891e-02,5.000000000000000e-01
7.060508127027469e-01,1.032655881545366e+00,1128,11384,9.804012168298261e+00,-4.951319752520522e-01,0.000000000000000e+00,1.857053667795744e+00,9.596073433027636e-01,-3.927740348673220e-02,0.000000000000000e+00,1.322043583737549e+00,5.088746880264685e+00,1,5.874999985098839e-02,5.200999975204468e-01,5.874999985098839e-02,5.000000000000000e-01
7.061143398798185e-01,1.031844596252220e+00,1133,11389,9.783222585757505e+00,-4.936762423848231e-01,0.000000000000000e+00,1.856916816939770e+00,9.596720914528327e-01,-3.941830896896181e-02,0.000000000000000e+00,1.321996780952897e+00,5.088648202874017e+00,1,5.900000035762787e-02,5.200999975204468e-01,5.900000035762787e-02,5.000000000000000e-01
7.061778670568900e-01,1.031033310959075e+00,1138,11394,9.762433003216751e+00,-4.922205095175941e-01,0.000000000000000e+00,1.856779966083795e+00,9.597368396029016e-01,-3.955921445119143e-02,0.000000000000000e+00,1.321949978168246e+00,5.088549525483350e+00,1,5.925000086426735e-02,5.200999975204468e-01,5.925000086426735e-02,5.000000000000000e-01
7.062413942339616e-01,1.030222025665929e+00,1143,11399,9.741643420675995e+00,-4.907647766503650e-01,0.000000000000000e+00,1.856643115227822e+00,9.598015877529704e-01,-3.970011993342104e-02,0.000000000000000e+00,1.321903175383595e+00,5.088450848092683e+00,1,5.950000137090683e-02,5.200999975204468e-01,5.950000137090683e-02,5.000000000000000e-01
7.063049204644064e-01,1.029410752461852e+00,1148,11404,9.720854147923536e+00,-4.893090654752021e-01,0.000000000000000e+00,1.856506266411079e+00,9.598663349382186e-01,-3.984102331599960e-02,0.000000000000000e+00,1.321856373296358e+00,5.088352172172421e+00,1,5.974999815225601e-02,5.200999975204468e-01,5.974999815225601e-02,5.000000000000000e-01
7.063684476414780e-01,1.028599467168706e+00,1153,11410,9.700064565382782e+00,-4.878533326079731e-01,0.000000000000000e+00,1.856369415555105e+00,9.599310830882877e-01,-3.998192879822923e-02,0.000000000000000e+00,1.321809570511706e+00,5.088253494781754e+00,1,5.999999865889549e-02,5.200999975204468e-01,5.999999865889549e-02,5.000000000000000e-01
7.063966594428500e-01,1.027637332450602e+00,1158,11415,9.677531100790498e+00,-4.830028565980517e-01,0.000000000000000e+00,1.856262339094626e+00,9.599535320725261e-01,-4.010380051461332e-02,0.000000000000000e+00,1.321778545327526e+00,5.088169513080969e+00,1,6.024999916553497e-02,5.200999975204468e-01,6.024999916553497e-02,5.000000000000000e-01
7.064248710547754e-01,1.026675196923277e+00,1163,11420,9.654997626843272e+00,-4.781523623772488e-01,0.000000000000000e+00,1.856155262793869e+00,9.599759808298534e-01,-4.022567212889200e-02,0.000000000000000e+00,1.321747520227984e+00,5.088085531459019e+00,1,6.049999967217445e-02,5.200999975204468e-01,6.049999967217445e-02,5.000000000000000e-01
7.064530826667005e-01,1.025713061395951e+00,1168,11425,9.632464152896043e+00,-4.733018681564460e-01,0.000000000000000e+00,1.856048186493112e+00,9.599984295871807e-01,-4.034754374317067e-02,0.000000000000000e+00,1.321716495128441e+00,5.088001549837069e+00,1,6.075000017881393e-02,5.200999975204468e-01,6.075000017881393e-02,5.000000000000000e-01
7.064812942786255e-01,1.024750925868625e+00,1173,11430,9.609930678948817e+00,-4.684513739356430e-01,0.000000000000000e+00,1.855941110192356e+00,9.600208783445081e-01,-4.046941535744936e-02,0.000000000000000e+00,1.321685470028899e+00,5.087917568215118e+00,1,6.100000068545341e-02,5.200999975204468e-01,6.100000068545341e-02,5.000000000000000e-01
7.065095058905505e-01,1.023788790341300e+00,1178,11435,9.587397205001592e+00,-4.636008797148402e-01,0.000000000000000e+00,1.855834033891599e+00,9.600433271018354e-01,-4.059128697172804e-02,0.000000000000000e+00,1.321654444929356e+00,5.087833586593168e+00,1,6.125000119209290e-02,5.200999975204468e-01,6.125000119209290e-02,5.000000000000000e-01
7.065377175024757e-01,1.022826654813974e+00,1183,11440,9.564863731054364e+00,-4.587503854940371e-01,0.000000000000000e+00,1.855726957590842e+00,9.600657758591628e-01,-4.071315858600673e-02,0.000000000000000e+00,1.321623419829814e+00,5.087749604971216e+00,1,6.150000169873238e-02,5.200999975204468e-01,6.150000169873238e-02,5.000000000000000e-01
7.065659286940159e-01,1.021864533623556e+00,1188,11445,9.542330592881383e+00,-4.538999635510840e-01,0.000000000000000e+00,1.855619882885644e+00,9.600882242819783e-01,-4.083502838426051e-02,0.000000000000000e+00,1.321592395192581e+00,5.087665624600688e+00,1,6.174999848008156e-02,5.200999975204468e-01,6.174999848008156e-02,5.000000000000000e-01
7.065941403059409e-01,1.020902398096230e+00,1193,11450,9.519797118934157e+00,-4.490494693302810e-01,0.000000000000000e+00,1.855512806584887e+00,9.601106730393055e-01,-4.095689999853919e-02,0.000000000000000e+00,1.321561370093038e+00,5.087581642978737e+00,1,6.199999898672104e-02,5.200999975204468e-01,6.199999898672104e-02,5.000000000000000e-01
7.066223519178662e-01,1.019940262568904e+00,1198,11455,9.497263644986930e+00,-4.441989751094781e-01,0.000000000000000e+00,1.855405730284130e+00,9.601331217966328e-01,-4.107877161281788e-02,0.000000000000000e+00,1.321530344993496e+00,5.087497661356787e+00,1,6.224999949336052e-02,5.200999975204468e-01,6.224999949336052e-02,5.000000000000000e-01
7.066505635297908e-01,1.018978127041574e+00,1203,11460,9.474730171039628e+00,-4.393484808886823e-01,0.000000000000000e+00,1.855298653983374e+00,9.601555705539596e-01,-4.120064322709650e-02,0.000000000000000e+00,1.321499319893953e+00,5.087413679734836e+00,1,6.250000000000000e-02,5.200999975204468e-01,6.250000000000000e-02,5.000000000000000e-01
7.066787747213311e-01,1.018016005851156e+00,1208,11465,9.452197032866648e+00,-4.344980589457291e-01,0.000000000000000e+00,1.855191579278176e+00,9.601780189767751e-01,-4.132251302535030e-02,0.000000000000000e+00,1.321468295256720e+00,5.087329699364307e+00,1,6.274999678134918e-02,5.200999975204468e-01,6.274999678134918e-02,5.000000000000000e-01
7.067069867536415e-01,1.017053855986927e+00,1213,11470,9.429663223145250e+00,-4.296474924470693e-01,0.000000000000000e+00,1.855084501381860e+00,9.602004680686147e-01,-4.144438645565392e-02,0.000000000000000e+00,1.321437269694868e+00,5.087245716490935e+00,1,6.300000101327896e-02,5.200999975204468e-01,6.300000101327896e-02,5.000000000000000e-01
7.067351979451816e-01,1.016091734796509e+00,1218,11475,9.407130084972268e+00,-4.247970705041161e-01,0.000000000000000e+00,1.854977426676662e+00,9.602229164914303e-01,-4.156625625390771e-02,0.000000000000000e+00,1.321406245057635e+00,5.087161736120406e+00,1,6.324999779462814e-02,5.200999975204468e-01,6.324999779462814e-02,5.000000000000000e-01
7.067634099774917e-01,1.015129584932275e+00,1223,11480,9.384596275250795e+00,-4.199465040054635e-01,0.000000000000000e+00,1.854870348780347e+00,9.602453655832695e-01,-4.168812968421127e-02,0.000000000000000e+00,1.321375219495784e+00,5.087077753247035e+00,1,6.350000202655792e-02,5.200999975204468e-01,6.350000202655792e-02,5.000000000000000e-01
7.067916211690319e-01,1.014167463741857e+00,1228,11485,9.362063137077815e+00,-4.150960820625103e-01,0.000000000000000e+00,1.854763274075148e+00,9.602678140060847e-01,-4.180999948246507e-02,0.000000000000000e+00,1.321344194858550e+00,5.086993772876506e+00,1,6.374999880790710e-02,5.200999975204468e-01,6.374999880790710e-02,5.000000000000000e-01
7.068198332013420e-01,1.013205313877624e+00,1233,11490,9.339529327356342e+00,-4.102455155638576e-01,0.000000000000000e+00,1.854656196178834e+00,9.602902630979241e-01,-4.193187291276863e-02,0.000000000000000e+00,1.321313169296699e+00,5.086909790003134e+00,1,6.400000303983688e-02,5.200999975204468e-01,6.400000303983688e-02,5.000000000000000e-01
7.068480443928822e-01,1.012243192687206e+00,1238,11495,9.316996189183360e+00,-4.053950936209045e-01,0.000000000000000e+00,1.854549121473635e+00,9.603127115207395e-01,-4.205374271102243e-02,0.000000000000000e+00,1.321282144659465e+00,5.086825809632605e+00,1,6.424999982118607e-02,5.200999975204468e-01,6.424999982118607e-02,5.000000000000000e-01
7.068762555844224e-01,1.011281071496787e+00,1243,11500,9.294463051010380e+00,-4.005446716779513e-01,0.000000000000000e+00,1.854442046768436e+00,9.603351599435548e-01,-4.217561250927622e-02,0.000000000000000e+00,1.321251120022232e+00,5.086741829262075e+00,1,6.449999660253525e-02,5.200999975204468e-01,6.449999660253525e-02,5.000000000000000e-01
7.069044676167320e-01,1.010318921632549e+00,1248,11505,9.271929241288836e+00,-3.956941051793061e-01,0.000000000000000e+00,1.854334968872122e+00,9.603576090353936e-01,-4.229748593957973e-02,0.000000000000000e+00,1.321220094460381e+00,5.086657846388703e+00,1,6.475000083446503e-02,5.200999975204468e-01,6.475000083446503e-02,5.000000000000000e-01
7.069326788082725e-01,1.009356800442136e+00,1253,11510,9.249396103115926e+00,-3.908436832363454e-01,0.000000000000000e+00,1.854227894166923e+00,9.603800574582095e-01,-4.241935573783358e-02,0.000000000000000e+00,1.321189069823147e+00,5.086573866018174e+00,1,6.499999761581421e-02,5.200999975204468e-01,6.499999761581421e-02,5.000000000000000e-01
7.069608908405829e-01,1.008394650577907e+00,1258,11515,9.226862293394523e+00,-3.859931167376852e-01,0.000000000000000e+00,1.854120816270608e+00,9.604025065500491e-01,-4.254122916813721e-02,0.000000000000000e+00,1.321158044261296e+00,5.086489883144803e+00,1,6.525000184774399e-02,5.200999975204468e-01,6.525000184774399e-02,5.000000000000000e-01
7.069891020321227e-01,1.007432529387484e+00,1263,11520,9.204329155221473e+00,-3.811426947947395e-01,0.000000000000000e+00,1.854013741565410e+00,9.604249549728641e-01,-4.266309896639095e-02,0.000000000000000e+00,1.321127019624062e+00,5.086405902774272e+00,1,6.549999862909317e-02,5.200999975204468e-01,6.549999862909317e-02,5.000000000000000e-01
7.070173140644329e-01,1.006470379523251e+00,1268,11525,9.181795345499999e+00,-3.762921282960869e-01,0.000000000000000e+00,1.853906663669095e+00,9.604474040647033e-01,-4.278497239669452e-02,0.000000000000000e+00,1.321095994062211e+00,5.086321919900902e+00,1,6.575000286102295e-02,5.200999975204468e-01,6.575000286102295e-02,5.000000000000000e-01
7.070455252559729e-01,1.005508258332833e+00,1273,11530,9.159262207327018e+00,-3.714417063531337e-01,0.000000000000000e+00,1.853799588963896e+00,9.604698524875186e-01,-4.290684219494831e-02,0.000000000000000e+00,1.321064969424977e+00,5.086237939530372e+00,1,6.599999964237213e-02,5.200999975204468e-01,6.599999964237213e-02,5.000000000000000e-01
7.070737364475133e-01,1.004546137142415e+00,1278,11535,9.136729069154040e+00,-3.665912844101806e-01,0.000000000000000e+00,1.853692514258698e+00,9.604923009103343e-01,-4.302871199320210e-02,0.000000000000000e+00,1.321033944787744e+00,5.086153959159843e+00,1,6.624999642372131e-02,5.200999975204468e-01,6.624999642372131e-02,5.000000000000000e-01
7.071019484798232e-01,1.003583987278181e+00,1283,11540,9.114195259432565e+00,-3.617407179115279e-01,0.000000000000000e+00,1.853585436362382e+00,9.605147500021736e-01,-4.315058542350567e-02,0.000000000000000e+00,1.321002919225893e+00,5.086069976286471e+00,1,6.650000065565109e-02,5.200999975204468e-01,6.650000065565109e-02,5.000000000000000e-01
7.071301596713634e-01,1.002621866087763e+00,1288,11545,9.091662121259583e+00,-3.568902959685747e-01,0.000000000000000e+00,1.853478361657184e+00,9.605371984249889e-01,-4.327245522175945e-02,0.000000000000000e+00,1.320971894588659e+00,5.085985995915942e+00,1,6.674999743700027e-02,5.200999975204468e-01,6.674999743700027e-02,5.000000000000000e-01
7.071583717036736e-01,1.001659716223530e+00,1293,11550,9.069128311538110e+00,-3.520397294699220e-01,0.000000000000000e+00,1.853371283760870e+00,9.605596475168281e-01,-4.339432865206302e-02,0.000000000000000e+00,1.320940869026808e+00,5.085902013042571e+00,1,6.700000166893005e-02,5.200999975204468e-01,6.700000166893005e-02,5.000000000000000e-01
7.071865828952135e-01,1.000697595033111e+00,1298,11555,9.046595173365130e+00,-3.471893075269689e-01,0.000000000000000e+00,1.853264209055671e+00,9.605820959396436e-01,-4.351619845031681e-02,0.000000000000000e+00,1.320909844389575e+00,5.085818032672041e+00,1,6.724999845027924e-02,5.200999975204468e-01,6.724999845027924e-02,5.000000000000000e-01
7.072147949275237e-01,9.997354451688782e-01,1303,11560,9.024061363643657e+00,-3.423387410283162e-01,0.000000000000000e+00,1.853157131159356e+00,9.606045450314828e-01,-4.363807188062039e-02,0.000000000000000e+00,1.320878818827723e+00,5.085734049798670e+00,1,6.750000268220901e-02,5.200999975204468e-01,6.750000268220901e-02,5.000000000000000e-01
7.072430061190639e-01,9.987733239784600e-01,1308,11565,9.001528225470675e+00,-3.374883190853630e-01,0.000000000000000e+00,1.853050056454157e+00,9.606269934542984e-01,-4.375994167887418e-02,0.000000000000000e+00,1.320847794190490e+00,5.085650069428140e+00,1,6.774999946355820e-02,5.200999975204468e-01,6.774999946355820e-02,5.000000000000000e-01
7.072712181513739e-01,9.978111741142267e-01,1313,11570,8.978994415749201e+00,-3.326377525867100e-01,0.000000000000000e+00,1.852942978557842e+00,9.606494425461373e-01,-4.388181510917775e-02,0.000000000000000e+00,1.320816768628638e+00,5.085566086554769e+00,1,6.800000369548798e-02,5.200999975204468e-01,6.800000369548798e-02,5.000000000000000e-01
7.072994293429141e-01,9.968490529238085e-01,1318,11575,8.956461277576222e+00,-3.277873306437572e-01,0.000000000000000e+00,1.852835903852644e+00,9.606718909689529e-01,-4.400368490743154e-02,0.000000000000000e+00,1.320785743991405e+00,5.085482106184239e+00,1,6.825000047683716e-02,5.200999975204468e-01,6.825000047683716e-02,5.000000000000000e-01
7.073276405344543e-01,9.958869317333903e-01,1323,11580,8.933928139403243e+00,-3.229369087008040e-01,0.000000000000000e+00,1.852728829147445e+00,9.606943393917684e-01,-4.412555470568533e-02,0.000000000000000e+00,1.320754719354172e+00,5.085398125813709e+00,1,6.849999725818634e-02,5.200999975204468e-01,6.849999725818634e-02,5.000000000000000e-01
7.073558525667644e-01,9.949247818691571e-01,1328,11585,8.911394329681769e+00,-3.180863422021514e-01,0.000000000000000e+00,1.852621751251131e+00,9.607167884836074e-01,-4.424742813598890e-02,0.000000000000000e+00,1.320723693792320e+00,5.085314142940338e+00,1,6.875000149011612e-02,5.200999975204468e-01,6.875000149011612e-02,5.000000000000000e-01
7.073840637583045e-01,9.939626606787387e-01,1333,11590,8.888861191508788e+00,-3.132359202591982e-01,0.000000000000000e+00,1.852514676545932e+00,9.607392369064229e-01,-4.436929793424269e-02,0.000000000000000e+00,1.320692669155087e+00,5.085230162569808e+00,1,6.899999827146530e-02,5.200999975204468e-01,6.899999827146530e-02,5.000000000000000e-01
7.074122757906145e-01,9.930005108145055e-01,1338,11595,8.866327381787315e+00,-3.083853537605454e-01,0.000000000000000e+00,1.852407598649617e+00,9.607616859982622e-01,-4.449117136454626e-02,0.000000000000000e+00,1.320661643593235e+00,5.085146179696437e+00,1,6.925000250339508e-02,5.200999975204468e-01,6.925000250339508e-02,5.000000000000000e-01
7.074404869821547e-01,9.920383896240873e-01,1343,11600,8.843794243614333e+00,-3.035349318175923e-01,0.000000000000000e+00,1.852300523944419e+00,9.607841344210775e-01,-4.461304116280005e-02,0.000000000000000e+00,1.320630618956002e+00,5.085062199325908e+00,1,6.949999928474426e-02,5.200999975204468e-01,6.949999928474426e-02,5.000000000000000e-01
7.074686990144647e-01,9.910762397598540e-01,1348,11605,8.821260433892860e+00,-2.986843653189396e-01,0.000000000000000e+00,1.852193446048104e+00,9.608065835129167e-01,-4.473491459310362e-02,0.000000000000000e+00,1.320599593394150e+00,5.084978216452536e+00,1,6.975000351667404e-02,5.200999975204468e-01,6.975000351667404e-02,5.000000000000000e-01
7.074969102060050e-01,9.901141185694359e-01,1353,11611,8.798727295719882e+00,-2.938339433759865e-01,0.000000000000000e+00,1.852086371342905e+00,9.608290319357322e-01,-4.485678439135742e-02,0.000000000000000e+00,1.320568568756917e+00,5.084894236082007e+00,1,7.000000029802322e-02,5.200999975204468e-01,7.000000029802322e-02,5.000000000000000e-01
7.074825818397427e-01,9.890816992712519e-01,1358,11616,8.776701635553181e+00,-2.863937931315680e-01,0.000000000000000e+00,1.852046531045173e+00,9.608030683550506e-01,-4.494629179625391e-02,0.000000000000000e+00,1.320561015568435e+00,5.084845249083987e+00,1,7.024999707937241e-02,5.200999975204468e-01,7.024999707937241e-02,5.000000000000000e-01
7.074682530971694e-01,9.880492492879849e-01,1363,11621,8.754675318357220e+00,-2.789534242378646e-01,0.000000000000000e+00,1.852006689479939e+00,9.607771040582984e-01,-4.503580190729387e-02,0.000000000000000e+00,1.320553462126866e+00,5.084796260584305e+00,1,7.050000131130219e-02,5.200999975204468e-01,7.050000131130219e-02,5.000000000000000e-01
7.074539247816187e-01,9.870168300736040e-01,1368,11626,8.732649657585556e+00,-2.715132770806793e-01,0.000000000000000e+00,1.851966849102057e+00,9.607511405353291e-01,-4.512530935076979e-02,0.000000000000000e+00,1.320545908910403e+00,5.084747273544568e+00,1,7.074999809265137e-02,5.200999975204468e-01,7.074999809265137e-02,5.000000000000000e-01
7.074395960390456e-01,9.859843800903368e-01,1373,11631,8.710623340389597e+00,-2.640729081869763e-01,0.000000000000000e+00,1.851927007536823e+00,9.607251762385767e-01,-4.521481946180975e-02,0.000000000000000e+00,1.320538355468835e+00,5.084698285044885e+00,1,7.100000232458115e-02,5.200999975204468e-01,7.100000232458115e-02,5.000000000000000e-01
7.074252677234949e-01,9.849519608759560e-01,1378,11636,8.688597679617930e+00,-2.566327610297910e-01,0.000000000000000e+00,1.851887167158941e+00,9.606992127156077e-01,-4.530432690528569e-02,0.000000000000000e+00,1.320530802252372e+00,5.084649298005149e+00,1,7.124999910593033e-02,5.200999975204468e-01,7.124999910593033e-02,5.000000000000000e-01
7.074109389809216e-01,9.839195108926888e-01,1383,11641,8.666571362421969e+00,-2.491923921360872e-01,0.000000000000000e+00,1.851847325593707e+00,9.606732484188550e-01,-4.539383701632563e-02,0.000000000000000e+00,1.320523248810803e+00,5.084600309505466e+00,1,7.150000333786011e-02,5.200999975204468e-01,7.150000333786011e-02,5.000000000000000e-01
7.073966106653711e-01,9.828870916783079e-01,1388,11646,8.644545701650305e+00,-2.417522449789027e-01,0.000000000000000e+00,1.851807485215824e+00,9.606472848958858e-01,-4.548334445980157e-02,0.000000000000000e+00,1.320515695594340e+00,5.084551322465730e+00,1,7.175000011920929e-02,5.200999975204468e-01,7.175000011920929e-02,5.000000000000000e-01
7.073822823498204e-01,9.818546724639270e-01,1393,11651,8.622520040878637e+00,-2.343120978217174e-01,0.000000000000000e+00,1.851767644837941e+00,9.606213213729168e-01,-4.557285190327749e-02,0.000000000000000e+00,1.320508142377878e+00,5.084502335425993e+00,1,7.199999690055847e-02,5.200999975204468e-01,7.199999690055847e-02,5.000000000000000e-01
7.073679536072472e-01,9.808222224806600e-01,1398,11656,8.600493723682677e+00,-2.268717289280135e-01,0.000000000000000e+00,1.851727803272708e+00,9.605953570761644e-01,-4.566236201431745e-02,0.000000000000000e+00,1.320500588936309e+00,5.084453346926310e+00,1,7.225000113248825e-02,5.200999975204468e-01,7.225000113248825e-02,5.000000000000000e-01
7.073536252916965e-01,9.797898032662788e-01,1403,11661,8.578468062911011e+00,-2.194315817708282e-01,0.000000000000000e+00,1.851687962894825e+00,9.605693935531951e-01,-4.575186945779338e-02,0.000000000000000e+00,1.320493035719846e+00,5.084404359886574e+00,1,7.249999791383743e-02,5.200999975204468e-01,7.249999791383743e-02,5.000000000000000e-01
7.073392965491230e-01,9.787573532830074e-01,1408,11666,8.556441745714984e+00,-2.119912128771329e-01,0.000000000000000e+00,1.851648121329591e+00,9.605434292564422e-01,-4.584137956883329e-02,0.000000000000000e+00,1.320485482278278e+00,5.084355371386891e+00,1,7.275000214576721e-02,5.200999975204468e-01,7.275000214576721e-02,5.000000000000000e-01
7.073249682335727e-01,9.777249340686309e-01,1413,11671,8.534416084943384e+00,-2.045510657199399e-01,0.000000000000000e+00,1.851608280951709e+00,9.605174657334734e-01,-4.593088701230927e-02,0.000000000000000e+00,1.320477929061815e+00,5.084306384347155e+00,1,7.299999892711639e-02,5.200999975204468e-01,7.299999892711639e-02,5.000000000000000e-01
7.073106394909997e-01,9.766924840853685e-01,1418,11676,8.512389767747489e+00,-1.971106968262281e-01,0.000000000000000e+00,1.851568439386475e+00,9.604915014367215e-01,-4.602039712334926e-02,0.000000000000000e+00,1.320470375620246e+00,5.084257395847473e+00,1,7.325000315904617e-02,5.200999975204468e-01,7.325000315904617e-02,5.000000000000000e-01
7.072963111754489e-01,9.756600648709829e-01,1423,11681,8.490364106975759e+00,-1.896705496690513e-01,0.000000000000000e+00,1.851528599008592e+00,9.604655379137520e-01,-4.610990456682516e-02,0.000000000000000e+00,1.320462822403784e+00,5.084208408807736e+00,1,7.349999994039536e-02,5.200999975204468e-01,7.349999994039536e-02,5.000000000000000e-01
7.072819828598982e-01,9.746276456566021e-01,1428,11686,8.468338446204093e+00,-1.822304025118664e-01,0.000000000000000e+00,1.851488758630710e+00,9.604395743907828e-01,-4.619941201030108e-02,0.000000000000000e+00,1.320455269187321e+00,5.084159421768000e+00,1,7.374999672174454e-02,5.200999975204468e-01,7.374999672174454e-02,5.000000000000000e-01
7.072676541173250e-01,9.735951956733349e-01,1433,11691,8.446312129008131e+00,-1.747900336181625e-01,0.000000000000000e+00,1.851448917065476e+00,9.604136100940303e-01,-4.628892212134104e-02,0.000000000000000e+00,1.320447715745752e+00,5.084110433268317e+00,1,7.400000095367432e-02,5.200999975204468e-01,7.400000095367432e-02,5.000000000000000e-01
7.072533258017741e-01,9.725627764589539e-01,1438,11696,8.424286468236465e+00,-1.673498864609776e-01,0.000000000000000e+00,1.851409076687593e+00,9.603876465710610e-01,-4.637842956481697e-02,0.000000000000000e+00,1.320440162529289e+00,5.084061446228581e+00,1,7.424999773502350e-02,5.200999975204468e-01,7.424999773502350e-02,5.000000000000000e-01
7.072389970592010e-01,9.715303264756867e-01,1443,11701,8.402260151040506e+00,-1.599095175672738e-01,0.000000000000000e+00,1.851369235122360e+00,9.603616822743087e-01,-4.646793967585693e-02,0.000000000000000e+00,1.320432609087720e+00,5.084012457728898e+00,1,7.450000196695328e-02,5.200999975204468e-01,7.450000196695328e-02,5.000000000000000e-01
7.072246687436503e-01,9.704979072613060e-01,1448,11706,8.380234490268839e+00,-1.524693704100889e-01,0.000000000000000e+00,1.851329394744477e+00,9.603357187513395e-01,-4.655744711933284e-02,0.000000000000000e+00,1.320425055871258e+00,5.083963470689161e+00,1,7.474999874830246e-02,5.200999975204468e-01,7.474999874830246e-02,5.000000000000000e-01
7.072103400010772e-01,9.694654572780388e-01,1453,11711,8.358208173072880e+00,-1.450290015163851e-01,0.000000000000000e+00,1.851289553179243e+00,9.603097544545871e-01,-4.664695723037281e-02,0.000000000000000e+00,1.320417502429689e+00,5.083914482189479e+00,1,7.500000298023224e-02,5.200999975204468e-01,7.500000298023224e-02,5.000000000000000e-01
7.071960116855265e-01,9.684330380636580e-01,1458,11716,8.336182512301214e+00,-1.375888543592005e-01,0.000000000000000e+00,1.851249712801361e+00,9.602837909316180e-01,-4.673646467384873e-02,0.000000000000000e+00,1.320409949213226e+00,5.083865495149743e+00,1,7.524999976158142e-02,5.200999975204468e-01,7.524999976158142e-02,5.000000000000000e-01
7.071816833699762e-01,9.674006188492816e-01,1463,11721,8.314156851529612e+00,-1.301487072020072e-01,0.000000000000000e+00,1.851209872423477e+00,9.602578274086491e-01,-4.682597211732470e-02,0.000000000000000e+00,1.320402395996764e+00,5.083816508110006e+00,1,7.549999654293060e-02,5.200999975204468e-01,7.549999654293060e-02,5.000000000000000e-01
7.071673546274027e-01,9.663681688660100e-01,1468,11726,8.292130534333587e+00,-1.227083383083114e-01,0.000000000000000e+00,1.851170030858244e+00,9.602318631118962e-01,-4.691548222836463e-02,0.000000000000000e+00,1.320394842555195e+00,5.083767519610323e+00,1,7.575000077486038e-02,5.200999975204468e-01,7.575000077486038e-02,5.000000000000000e-01
7.071530263118520e-01,9.653357496516290e-01,1473,11731,8.270104873561920e+00,-1.152681911511266e-01,0.000000000000000e+00,1.851130190480361e+00,9.602058995889271e-01,-4.700498967184055e-02,0.000000000000000e+00,1.320387289338732e+00,5.083718532570586e+00,1,7.599999755620956e-02,5.200999975204468e-01,7.599999755620956e-02,5.000000000000000e-01
7.071386975692788e-01,9.643032996683620e-01,1478,11736,8.248078556365961e+00,-1.078278222574227e-01,0.000000000000000e+00,1.851090348915128e+00,9.601799352921748e-01,-4.709449978288053e-02,0.000000000000000e+00,1.320379735897164e+00,5.083669544070904e+00,1,7.625000178813934e-02,5.200999975204468e-01,7.625000178813934e-02,5.000000000000000e-01
7.071243692537281e-01,9.632708804539809e-01,1483,11741,8.226052895594295e+00,-1.003876751002379e-01,0.000000000000000e+00,1.851050508537245e+00,9.601539717692057e-01,-4.718400722635644e-02,0.000000000000000e+00,1.320372182680701e+00,5.083620557031168e+00,1,7.649999856948853e-02,5.200999975204468e-01,7.649999856948853e-02,5.000000000000000e-01
7.071100405111550e-01,9.622384304707139e-01,1488,11746,8.204026578398334e+00,-9.294730620653401e-02,0.000000000000000e+00,1.851010666972011e+00,9.601280074724532e-01,-4.727351733739640e-02,0.000000000000000e+00,1.320364629239132e+00,5.083571568531486e+00,1,7.675000280141830e-02,5.200999975204468e-01,7.675000280141830e-02,5.000000000000000e-01
7.070957121956043e-01,9.612060112563330e-01,1493,11751,8.182000917626667e+00,-8.550715904934912e-02,0.000000000000000e+00,1.850970826594129e+00,9.601020439494841e-01,-4.736302478087233e-02,0.000000000000000e+00,1.320357076022669e+00,5.083522581491749e+00,1,7.699999958276749e-02,5.200999975204468e-01,7.699999958276749e-02,5.000000000000000e-01
7.070813838800536e-01,9.601735920419521e-01,1498,11756,8.159975256855002e+00,-7.806701189216424e-02,0.000000000000000e+00,1.850930986216246e+00,9.600760804265147e-01,-4.745253222434826e-02,0.000000000000000e+00,1.320349522806207e+00,5.083473594452013e+00,1,7.724999636411667e-02,5.200999975204468e-01,7.724999636411667e-02,5.000000000000000e-01
7.070670551374805e-01,9.591411420586849e-01,1503,11761,8.137948939659042e+00,-7.062664299846039e-02,0.000000000000000e+00,1.850891144651013e+00,9.600501161297623e-01,-4.754204233538822e-02,0.000000000000000e+00,1.320341969364638e+00,5.083424605952330e+00,1,7.750000059604645e-02,5.200999975204468e-01,7.750000059604645e-02,5.000000000000000e-01
7.070527268219298e-01,9.581087228443040e-01,1508,11766,8.115923278887376e+00,-6.318649584127553e-02,0.000000000000000e+00,1.850851304273130e+00,9.600241526067932e-01,-4.763154977886414e-02,0.000000000000000e+00,1.320334416148175e+00,5.083375618912594e+00,1,7.774999737739563e-02,5.200999975204468e-01,7.774999737739563e-02,5.000000000000000e-01
7.070383980793566e-01,9.570762728610369e-01,1513,11771,8.093896961691417e+00,-5.574612694757208e-02,0.000000000000000e+00,1.850811462707896e+00,9.599981883100407e-01,-4.772105988990410e-02,0.000000000000000e+00,1.320326862706606e+00,5.083326630412911e+00,1,7.800000160932541e-02,5.200999975204468e-01,7.800000160932541e-02,5.000000000000000e-01
7.070240697638059e-01,9.560438536466560e-01,1518,11776,8.071871300919749e+00,-4.830597979038680e-02,0.000000000000000e+00,1.850771622330013e+00,9.599722247870716e-01,-4.781056733338003e-02,0.000000000000000e+00,1.320319309490144e+00,5.083277643373174e+00,1,7.824999839067459e-02,5.200999975204468e-01,7.824999839067459e-02,5.000000000000000e-01
7.070097410212326e-01,9.550114036633889e-01,1523,11781,8.049844983723787e+00,-4.086561089668300e-02,0.000000000000000e+00,1.850731780764780e+00,9.599462604903191e-01,-4.790007744441999e-02,0.000000000000000e+00,1.320311756048575e+00,5.083228654873492e+00,1,7.850000262260437e-02,5.200999975204468e-01,7.850000262260437e-02,5.000000000000000e-01
7.069954127056820e-01,9.539789844490080e-01,1528,11786,8.027819322952123e+00,-3.342546373949809e-02,0.000000000000000e+00,1.850691940386897e+00,9.599202969673499e-01,-4.798958488789592e-02,0.000000000000000e+00,1.320304202832112e+00,5.083179667833756e+00,1,7.874999940395355e-02,5.200999975204468e-01,7.874999940395355e-02,5.000000000000000e-01
7.069810839631088e-01,9.529465344657408e-01,1533,11791,8.005793005756162e+00,-2.598509484579425e-02,0.000000000000000e+00,1.850652098821663e+00,9.598943326705974e-01,-4.807909499893588e-02,0.000000000000000e+00,1.320296649390543e+00,5.083130679334072e+00,1,7.900000363588333e-02,5.200999975204468e-01,7.900000363588333e-02,5.000000000000000e-01
7.069667556475582e-01,9.519141152513599e-01,1538,11796,7.983767344984496e+00,-1.854494768860936e-02,0.000000000000000e+00,1.850612258443781e+00,9.598683691476282e-01,-4.816860244241181e-02,0.000000000000000e+00,1.320289096174081e+00,5.083081692294336e+00,1,7.925000041723251e-02,5.200999975204468e-01,7.925000041723251e-02,5.000000000000000e-01
7.069524273320076e-01,9.508816960369793e-01,1543,11801,7.961741684212830e+00,-1.110480053142447e-02,0.000000000000000e+00,1.850572418065898e+00,9.598424056246593e-01,-4.825810988588773e-02,0.000000000000000e+00,1.320281542957618e+00,5.083032705254600e+00,1,7.949999719858170e-02,5.200999975204468e-01,7.949999719858170e-02,5.000000000000000e-01
7.069380985894343e-01,9.498492460537119e-01,1548,11806,7.939715367016870e+00,-3.664431637720622e-03,0.000000000000000e+00,1.850532576500664e+00,9.598164413279067e-01,-4.834761999692769e-02,0.000000000000000e+00,1.320273989516049e+00,5.082983716754917e+00,1,7.975000143051147e-02,5.200999975204468e-01,7.975000143051147e-02,5.000000000000000e-01
7.069237702738836e-01,9.488168268393311e-01,1553,11812,7.917689706245205e+00,3.775715519464267e-03,0.000000000000000e+00,1.850492736122782e+00,9.597904778049375e-01,-4.843712744040363e-02,0.000000000000000e+00,1.320266436299587e+00,5.082934729715181e+00,1,7.999999821186066e-02,5.200999975204468e-01,7.999999821186066e-02,5.000000000000000e-01
7.068875537138335e-01,9.477504715728189e-01,1558,11817,7.896881025422655e+00,1.058440626633624e-02,0.000000000000000e+00,1.850534465020909e+00,9.597434289422633e-01,-4.848617289792900e-02,0.000000000000000e+00,1.320278264864992e+00,5.082932000949092e+00,1,8.025000244379044e-02,5.200999975204468e-01,8.025000244379044e-02,5.000000000000000e-01
7.068513380765545e-01,9.466841478431322e-01,1563,11822,7.876072973445488e+00,1.739288958391098e-02,0.000000000000000e+00,1.850576193258854e+00,9.596963813309279e-01,-4.853521660439627e-02,0.000000000000000e+00,1.320290093216511e+00,5.082929272595187e+00,1,8.049999922513962e-02,5.200999975204468e-01,8.049999922513962e-02,5.000000000000000e-01
7.068151213599523e-01,9.456177923341176e-01,1568,11827,7.855264301332129e+00,2.420157581272122e-02,0.000000000000000e+00,1.850617922740413e+00,9.596493323174470e-01,-4.858426177249874e-02,0.000000000000000e+00,1.320301921920546e+00,5.082926544159970e+00,1,8.075000345706940e-02,5.200999975204468e-01,8.075000345706940e-02,5.000000000000000e-01
7.067789057226735e-01,9.445514686044311e-01,1573,11832,7.834456249354965e+00,3.101005913029597e-02,0.000000000000000e+00,1.850659650978358e+00,9.596022847061118e-01,-4.863330547896603e-02,0.000000000000000e+00,1.320313750272065e+00,5.082923815806065e+00,1,8.100000023841858e-02,5.200999975204468e-01,8.100000023841858e-02,5.000000000000000e-01
7.067426900853943e-01,9.434851448747349e-01,1578,11837,7.813648197377676e+00,3.781854244785419e-02,0.000000000000000e+00,1.850701379216304e+00,9.595552370947761e-01,-4.868234918543327e-02,0.000000000000000e+00,1.320325578623583e+00,5.082921087452162e+00,1,8.124999701976776e-02,5.200999975204468e-01,8.124999701976776e-02,5.000000000000000e-01
7.067064733687919e-01,9.424187893657202e-01,1583,11842,7.792839525264313e+00,4.462722867666519e-02,0.000000000000000e+00,1.850743108697863e+00,9.595081880812951e-01,-4.873139435353575e-02,0.000000000000000e+00,1.320337407327619e+00,5.082918359016943e+00,1,8.150000125169754e-02,5.200999975204468e-01,8.150000125169754e-02,5.000000000000000e-01
7.066702577315132e-01,9.413524656360290e-01,1588,11847,7.772031473287089e+00,5.143571199423048e-02,0.000000000000000e+00,1.850784836935808e+00,9.594611404699597e-01,-4.878043806000300e-02,0.000000000000000e+00,1.320349235679137e+00,5.082915630663039e+00,1,8.174999803304672e-02,5.200999975204468e-01,8.174999803304672e-02,5.000000000000000e-01
7.066340410149107e-01,9.402861101270148e-01,1593,11852,7.751222801173731e+00,5.824439822304110e-02,0.000000000000000e+00,1.850826566417368e+00,9.594140914564786e-01,-4.882948322810548e-02,0.000000000000000e+00,1.320361064383173e+00,5.082912902227823e+00,1,8.200000226497650e-02,5.200999975204468e-01,8.200000226497650e-02,5.000000000000000e-01
7.065978253776323e-01,9.392197863973329e-01,1598,11857,7.730414749196630e+00,6.505288154062371e-02,0.000000000000000e+00,1.850868294655312e+00,9.593670438451439e-01,-4.887852693457278e-02,0.000000000000000e+00,1.320372892734691e+00,5.082910173873917e+00,1,8.224999904632568e-02,5.200999975204468e-01,8.224999904632568e-02,5.000000000000000e-01
7.065616086610295e-01,9.381534308883087e-01,1603,11862,7.709606077083143e+00,7.186156776941777e-02,0.000000000000000e+00,1.850910024136872e+00,9.593199948316622e-01,-4.892757210267521e-02,0.000000000000000e+00,1.320384721438727e+00,5.082907445438700e+00,1,8.250000327825546e-02,5.200999975204468e-01,8.250000327825546e-02,5.000000000000000e-01
7.065253930237507e-01,9.370871071586220e-01,1608,11867,7.688798025105978e+00,7.867005108699253e-02,0.000000000000000e+00,1.850951752374817e+00,9.592729472203269e-01,-4.897661580914249e-02,0.000000000000000e+00,1.320396549790245e+00,5.082904717084794e+00,1,8.275000005960464e-02,5.200999975204468e-01,8.275000005960464e-02,5.000000000000000e-01
7.064891773864720e-01,9.360207834289354e-01,1613,11872,7.667989973128813e+00,8.547853440456729e-02,0.000000000000000e+00,1.850993480612762e+00,9.592258996089917e-01,-4.902565951560977e-02,0.000000000000000e+00,1.320408378141764e+00,5.082901988730891e+00,1,8.299999684095383e-02,5.200999975204468e-01,8.299999684095383e-02,5.000000000000000e-01
7.064529606698693e-01,9.349544279199162e-01,1618,11877,7.647181301015392e+00,9.228722063336886e-02,0.000000000000000e+00,1.851035210094321e+00,9.591788505955107e-01,-4.907470468371222e-02,0.000000000000000e+00,1.320420206845800e+00,5.082899260295674e+00,1,8.325000107288361e-02,5.200999975204468e-01,8.325000107288361e-02,5.000000000000000e-01
7.064167450325907e-01,9.338881041902294e-01,1623,11882,7.626373249038227e+00,9.909570395094397e-02,0.000000000000000e+00,1.851076938332266e+00,9.591318029841753e-01,-4.912374839017950e-02,0.000000000000000e+00,1.320432035197318e+00,5.082896531941769e+00,1,8.349999785423279e-02,5.200999975204468e-01,8.349999785423279e-02,5.000000000000000e-01
7.063805283159879e-01,9.328217486812053e-01,1628,11887,7.605564576924743e+00,1.059043901797378e-01,0.000000000000000e+00,1.851118667813826e+00,9.590847539706936e-01,-4.917279355828193e-02,0.000000000000000e+00,1.320443863901354e+00,5.082893803506551e+00,1,8.375000208616257e-02,5.200999975204468e-01,8.375000208616257e-02,5.000000000000000e-01
7.063443126787093e-01,9.317554249515236e-01,1633,11892,7.584756524947641e+00,1.127128734973207e-01,0.000000000000000e+00,1.851160396051771e+00,9.590377063593587e-01,-4.922183726474923e-02,0.000000000000000e+00,1.320455692252872e+00,5.082891075152648e+00,1,8.399999886751175e-02,5.200999975204468e-01,8.399999886751175e-02,5.000000000000000e-01
7.063080959621066e-01,9.306890694425042e-01,1638,11897,7.563947852834218e+00,1.195215597261226e-01,0.000000000000000e+00,1.851202125533330e+00,9.589906573458775e-01,-4.927088243285169e-02,0.000000000000000e+00,1.320467520956907e+00,5.082888346717430e+00,1,8.425000309944153e-02,5.200999975204468e-01,8.425000309944153e-02,5.000000000000000e-01
7.062718803248278e-01,9.296227457128127e-01,1643,11902,7.543139800856991e+00,1.263300430436892e-01,0.000000000000000e+00,1.851243853771275e+00,9.589436097345418e-01,-4.931992613931895e-02,0.000000000000000e+00,1.320479349308426e+00,5.082885618363525e+00,1,8.449999988079071e-02,5.200999975204468e-01,8.449999988079071e-02,5.000000000000000e-01
7.062356646875489e-01,9.285564219831260e-01,1648,11907,7.522331748879825e+00,1.331385263612639e-01,0.000000000000000e+00,1.851285582009220e+00,9.588965621232067e-01,-4.936896984578622e-02,0.000000000000000e+00,1.320491177659945e+00,5.082882890009619e+00,1,8.474999666213989e-02,5.200999975204468e-01,8.474999666213989e-02,5.000000000000000e-01
7.061994479709467e-01,9.274900664741117e-01,1653,11912,7.501523076766466e+00,1.399472125900740e-01,0.000000000000000e+00,1.851327311490780e+00,9.588495131097258e-01,-4.941801501388871e-02,0.000000000000000e+00,1.320503006363980e+00,5.082880161574403e+00,1,8.500000089406967e-02,5.200999975204468e-01,8.500000089406967e-02,5.000000000000000e-01
7.061632323336681e-01,9.264237427444251e-01,1658,11917,7.480715024789301e+00,1.467556959076488e-01,0.000000000000000e+00,1.851369039728725e+00,9.588024654983907e-01,-4.946705872035598e-02,0.000000000000000e+00,1.320514834715499e+00,5.082877433220499e+00,1,8.524999767541885e-02,5.200999975204468e-01,8.524999767541885e-02,5.000000000000000e-01
7.061270156170653e-01,9.253573872354010e-01,1663,11922,7.459906352675818e+00,1.535643821364426e-01,0.000000000000000e+00,1.851410769210284e+00,9.587554164849090e-01,-4.951610388845842e-02,0.000000000000000e+00,1.320526663419534e+00,5.082874704785281e+00,1,8.550000190734863e-02,5.200999975204468e-01,8.550000190734863e-02,5.000000000000000e-01
7.060907999797864e-01,9.242910635057142e-01,1668,11927,7.439098300698652e+00,1.603728654540173e-01,0.000000000000000e+00,1.851452497448229e+00,9.587083688735738e-01,-4.956514759492570e-02,0.000000000000000e+00,1.320538491771053e+00,5.082871976431377e+00,1,8.574999868869781e-02,5.200999975204468e-01,8.574999868869781e-02,5.000000000000000e-01
7.060545832631838e-01,9.232247079966949e-01,1673,11932,7.418289628585232e+00,1.671815516828193e-01,0.000000000000000e+00,1.851494226929788e+00,9.586613198600924e-01,-4.961419276302816e-02,0.000000000000000e+00,1.320550320475088e+00,5.082869247996160e+00,1,8.600000292062759e-02,5.200999975204468e-01,8.600000292062759e-02,5.000000000000000e-01
7.060183676259054e-01,9.221583842670136e-01,1678,11937,7.397481576608129e+00,1.739900350004018e-01,0.000000000000000e+00,1.851535955167734e+00,9.586142722487576e-01,-4.966323646949544e-02,0.000000000000000e+00,1.320562148826607e+00,5.082866519642256e+00,1,8.624999970197678e-02,5.200999975204468e-01,8.624999970197678e-02,5.000000000000000e-01
7.059821519886265e-01,9.210920605373218e-01,1683,11942,7.376673524630901e+00,1.807985183179688e-01,0.000000000000000e+00,1.851577683405679e+00,9.585672246374222e-01,-4.971228017596271e-02,0.000000000000000e+00,1.320573977178125e+00,5.082863791288350e+00,1,8.649999648332596e-02,5.200999975204468e-01,8.649999648332596e-02,5.000000000000000e-01
7.059459352720239e-01,9.200257050283025e-01,1688,11947,7.355864852517481e+00,1.876072045467704e-01,0.000000000000000e+00,1.851619412887238e+00,9.585201756239410e-01,-4.976132534406517e-02,0.000000000000000e+00,1.320585805882160e+00,5.082861062853134e+00,1,8.675000071525574e-02,5.200999975204468e-01,8.675000071525574e-02,5.000000000000000e-01
7.059097196347452e-01,9.189593812986159e-01,1693,11952,7.335056800540317e+00,1.944156878643451e-01,0.000000000000000e+00,1.851661141125183e+00,9.584731280126058e-01,-4.981036905053245e-02,0.000000000000000e+00,1.320597634233679e+00,5.082858334499229e+00,1,8.699999749660492e-02,5.200999975204468e-01,8.699999749660492e-02,5.000000000000000e-01
7.058735029181427e-01,9.178930257896019e-01,1698,11957,7.314248128426957e+00,2.012243740931547e-01,0.000000000000000e+00,1.851702870606742e+00,9.584260789991247e-01,-4.985941421863491e-02,0.000000000000000e+00,1.320609462937715e+00,5.082855606064012e+00,1,8.725000172853470e-02,5.200999975204468e-01,8.725000172853470e-02,5.000000000000000e-01
7.058372872808640e-01,9.168267020599152e-01,1703,11962,7.293440076449789e+00,2.080328574107303e-01,0.000000000000000e+00,1.851744598844687e+00,9.583790313877893e-01,-4.990845792510219e-02,0.000000000000000e+00,1.320621291289233e+00,5.082852877710107e+00,1,8.749999850988388e-02,5.200999975204468e-01,8.749999850988388e-02,5.000000000000000e-01
7.058010705642614e-01,9.157603465508959e-01,1708,11967,7.272631404336368e+00,2.148415436395322e-01,0.000000000000000e+00,1.851786328326246e+00,9.583319823743082e-01,-4.995750309320464e-02,0.000000000000000e+00,1.320633119993268e+00,5.082850149274890e+00,1,8.775000274181366e-02,5.200999975204468e-01,8.775000274181366e-02,5.000000000000000e-01
7.057648549269825e-01,9.146940228212039e-01,1713,11972,7.251823352359143e+00,2.216500269570985e-01,0.000000000000000e+00,1.851828056564192e+00,9.582849347629726e-01,-5.000654679967191e-02,0.000000000000000e+00,1.320644948344787e+00,5.082847420920985e+00,1,8.799999952316284e-02,5.200999975204468e-01,8.799999952316284e-02,5.000000000000000e-01
7.057286392897040e-01,9.136276990915175e-01,1718,11977,7.231015300381978e+00,2.284585102746733e-01,0.000000000000000e+00,1.851869784802137e+00,9.582378871516375e-01,-5.005559050613920e-02,0.000000000000000e+00,1.320656776696306e+00,5.082844692567082e+00,1,8.824999630451202e-02,5.200999975204468e-01,8.824999630451202e-02,5.000000000000000e-01
7.056924225731012e-01,9.125613435824980e-01,1723,11982,7.210206628268555e+00,2.352671965034756e-01,0.000000000000000e+00,1.851911514283696e+00,9.581908381381562e-01,-5.010463567424164e-02,0.000000000000000e+00,1.320668605400341e+00,5.082841964131863e+00,1,8.850000053644180e-02,5.200999975204468e-01,8.850000053644180e-02,5.000000000000000e-01
7.056562069358225e-01,9.114950198528116e-01,1728,11987,7.189398576291390e+00,2.420756798210499e-01,0.000000000000000e+00,1.851953242521641e+00,9.581437905268209e-01,-5.015367938070892e-02,0.000000000000000e+00,1.320680433751860e+00,5.082839235777959e+00,1,8.874999731779099e-02,5.200999975204468e-01,8.874999731779099e-02,5.000000000000000e-01
7.056199902192202e-01,9.104286643437975e-01,1733,11992,7.168589904178031e+00,2.488843660498600e-01,0.000000000000000e+00,1.851994972003201e+00,9.580967415133399e-01,-5.020272454881139e-02,0.000000000000000e+00,1.320692262455895e+00,5.082836507342742e+00,1,8.900000154972076e-02,5.200999975204468e-01,8.900000154972076e-02,5.000000000000000e-01
7.055837745819411e-01,9.093623406141057e-01,1738,11997,7.147781852200804e+00,2.556928493674266e-01,0.000000000000000e+00,1.852036700241146e+00,9.580496939020045e-01,-5.025176825527866e-02,0.000000000000000e+00,1.320704090807413e+00,5.082833778988837e+00,1,8.924999833106995e-02,5.200999975204468e-01,8.924999833106995e-02,5.000000000000000e-01
7.055475578653385e-01,9.082959851050862e-01,1743,12002,7.126973180087382e+00,2.625015355962290e-01,0.000000000000000e+00,1.852078429722705e+00,9.580026448885232e-01,-5.030081342338111e-02,0.000000000000000e+00,1.320715919511449e+00,5.082831050553620e+00,1,8.950000256299973e-02,5.200999975204468e-01,8.950000256299973e-02,5.000000000000000e-01
7.055113422280599e-01,9.072296613753996e-01,1748,12007,7.106165128110217e+00,2.693100189138032e-01,0.000000000000000e+00,1.852120157960650e+00,9.579555972771878e-01,-5.034985712984839e-02,0.000000000000000e+00,1.320727747862967e+00,5.082828322199715e+00,1,8.974999934434891e-02,5.200999975204468e-01,8.974999934434891e-02,5.000000000000000e-01
7.054751255114571e-01,9.061633058663752e-01,1753,12013,7.085356455996735e+00,2.761187051425972e-01,0.000000000000000e+00,1.852161887442210e+00,9.579085482637064e-01,-5.039890229795083e-02,0.000000000000000e+00,1.320739576567003e+00,5.082825593764499e+00,1,9.000000357627869e-02,5.200999975204468e-01,9.000000357627869e-02,5.000000000000000e-01
7.054256128187528e-01,9.051248230348531e-01,1758,12018,7.066985716434016e+00,2.792156903966008e-01,0.000000000000000e+00,1.852258217511763e+00,9.578484477600853e-01,-5.041132090227877e-02,0.000000000000000e+00,1.320760646614191e+00,5.082841489282101e+00,1,9.025000035762787e-02,5.200999975204468e-01,9.025000035762787e-02,5.000000000000000e-01
7.053761003162641e-01,9.040863398050593e-01,1763,12023,7.048614942005258e+00,2.823127287439258e-01,0.000000000000000e+00,1.852354546800231e+00,9.577883474431869e-01,-5.042374003053222e-02,0.000000000000000e+00,1.320781716529177e+00,5.082857384533287e+00,1,9.049999713897705e-02,5.200999975204468e-01,9.049999713897705e-02,5.000000000000000e-01
7.053265863381686e-01,9.030478256256549e-01,1768,12028,7.030243620077704e+00,2.854098593913745e-01,0.000000000000000e+00,1.852450878959573e+00,9.577282453351361e-01,-5.043615952890931e-02,0.000000000000000e+00,1.320802787072103e+00,5.082873280258194e+00,1,9.075000137090683e-02,5.200999975204468e-01,9.075000137090683e-02,5.000000000000000e-01
7.052770738356797e-01,9.020093423958612e-01,1773,12033,7.011872845648944e+00,2.885068977386999e-01,0.000000000000000e+00,1.852547208248043e+00,9.576681450182378e-01,-5.044857865716278e-02,0.000000000000000e+00,1.320823856987088e+00,5.082889175509380e+00,1,9.099999815225601e-02,5.200999975204468e-01,9.099999815225601e-02,5.000000000000000e-01
7.052275598575846e-01,9.009708282164566e-01,1778,12038,6.993501523721391e+00,2.916040283861486e-01,0.000000000000000e+00,1.852643540407385e+00,9.576080429101872e-01,-5.046099815553987e-02,0.000000000000000e+00,1.320844927530014e+00,5.082905071234288e+00,1,9.125000238418579e-02,5.200999975204468e-01,9.125000238418579e-02,5.000000000000000e-01
7.051780473550960e-01,8.999323449866682e-01,1783,12043,6.975130749292690e+00,2.947010667334819e-01,0.000000000000000e+00,1.852739869695853e+00,9.575479425932889e-01,-5.047341728379333e-02,0.000000000000000e+00,1.320865997444999e+00,5.082920966485474e+00,1,9.149999916553497e-02,5.200999975204468e-01,9.149999916553497e-02,5.000000000000000e-01
7.051285333770005e-01,8.988938308072585e-01,1788,12048,6.956759427365078e+00,2.977981973809227e-01,0.000000000000000e+00,1.852836201855196e+00,9.574878404852381e-01,-5.048583678217042e-02,0.000000000000000e+00,1.320887067987925e+00,5.082936862210381e+00,1,9.175000339746475e-02,5.200999975204468e-01,9.175000339746475e-02,5.000000000000000e-01
7.050790208745117e-01,8.978553475774700e-01,1793,12053,6.938388652936379e+00,3.008952357282555e-01,0.000000000000000e+00,1.852932531143665e+00,9.574277401683399e-01,-5.049825591042388e-02,0.000000000000000e+00,1.320908137902911e+00,5.082952757461569e+00,1,9.200000017881393e-02,5.200999975204468e-01,9.200000017881393e-02,5.000000000000000e-01
7.050295083720229e-01,8.968168643476704e-01,1798,12058,6.920017878507553e+00,3.039922740755733e-01,0.000000000000000e+00,1.853028860432134e+00,9.573676398514410e-01,-5.051067503867734e-02,0.000000000000000e+00,1.320929207817896e+00,5.082968652712753e+00,1,9.224999696016312e-02,5.200999975204468e-01,9.224999696016312e-02,5.000000000000000e-01
7.049799943939277e-01,8.957783501682661e-01,1803,12063,6.901646556580002e+00,3.070894047230220e-01,0.000000000000000e+00,1.853125192591476e+00,9.573075377433905e-01,-5.052309453705443e-02,0.000000000000000e+00,1.320950278360822e+00,5.082984548437661e+00,1,9.250000119209290e-02,5.200999975204468e-01,9.250000119209290e-02,5.000000000000000e-01
7.049304818914389e-01,8.947398669384777e-01,1808,12068,6.883275782151302e+00,3.101864430703550e-01,0.000000000000000e+00,1.853221521879945e+00,9.572474374264921e-01,-5.053551366530790e-02,0.000000000000000e+00,1.320971348275807e+00,5.083000443688848e+00,1,9.274999797344208e-02,5.200999975204468e-01,9.274999797344208e-02,5.000000000000000e-01
7.048809679133433e-01,8.937013527590678e-01,1813,12073,6.864904460223689e+00,3.132835737177961e-01,0.000000000000000e+00,1.853317854039287e+00,9.571873353184415e-01,-5.054793316368499e-02,0.000000000000000e+00,1.320992418818733e+00,5.083016339413756e+00,1,9.300000220537186e-02,5.200999975204468e-01,9.300000220537186e-02,5.000000000000000e-01
7.048314554108545e-01,8.926628695292740e-01,1818,12078,6.846533685794927e+00,3.163806120651214e-01,0.000000000000000e+00,1.853414183327756e+00,9.571272350015430e-01,-5.056035229193845e-02,0.000000000000000e+00,1.321013488733719e+00,5.083032234664941e+00,1,9.324999898672104e-02,5.200999975204468e-01,9.324999898672104e-02,5.000000000000000e-01
7.047819414327590e-01,8.916243553498640e-01,1823,12083,6.828162363867313e+00,3.194777427125627e-01,0.000000000000000e+00,1.853510515487099e+00,9.570671328934921e-01,-5.057277179031553e-02,0.000000000000000e+00,1.321034559276644e+00,5.083048130389848e+00,1,9.350000321865082e-02,5.200999975204468e-01,9.350000321865082e-02,5.000000000000000e-01
7.047324289302705e-01,8.905858721200759e-01,1828,12088,6.809791589438616e+00,3.225747810598953e-01,0.000000000000000e+00,1.853606844775568e+00,9.570070325765940e-01,-5.058519091856901e-02,0.000000000000000e+00,1.321055629191630e+00,5.083064025641035e+00,1,9.375000000000000e-02,5.200999975204468e-01,9.375000000000000e-02,5.000000000000000e-01
7.046829164277816e-01,8.895473888902816e-01,1833,12093,6.791420815009851e+00,3.256718194072208e-01,0.000000000000000e+00,1.853703174064036e+00,9.569469322596954e-01,-5.059761004682246e-02,0.000000000000000e+00,1.321076699106615e+00,5.083079920892221e+00,1,9.399999678134918e-02,5.200999975204468e-01,9.399999678134918e-02,5.000000000000000e-01
7.046334024496862e-01,8.885088747108773e-01,1838,12098,6.773049493082301e+00,3.287689500546695e-01,0.000000000000000e+00,1.853799506223378e+00,9.568868301516449e-01,-5.061002954519954e-02,0.000000000000000e+00,1.321097769649541e+00,5.083095816617128e+00,1,9.425000101327896e-02,5.200999975204468e-01,9.425000101327896e-02,5.000000000000000e-01
7.045838899471977e-01,8.874703914810891e-01,1843,12103,6.754678718653599e+00,3.318659884020024e-01,0.000000000000000e+00,1.853895835511847e+00,9.568267298347464e-01,-5.062244867345301e-02,0.000000000000000e+00,1.321118839564526e+00,5.083111711868314e+00,1,9.449999779462814e-02,5.200999975204468e-01,9.449999779462814e-02,5.000000000000000e-01
7.045343759691023e-01,8.864318773016847e-01,1848,12108,6.736307396726048e+00,3.349631190494514e-01,0.000000000000000e+00,1.853992167671189e+00,9.567666277266961e-01,-5.063486817183011e-02,0.000000000000000e+00,1.321139910107452e+00,5.083127607593222e+00,1,9.475000202655792e-02,5.200999975204468e-01,9.475000202655792e-02,5.000000000000000e-01
7.044848634666135e-01,8.853933940718907e-01,1853,12113,6.717936622297284e+00,3.380601573967768e-01,0.000000000000000e+00,1.854088496959658e+00,9.567065274097974e-01,-5.064728730008357e-02,0.000000000000000e+00,1.321160980022438e+00,5.083143502844408e+00,1,9.499999880790710e-02,5.200999975204468e-01,9.499999880790710e-02,5.000000000000000e-01
7.044353494885179e-01,8.843548798924805e-01,1858,12118,6.699565300369670e+00,3.411572880442181e-01,0.000000000000000e+00,1.854184829119001e+00,9.566464253017466e-01,-5.065970679846066e-02,0.000000000000000e+00,1.321182050565364e+00,5.083159398569316e+00,1,9.525000303983688e-02,5.200999975204468e-01,9.525000303983688e-02,5.000000000000000e-01
7.043858369860294e-01,8.833163966626925e-01,1863,12123,6.681194525940972e+00,3.442543263915505e-01,0.000000000000000e+00,1.854281158407469e+00,9.565863249848485e-01,-5.067212592671411e-02,0.000000000000000e+00,1.321203120480349e+00,5.083175293820502e+00,1,9.549999982118607e-02,5.200999975204468e-01,9.549999982118607e-02,5.000000000000000e-01
7.043363244835406e-01,8.822779134328986e-01,1868,12128,6.662823751512210e+00,3.473513647388757e-01,0.000000000000000e+00,1.854377487695938e+00,9.565262246679499e-01,-5.068454505496758e-02,0.000000000000000e+00,1.321224190395334e+00,5.083191189071687e+00,1,9.574999660253525e-02,5.200999975204468e-01,9.574999660253525e-02,5.000000000000000e-01
7.042868105054454e-01,8.812393992534944e-01,1873,12133,6.644452429584660e+00,3.504484953863247e-01,0.000000000000000e+00,1.854473819855281e+00,9.564661225598994e-01,-5.069696455334468e-02,0.000000000000000e+00,1.321245260938260e+00,5.083207084796596e+00,1,9.600000083446503e-02,5.200999975204468e-01,9.600000083446503e-02,5.000000000000000e-01
7.042372980029565e-01,8.802009160237003e-01,1878,12138,6.626081655155897e+00,3.535455337336498e-01,0.000000000000000e+00,1.854570149143750e+00,9.564060222430008e-01,-5.070938368159814e-02,0.000000000000000e+00,1.321266330853245e+00,5.083222980047781e+00,1,9.624999761581421e-02,5.200999975204468e-01,9.624999761581421e-02,5.000000000000000e-01
7.041877840248612e-01,8.791624018442958e-01,1883,12143,6.607710333228346e+00,3.566426643810987e-01,0.000000000000000e+00,1.854666481303092e+00,9.563459201349505e-01,-5.072180317997523e-02,0.000000000000000e+00,1.321287401396171e+00,5.083238875772690e+00,1,9.650000184774399e-02,5.200999975204468e-01,9.650000184774399e-02,5.000000000000000e-01
7.041382715223725e-01,8.781239186145021e-01,1888,12148,6.589339558799583e+00,3.597397027284239e-01,0.000000000000000e+00,1.854762810591561e+00,9.562858198180519e-01,-5.073422230822868e-02,0.000000000000000e+00,1.321308471311157e+00,5.083254771023876e+00,1,9.674999862909317e-02,5.200999975204468e-01,9.674999862909317e-02,5.000000000000000e-01
7.040887575442770e-01,8.770854044350977e-01,1893,12153,6.570968236872032e+00,3.628368333758727e-01,0.000000000000000e+00,1.854859142750903e+00,9.562257177100013e-01,-5.074664180660578e-02,0.000000000000000e+00,1.321329541854082e+00,5.083270666748783e+00,1,9.700000286102295e-02,5.200999975204468e-01,9.700000286102295e-02,5.000000000000000e-01
7.040392450417883e-01,8.760469212053037e-01,1898,12158,6.552597462443270e+00,3.659338717231980e-01,0.000000000000000e+00,1.854955472039372e+00,9.561656173931027e-01,-5.075906093485923e-02,0.000000000000000e+00,1.321350611769068e+00,5.083286561999968e+00,1,9.724999964237213e-02,5.200999975204468e-01,9.724999964237213e-02,5.000000000000000e-01
7.039897325392994e-01,8.750084379755099e-01,1903,12163,6.534226688014506e+00,3.690309100705234e-01,0.000000000000000e+00,1.855051801327841e+00,9.561055170762042e-01,-5.077148006311269e-02,0.000000000000000e+00,1.321371681684053e+00,5.083302457251155e+00,1,9.749999642372131e-02,5.200999975204468e-01,9.749999642372131e-02,5.000000000000000e-01
7.039402185612043e-01,8.739699237961054e-01,1908,12168,6.515855366086956e+00,3.721280407179721e-01,0.000000000000000e+00,1.855148133487183e+00,9.560454149681537e-01,-5.078389956148979e-02,0.000000000000000e+00,1.321392752226979e+00,5.083318352976063e+00,1,9.775000065565109e-02,5.200999975204468e-01,9.775000065565109e-02,5.000000000000000e-01
7.038907060587153e-01,8.729314405663113e-01,1913,12173,6.497484591658193e+00,3.752250790652975e-01,0.000000000000000e+00,1.855244462775652e+00,9.559853146512551e-01,-5.079631868974325e-02,0.000000000000000e+00,1.321413822141964e+00,5.083334248227248e+00,1,9.799999743700027e-02,5.200999975204468e-01,9.799999743700027e-02,5.000000000000000e-01
7.038411920806199e-01,8.718929263869071e-01,1918,12178,6.479113269730641e+00,3.783222097127463e-01,0.000000000000000e+00,1.855340794934994e+00,9.559252125432045e-01,-5.080873818812034e-02,0.000000000000000e+00,1.321434892684890e+00,5.083350143952156e+00,1,9.825000166893005e-02,5.200999975204468e-01,9.825000166893005e-02,5.000000000000000e-01
7.037916795781312e-01,8.708544431571130e-01,1923,12183,6.460742495301880e+00,3.814192480600716e-01,0.000000000000000e+00,1.855437124223463e+00,9.558651122263061e-01,-5.082115731637379e-02,0.000000000000000e+00,1.321455962599876e+00,5.083366039203343e+00,1,9.849999845027924e-02,5.200999975204468e-01,9.849999845027924e-02,5.000000000000000e-01
7.037421656000358e-01,8.698159289777088e-01,1928,12188,6.442371173374327e+00,3.845163787075206e-01,0.000000000000000e+00,1.855533456382806e+00,9.558050101182555e-01,-5.083357681475089e-02,0.000000000000000e+00,1.321477033142802e+00,5.083381934928250e+00,1,9.875000268220901e-02,5.200999975204468e-01,9.875000268220901e-02,5.000000000000000e-01
7.036926530975470e-01,8.687774457479149e-01,1933,12193,6.424000398945567e+00,3.876134170548456e-01,0.000000000000000e+00,1.855629785671274e+00,9.557449098013571e-01,-5.084599594300435e-02,0.000000000000000e+00,1.321498103057787e+00,5.083397830179436e+00,1,9.899999946355820e-02,5.200999975204468e-01,9.899999946355820e-02,5.000000000000000e-01
7.036431391194518e-01,8.677389315685105e-01,1938,12198,6.405629077018014e+00,3.907105477022945e-01,0.000000000000000e+00,1.855726117830617e+00,9.556848076933062e-01,-5.085841544138144e-02,0.000000000000000e+00,1.321519173600713e+00,5.083413725904343e+00,1,9.925000369548798e-02,5.200999975204468e-01,9.925000369548798e-02,5.000000000000000e-01
7.035936266169629e-01,8.667004483387165e-01,1943,12203,6.387258302589252e+00,3.938075860496198e-01,0.000000000000000e+00,1.855822447119086e+00,9.556247073764079e-01,-5.087083456963490e-02,0.000000000000000e+00,1.321540243515698e+00,5.083429621155529e+00,1,9.950000047683716e-02,5.200999975204468e-01,9.950000047683716e-02,5.000000000000000e-01
7.035441141144740e-01,8.656619651089226e-01,1948,12208,6.368887528160491e+00,3.969046243969450e-01,0.000000000000000e+00,1.855918776407554e+00,9.555646070595095e-01,-5.088325369788836e-02,0.000000000000000e+00,1.321561313430684e+00,5.083445516406715e+00,1,9.974999725818634e-02,5.200999975204468e-01,9.974999725818634e-02,5.000000000000000e-01
7.034946001363788e-01,8.646234509295181e-01,1953,12214,6.350516206232939e+00,4.000017550443938e-01,0.000000000000000e+00,1.856015108566897e+00,9.555045049514589e-01,-5.089567319626546e-02,0.000000000000000e+00,1.321582383973610e+00,5.083461412131624e+00,1,1.000000014901161e-01,5.200999975204468e-01,1.000000014901161e-01,5.000000000000000e-01
7.034329990728602e-01,8.636691230805701e-01,1958,12219,6.335230623623064e+00,3.999624602988517e-01,0.000000000000000e+00,1.856118777615537e+00,9.554318070138128e-01,-5.088534054709324e-02,0.000000000000000e+00,1.321611061895983e+00,5.083491085226906e+00,1,1.002499982714653e-01,5.200999975204468e-01,1.002499982714653e-01,5.000000000000000e-01
7.033713962455189e-01,8.627147662884336e-01,1963,12224,6.319944567071492e+00,3.999231830768948e-01,0.000000000000000e+00,1.856222449710045e+00,9.553591069846614e-01,-5.087500772559627e-02,0.000000000000000e+00,1.321639740627687e+00,5.083520759124403e+00,1,1.005000025033951e-01,5.200999975204468e-01,1.005000025033951e-01,5.000000000000000e-01
7.033097952540546e-01,8.617604379378896e-01,1968,12229,6.304658966072437e+00,3.998839070254984e-01,0.000000000000000e+00,1.856326118714937e+00,9.552864091221041e-01,-5.086467521203616e-02,0.000000000000000e+00,1.321668418504713e+00,5.083550432137564e+00,1,1.007499992847443e-01,5.200999975204468e-01,1.007499992847443e-01,5.000000000000000e-01
7.032481924267138e-01,8.608060811457658e-01,1973,12234,6.289372909520985e+00,3.998446298035553e-01,0.000000000000000e+00,1.856429790809445e+00,9.552137090929530e-01,-5.085434239053918e-02,0.000000000000000e+00,1.321697097236417e+00,5.083580106035060e+00,1,1.010000035166740e-01,5.200999975204468e-01,1.010000035166740e-01,5.000000000000000e-01
7.031865914352491e-01,8.598517527952090e-01,1978,12239,6.274087308521807e+00,3.998053537521449e-01,0.000000000000000e+00,1.856533459814337e+00,9.551410112303951e-01,-5.084400987697906e-02,0.000000000000000e+00,1.321725775113442e+00,5.083609779048220e+00,1,1.012500002980232e-01,5.200999975204468e-01,1.012500002980232e-01,5.000000000000000e-01
7.031249904437844e-01,8.588974244446522e-01,1983,12244,6.258801707522627e+00,3.997660777007346e-01,0.000000000000000e+00,1.856637128819228e+00,9.550683133678373e-01,-5.083367736341896e-02,0.000000000000000e+00,1.321754452990468e+00,5.083639452061379e+00,1,1.014999970793724e-01,5.200999975204468e-01,1.014999970793724e-01,5.000000000000000e-01
7.030633876164436e-01,8.579430676525285e-01,1988,12249,6.243515650971177e+00,3.997268004787916e-01,0.000000000000000e+00,1.856740800913736e+00,9.549956133386864e-01,-5.082334454192199e-02,0.000000000000000e+00,1.321783131722172e+00,5.083669125958877e+00,1,1.017500013113022e-01,5.200999975204468e-01,1.017500013113022e-01,5.000000000000000e-01
7.030017866249790e-01,8.569887393019784e-01,1993,12254,6.228230049972059e+00,3.996875244273879e-01,0.000000000000000e+00,1.856844469918628e+00,9.549229154761287e-01,-5.081301202836186e-02,0.000000000000000e+00,1.321811809599198e+00,5.083698798972037e+00,1,1.019999980926514e-01,5.200999975204468e-01,1.019999980926514e-01,5.000000000000000e-01
7.029401837976378e-01,8.560343825098413e-01,1998,12259,6.212943993420487e+00,3.996482472054316e-01,0.000000000000000e+00,1.856948142013137e+00,9.548502154469776e-01,-5.080267920686489e-02,0.000000000000000e+00,1.321840488330902e+00,5.083728472869534e+00,1,1.022500023245811e-01,5.200999975204468e-01,1.022500023245811e-01,5.000000000000000e-01
7.028785828061731e-01,8.550800541592848e-01,2003,12264,6.197658392421309e+00,3.996089711540212e-01,0.000000000000000e+00,1.857051811018028e+00,9.547775175844196e-01,-5.079234669330478e-02,0.000000000000000e+00,1.321869166207928e+00,5.083758145882694e+00,1,1.024999991059303e-01,5.200999975204468e-01,1.024999991059303e-01,5.000000000000000e-01
7.028169799788322e-01,8.541256973671609e-01,2008,12269,6.182372335869859e+00,3.995696939320782e-01,0.000000000000000e+00,1.857155483112536e+00,9.547048175552686e-01,-5.078201387180779e-02,0.000000000000000e+00,1.321897844939632e+00,5.083787819780191e+00,1,1.027500033378601e-01,5.200999975204468e-01,1.027500033378601e-01,5.000000000000000e-01
7.027553789873677e-01,8.531713690166108e-01,2013,12274,6.167086734870741e+00,3.995304178806744e-01,0.000000000000000e+00,1.857259152117428e+00,9.546321196927109e-01,-5.077168135824768e-02,0.000000000000000e+00,1.321926522816658e+00,5.083817492793351e+00,1,1.030000001192093e-01,5.200999975204468e-01,1.030000001192093e-01,5.000000000000000e-01
7.026937779959032e-01,8.522170406660541e-01,2018,12279,6.151801133871563e+00,3.994911418292640e-01,0.000000000000000e+00,1.857362821122319e+00,9.545594218301533e-01,-5.076134884468758e-02,0.000000000000000e+00,1.321955200693683e+00,5.083847165806512e+00,1,1.032499969005585e-01,5.200999975204468e-01,1.032499969005585e-01,5.000000000000000e-01
7.026321751685622e-01,8.512626838739303e-01,2023,12284,6.136515077320112e+00,3.994518646073210e-01,0.000000000000000e+00,1.857466493216828e+00,9.544867218010024e-01,-5.075101602319061e-02,0.000000000000000e+00,1.321983879425388e+00,5.083876839704008e+00,1,1.035000011324883e-01,5.200999975204468e-01,1.035000011324883e-01,5.000000000000000e-01
7.025705741770975e-01,8.503083555233735e-01,2028,12289,6.121229476320933e+00,3.994125885559106e-01,0.000000000000000e+00,1.857570162221719e+00,9.544140239384443e-01,-5.074068350963049e-02,0.000000000000000e+00,1.322012557302413e+00,5.083906512717168e+00,1,1.037499979138374e-01,5.200999975204468e-01,1.037499979138374e-01,5.000000000000000e-01
7.025089713497565e-01,8.493539987312497e-01,2033,12294,6.105943419769480e+00,3.993733113339676e-01,0.000000000000000e+00,1.857673834316228e+00,9.543413239092937e-01,-5.073035068813350e-02,0.000000000000000e+00,1.322041236034117e+00,5.083936186614665e+00,1,1.040000021457672e-01,5.200999975204468e-01,1.040000021457672e-01,5.000000000000000e-01
7.024473703582917e-01,8.483996703806864e-01,2038,12299,6.090657818770246e+00,3.993340352825508e-01,0.000000000000000e+00,1.857777503321119e+00,9.542686260467355e-01,-5.072001817457340e-02,0.000000000000000e+00,1.322069913911143e+00,5.083965859627825e+00,1,1.042499989271164e-01,5.200999975204468e-01,1.042499989271164e-01,5.000000000000000e-01
7.023857675309508e-01,8.474453135885625e-01,2043,12304,6.075371762218794e+00,3.992947580606079e-01,0.000000000000000e+00,1.857881175415627e+00,9.541959260175847e-01,-5.070968535307642e-02,0.000000000000000e+00,1.322098592642847e+00,5.083995533525322e+00,1,1.045000031590462e-01,5.200999975204468e-01,1.045000031590462e-01,5.000000000000000e-01
7.023241665394865e-01,8.464909852380125e-01,2048,12309,6.060086161219674e+00,3.992554820092038e-01,0.000000000000000e+00,1.857984844420519e+00,9.541232281550271e-01,-5.069935283951631e-02,0.000000000000000e+00,1.322127270519873e+00,5.084025206538483e+00,1,1.047499999403954e-01,5.200999975204468e-01,1.047499999403954e-01,5.000000000000000e-01
7.022625655480219e-01,8.455366568874558e-01,2053,12314,6.044800560220498e+00,3.992162059577935e-01,0.000000000000000e+00,1.858088513425411e+00,9.540505302924691e-01,-5.068902032595620e-02,0.000000000000000e+00,1.322155948396899e+00,5.084054879551643e+00,1,1.049999967217445e-01,5.200999975204468e-01,1.049999967217445e-01,5.000000000000000e-01
7.022009627206809e-01,8.445823000953321e-01,2058,12319,6.029514503669047e+00,3.991769287358504e-01,0.000000000000000e+00,1.858192185519919e+00,9.539778302633182e-01,-5.067868750445922e-02,0.000000000000000e+00,1.322184627128602e+00,5.084084553449140e+00,1,1.052500009536743e-01,5.200999975204468e-01,1.052500009536743e-01,5.000000000000000e-01
7.021393617292161e-01,8.436279717447686e-01,2063,12324,6.014228902669807e+00,3.991376526844339e-01,0.000000000000000e+00,1.858295854524810e+00,9.539051324007601e-01,-5.066835499089911e-02,0.000000000000000e+00,1.322213305005628e+00,5.084114226462299e+00,1,1.054999977350235e-01,5.200999975204468e-01,1.054999977350235e-01,5.000000000000000e-01
7.020777589018754e-01,8.426736149526515e-01,2068,12329,5.998942846118416e+00,3.990983754624970e-01,0.000000000000000e+00,1.858399526619319e+00,9.538324323716095e-01,-5.065802216940213e-02,0.000000000000000e+00,1.322241983737332e+00,5.084143900359796e+00,1,1.057500019669533e-01,5.200999975204468e-01,1.057500019669533e-01,5.000000000000000e-01
7.020161579104105e-01,8.417192866020879e-01,2073,12334,5.983657245119180e+00,3.990590994110805e-01,0.000000000000000e+00,1.858503195624210e+00,9.537597345090514e-01,-5.064768965584202e-02,0.000000000000000e+00,1.322270661614358e+00,5.084173573372956e+00,1,1.059999987483025e-01,5.200999975204468e-01,1.059999987483025e-01,5.000000000000000e-01
7.019545550830697e-01,8.407649298099640e-01,2078,12339,5.968371188567726e+00,3.990198221891376e-01,0.000000000000000e+00,1.858606867718719e+00,9.536870344799004e-01,-5.063735683434504e-02,0.000000000000000e+00,1.322299340346063e+00,5.084203247270453e+00,1,1.062500029802322e-01,5.200999975204468e-01,1.062500029802322e-01,5.000000000000000e-01
7.018929540916050e-01,8.398106014594073e-01,2083,12344,5.953085587568549e+00,3.989805461377274e-01,0.000000000000000e+00,1.858710536723610e+00,9.536143366173425e-01,-5.062702432078493e-02,0.000000000000000e+00,1.322328018223088e+00,5.084232920283614e+00,1,1.064999997615814e-01,5.200999975204468e-01,1.064999997615814e-01,5.000000000000000e-01
7.018313531001404e-01,8.388562731088507e-01,2088,12349,5.937799986569372e+00,3.989412700863170e-01,0.000000000000000e+00,1.858814205728502e+00,9.535416387547848e-01,-5.061669180722482e-02,0.000000000000000e+00,1.322356696100114e+00,5.084262593296774e+00,1,1.067499965429306e-01,5.200999975204468e-01,1.067499965429306e-01,5.000000000000000e-01
7.017697502727996e-01,8.379019163167336e-01,2093,12354,5.922513930017979e+00,3.989019928643799e-01,0.000000000000000e+00,1.858917877823010e+00,9.534689387256341e-01,-5.060635898572784e-02,0.000000000000000e+00,1.322385374831818e+00,5.084292267194270e+00,1,1.070000007748604e-01,5.200999975204468e-01,1.070000007748604e-01,5.000000000000000e-01
7.017081492813348e-01,8.369475879661703e-01,2098,12359,5.907228329018744e+00,3.988627168129637e-01,0.000000000000000e+00,1.859021546827902e+00,9.533962408630761e-01,-5.059602647216773e-02,0.000000000000000e+00,1.322414052708844e+00,5.084321940207431e+00,1,1.072499975562096e-01,5.200999975204468e-01,1.072499975562096e-01,5.000000000000000e-01
7.016465464539942e-01,8.359932311740532e-01,2103,12364,5.891942272467351e+00,3.988234395910265e-01,0.000000000000000e+00,1.859125218922410e+00,9.533235408339253e-01,-5.058569365067075e-02,0.000000000000000e+00,1.322442731440548e+00,5.084351614104927e+00,1,1.075000017881393e-01,5.200999975204468e-01,1.075000017881393e-01,5.000000000000000e-01
7.015849454625294e-01,8.350389028234895e-01,2108,12369,5.876656671468114e+00,3.987841635396103e-01,0.000000000000000e+00,1.859228887927301e+00,9.532508429713673e-01,-5.057536113711064e-02,0.000000000000000e+00,1.322471409317573e+00,5.084381287118088e+00,1,1.077499985694885e-01,5.200999975204468e-01,1.077499985694885e-01,5.000000000000000e-01
7.015233426351886e-01,8.340845460313726e-01,2113,12374,5.861370614916722e+00,3.987448863176731e-01,0.000000000000000e+00,1.859332560021810e+00,9.531781429422166e-01,-5.056502831561366e-02,0.000000000000000e+00,1.322500088049277e+00,5.084410961015584e+00,1,1.080000028014183e-01,5.200999975204468e-01,1.080000028014183e-01,5.000000000000000e-01
7.014617416437240e-01,8.331302176808160e-01,2118,12379,5.846085013917544e+00,3.987056102662627e-01,0.000000000000000e+00,1.859436229026701e+00,9.531054450796588e-01,-5.055469580205355e-02,0.000000000000000e+00,1.322528765926303e+00,5.084440634028745e+00,1,1.082499995827675e-01,5.200999975204468e-01,1.082499995827675e-01,5.000000000000000e-01
7.014001406522592e-01,8.321758893302593e-01,2123,12384,5.830799412918366e+00,3.986663342148523e-01,0.000000000000000e+00,1.859539898031592e+00,9.530327472171007e-01,-5.054436328849343e-02,0.000000000000000e+00,1.322557443803329e+00,5.084470307041905e+00,1,1.084999963641167e-01,5.200999975204468e-01,1.084999963641167e-01,5.000000000000000e-01
7.013385378249182e-01,8.312215325381285e-01,2128,12389,5.815513356366855e+00,3.986270569929037e-01,0.000000000000000e+00,1.859643570126101e+00,9.529600471879498e-01,-5.053403046699646e-02,0.000000000000000e+00,1.322586122535033e+00,5.084499980939402e+00,1,1.087500005960464e-01,5.200999975204468e-01,1.087500005960464e-01,5.000000000000000e-01
7.012769368334536e-01,8.302672041875718e-01,2133,12394,5.800227755367677e+00,3.985877809414934e-01,0.000000000000000e+00,1.859747239130993e+00,9.528873493253918e-01,-5.052369795343635e-02,0.000000000000000e+00,1.322614800412059e+00,5.084529653952562e+00,1,1.089999973773956e-01,5.200999975204468e-01,1.089999973773956e-01,5.000000000000000e-01
7.012153340061127e-01,8.293128473954479e-01,2138,12399,5.784941698816226e+00,3.985485037195504e-01,0.000000000000000e+00,1.859850911225501e+00,9.528146492962410e-01,-5.051336513193938e-02,0.000000000000000e+00,1.322643479143763e+00,5.084559327850059e+00,1,1.092500016093254e-01,5.200999975204468e-01,1.092500016093254e-01,5.000000000000000e-01
7.011537330146482e-01,8.283585190448983e-01,2143,12404,5.769656097817107e+00,3.985092276681456e-01,0.000000000000000e+00,1.859954580230393e+00,9.527419514336832e-01,-5.050303261837925e-02,0.000000000000000e+00,1.322672157020789e+00,5.084589000863218e+00,1,1.094999983906746e-01,5.200999975204468e-01,1.094999983906746e-01,5.000000000000000e-01
7.010921301873072e-01,8.274041622527742e-01,2148,12409,5.754370041265654e+00,3.984699504462025e-01,0.000000000000000e+00,1.860058252324901e+00,9.526692514045323e-01,-5.049269979688228e-02,0.000000000000000e+00,1.322700835752493e+00,5.084618674760716e+00,1,1.097500026226044e-01,5.200999975204468e-01,1.097500026226044e-01,5.000000000000000e-01
7.010305291958425e-01,8.264498339022107e-01,2153,12415,5.739084440266420e+00,3.984306743947867e-01,0.000000000000000e+00,1.860161921329793e+00,9.525965535419745e-01,-5.048236728332218e-02,0.000000000000000e+00,1.322729513629519e+00,5.084648347773876e+00,1,1.099999994039536e-01,5.200999975204468e-01,1.099999994039536e-01,5.000000000000000e-01
7.009503950424166e-01,8.256016888677331e-01,2158,12420,5.726548541811553e+00,3.976325635114808e-01,0.000000000000000e+00,1.860257467964068e+00,9.525032250872617e-01,-5.046623437046150e-02,0.000000000000000e+00,1.322770570279981e+00,5.084701831957873e+00,1,1.102500036358833e-01,5.200999975204468e-01,1.102500036358833e-01,5.000000000000000e-01
7.008702632329539e-01,8.247535693627297e-01,2163,12425,5.714013023505786e+00,3.968344746042043e-01,0.000000000000000e+00,1.860353011731509e+00,9.524098993647263e-01,-5.045010192456308e-02,0.000000000000000e+00,1.322811625736390e+00,5.084755314604709e+00,1,1.105000004172325e-01,5.200999975204468e-01,1.105000004172325e-01,5.000000000000000e-01
7.007901314234913e-01,8.239054498577265e-01,2168,12430,5.701477505200022e+00,3.960363856969280e-01,0.000000000000000e+00,1.860448555498950e+00,9.523165736421916e-01,-5.043396947866466e-02,0.000000000000000e+00,1.322852681192799e+00,5.084808797251545e+00,1,1.107499971985817e-01,5.200999975204468e-01,1.107499971985817e-01,5.000000000000000e-01
7.007099972258839e-01,8.230573050764667e-01,2173,12435,5.688941613301887e+00,3.952382730044426e-01,0.000000000000000e+00,1.860544102113853e+00,9.522232451382973e-01,-5.041783655197569e-02,0.000000000000000e+00,1.322893737872772e+00,5.084862281492310e+00,1,1.110000014305115e-01,5.200999975204468e-01,1.110000014305115e-01,5.000000000000000e-01
7.006298654164214e-01,8.222091855714635e-01,2178,12440,5.676406094996124e+00,3.944401840971662e-01,0.000000000000000e+00,1.860639645881294e+00,9.521299194157623e-01,-5.040170410607727e-02,0.000000000000000e+00,1.322934793329181e+00,5.084915764139145e+00,1,1.112499982118607e-01,5.200999975204468e-01,1.112499982118607e-01,5.000000000000000e-01
7.005497312188138e-01,8.213610407902036e-01,2183,12445,5.663870203097989e+00,3.936420714046808e-01,0.000000000000000e+00,1.860735192496197e+00,9.520365909118681e-01,-5.038557117938830e-02,0.000000000000000e+00,1.322975850009154e+00,5.084969248379910e+00,1,1.115000024437904e-01,5.200999975204468e-01,1.115000024437904e-01,5.000000000000000e-01
7.004695994093511e-01,8.205129212852001e-01,2188,12450,5.651334684792225e+00,3.928439824974045e-01,0.000000000000000e+00,1.860830736263638e+00,9.519432651893328e-01,-5.036943873348988e-02,0.000000000000000e+00,1.323016905465563e+00,5.085022731026745e+00,1,1.117499992251396e-01,5.200999975204468e-01,1.117499992251396e-01,5.000000000000000e-01
7.003894652117436e-01,8.196647765039407e-01,2193,12455,5.638798792894091e+00,3.920458698049191e-01,0.000000000000000e+00,1.860926282878541e+00,9.518499366854385e-01,-5.035330580680090e-02,0.000000000000000e+00,1.323057962145536e+00,5.085076215267509e+00,1,1.120000034570694e-01,5.200999975204468e-01,1.120000034570694e-01,5.000000000000000e-01
7.003093334022809e-01,8.188166569989371e-01,2198,12460,5.626263274588324e+00,3.912477808976425e-01,0.000000000000000e+00,1.861021826645982e+00,9.517566109629035e-01,-5.033717336090249e-02,0.000000000000000e+00,1.323099017601945e+00,5.085129697914347e+00,1,1.122500002384186e-01,5.200999975204468e-01,1.122500002384186e-01,5.000000000000000e-01
7.002292015928182e-01,8.179685374939338e-01,2203,12465,5.613727756282558e+00,3.904496919903662e-01,0.000000000000000e+00,1.861117370413423e+00,9.516632852403685e-01,-5.032104091500406e-02,0.000000000000000e+00,1.323140073058354e+00,5.085183180561183e+00,1,1.124999970197678e-01,5.200999975204468e-01,1.124999970197678e-01,5.000000000000000e-01
7.001490673952108e-01,8.171203927126740e-01,2208,12470,5.601191864384425e+00,3.896515792978807e-01,0.000000000000000e+00,1.861212917028326e+00,9.515699567364742e-01,-5.030490798831510e-02,0.000000000000000e+00,1.323181129738328e+00,5.085236664801947e+00,1,1.127500012516975e-01,5.200999975204468e-01,1.127500012516975e-01,5.000000000000000e-01
7.000689355857480e-01,8.162722732076705e-01,2213,12475,5.588656346078659e+00,3.888534903906044e-01,0.000000000000000e+00,1.861308460795767e+00,9.514766310139392e-01,-5.028877554241667e-02,0.000000000000000e+00,1.323222185194737e+00,5.085290147448782e+00,1,1.129999980330467e-01,5.200999975204468e-01,1.129999980330467e-01,5.000000000000000e-01
6.999888013881405e-01,8.154241284264037e-01,2218,12480,5.576120454180469e+00,3.880553776981141e-01,0.000000000000000e+00,1.861404007410670e+00,9.513833025100449e-01,-5.027264261572771e-02,0.000000000000000e+00,1.323263241874710e+00,5.085343631689547e+00,1,1.132500022649765e-01,5.200999975204468e-01,1.132500022649765e-01,5.000000000000000e-01
6.999086695786778e-01,8.145760089214003e-01,2223,12485,5.563584935874703e+00,3.872572887908378e-01,0.000000000000000e+00,1.861499551178111e+00,9.512899767875098e-01,-5.025651016982928e-02,0.000000000000000e+00,1.323304297331119e+00,5.085397114336383e+00,1,1.134999990463257e-01,5.200999975204468e-01,1.134999990463257e-01,5.000000000000000e-01
6.998285353810705e-01,8.137278641401477e-01,2228,12490,5.551049043976628e+00,3.864591760983571e-01,0.000000000000000e+00,1.861595097793014e+00,9.511966482836156e-01,-5.024037724314031e-02,0.000000000000000e+00,1.323345354011092e+00,5.085450598577147e+00,1,1.137500032782555e-01,5.200999975204468e-01,1.137500032782555e-01,5.000000000000000e-01
6.997484035716079e-01,8.128797446351446e-01,2233,12495,5.538513525670863e+00,3.856610871910808e-01,0.000000000000000e+00,1.861690641560455e+00,9.511033225610807e-01,-5.022424479724189e-02,0.000000000000000e+00,1.323386409467501e+00,5.085504081223982e+00,1,1.140000000596046e-01,5.200999975204468e-01,1.140000000596046e-01,5.000000000000000e-01
6.996682717621452e-01,8.120316251301409e-01,2238,12500,5.525978007365096e+00,3.848629982838043e-01,0.000000000000000e+00,1.861786185327895e+00,9.510099968385455e-01,-5.020811235134347e-02,0.000000000000000e+00,1.323427464923910e+00,5.085557563870820e+00,1,1.142499968409538e-01,5.200999975204468e-01,1.142499968409538e-01,5.000000000000000e-01
6.995881375645375e-01,8.111834803488813e-01,2243,12505,5.513442115466963e+00,3.840648855913190e-01,0.000000000000000e+00,1.861881731942799e+00,9.509166683346514e-01,-5.019197942465451e-02,0.000000000000000e+00,1.323468521603883e+00,5.085611048111583e+00,1,1.145000010728836e-01,5.200999975204468e-01,1.145000010728836e-01,5.000000000000000e-01
6.995080057550749e-01,8.103353608438779e-01,2248,12510,5.500906597161197e+00,3.832667966840425e-01,0.000000000000000e+00,1.861977275710239e+00,9.508233426121162e-01,-5.017584697875607e-02,0.000000000000000e+00,1.323509577060292e+00,5.085664530758420e+00,1,1.147499978542328e-01,5.200999975204468e-01,1.147499978542328e-01,5.000000000000000e-01
6.994278715574674e-01,8.094872160626181e-01,2253,12515,5.488370705263064e+00,3.824686839915570e-01,0.000000000000000e+00,1.862072822325143e+00,9.507300141082219e-01,-5.015971405206711e-02,0.000000000000000e+00,1.323550633740265e+00,5.085718014999184e+00,1,1.150000020861626e-01,5.200999975204468e-01,1.150000020861626e-01,5.000000000000000e-01
6.993477397480048e-01,8.086390965576148e-01,2258,12520,5.475835186957298e+00,3.816705950842806e-01,0.000000000000000e+00,1.862168366092584e+00,9.506366883856868e-01,-5.014358160616868e-02,0.000000000000000e+00,1.323591689196675e+00,5.085771497646019e+00,1,1.152499988675117e-01,5.200999975204468e-01,1.152499988675117e-01,5.000000000000000e-01
6.992676055503975e-01,8.077909517763625e-01,2263,12525,5.463299295059222e+00,3.808724823917995e-01,0.000000000000000e+00,1.862263912707487e+00,9.505433598817927e-01,-5.012744867947971e-02,0.000000000000000e+00,1.323632745876647e+00,5.085824981886784e+00,1,1.155000030994415e-01,5.200999975204468e-01,1.155000030994415e-01,5.000000000000000e-01
6.991874737409347e-01,8.069428322713592e-01,2268,12530,5.450763776753456e+00,3.800743934845231e-01,0.000000000000000e+00,1.862359456474928e+00,9.504500341592577e-01,-5.011131623358128e-02,0.000000000000000e+00,1.323673801333057e+00,5.085878464533620e+00,1,1.157499998807907e-01,5.200999975204468e-01,1.157499998807907e-01,5.000000000000000e-01
6.991073419314721e-01,8.060947127663484e-01,2273,12535,5.438228258447634e+00,3.792763045772425e-01,0.000000000000000e+00,1.862455000242369e+00,9.503567084367225e-01,-5.009518378768288e-02,0.000000000000000e+00,1.323714856789466e+00,5.085931947180456e+00,1,1.159999966621399e-01,5.200999975204468e-01,1.159999966621399e-01,5.000000000000000e-01
6.990272077338645e-01,8.052465679850886e-01,2278,12540,5.425692366549500e+00,3.784781918847570e-01,0.000000000000000e+00,1.862550546857272e+00,9.502633799328284e-01,-5.007905086099389e-02,0.000000000000000e+00,1.323755913469439e+00,5.085985431421221e+00,1,1.162500008940697e-01,5.200999975204468e-01,1.162500008940697e-01,5.000000000000000e-01
6.989470759244019e-01,8.043984484800852e-01,2283,12545,5.413156848243733e+00,3.776801029774807e-01,0.000000000000000e+00,1.862646090624712e+00,9.501700542102932e-01,-5.006291841509548e-02,0.000000000000000e+00,1.323796968925848e+00,5.086038914068057e+00,1,1.164999976754189e-01,5.200999975204468e-01,1.164999976754189e-01,5.000000000000000e-01
6.988669417267944e-01,8.035503036988255e-01,2288,12550,5.400620956345601e+00,3.768819902849952e-01,0.000000000000000e+00,1.862741637239616e+00,9.500767257063991e-01,-5.004678548840651e-02,0.000000000000000e+00,1.323838025605821e+00,5.086092398308821e+00,1,1.167500019073486e-01,5.200999975204468e-01,1.167500019073486e-01,5.000000000000000e-01
6.987868099173317e-01,8.027021841938220e-01,2293,12555,5.388085438039835e+00,3.760839013777189e-01,0.000000000000000e+00,1.862837181007057e+00,9.499833999838638e-01,-5.003065304250809e-02,0.000000000000000e+00,1.323879081062230e+00,5.086145880955657e+00,1,1.169999986886978e-01,5.200999975204468e-01,1.169999986886978e-01,5.000000000000000e-01
6.987066757197242e-01,8.018540394125625e-01,2298,12560,5.375549546141702e+00,3.752857886852333e-01,0.000000000000000e+00,1.862932727621960e+00,9.498900714799696e-01,-5.001452011581912e-02,0.000000000000000e+00,1.323920137742203e+00,5.086199365196421e+00,1,1.172500029206276e-01,5.200999975204468e-01,1.172500029206276e-01,5.000000000000000e-01
6.986265439102616e-01,8.010059199075590e-01,2303,12565,5.363014027835936e+00,3.744876997779570e-01,0.000000000000000e+00,1.863028271389401e+00,9.497967457574346e-01,-4.999838766992069e-02,0.000000000000000e+00,1.323961193198613e+00,5.086252847843257e+00,1,1.174999997019768e-01,5.200999975204468e-01,1.174999997019768e-01,5.000000000000000e-01
6.985464121007988e-01,8.001578004025556e-01,2308,12570,5.350478509530170e+00,3.736896108706806e-01,0.000000000000000e+00,1.863123815156841e+00,9.497034200348995e-01,-4.998225522402228e-02,0.000000000000000e+00,1.324002248655022e+00,5.086306330490093e+00,1,1.177499964833260e-01,5.200999975204468e-01,1.177499964833260e-01,5.000000000000000e-01
6.984662779031915e-01,7.993096556212960e-01,2313,12575,5.337942617632038e+00,3.728914981781951e-01,0.000000000000000e+00,1.863219361771745e+00,9.496100915310053e-01,-4.996612229733331e-02,0.000000000000000e+00,1.324043305334995e+00,5.086359814730857e+00,1,1.180000007152557e-01,5.200999975204468e-01,1.180000007152557e-01,5.000000000000000e-01
6.983861460937286e-01,7.984615361162926e-01,2318,12580,5.325407099326273e+00,3.720934092709188e-01,0.000000000000000e+00,1.863314905539185e+00,9.495167658084702e-01,-4.994998985143488e-02,0.000000000000000e+00,1.324084360791404e+00,5.086413297377693e+00,1,1.182499974966049e-01,5.200999975204468e-01,1.182499974966049e-01,5.000000000000000e-01
6.983060118961213e-01,7.976133913350327e-01,2323,12585,5.312871207428139e+00,3.712952965784334e-01,0.000000000000000e+00,1.863410452154089e+00,9.494234373045760e-01,-4.993385692474592e-02,0.000000000000000e+00,1.324125417471377e+00,5.086466781618458e+00,1,1.185000017285347e-01,5.200999975204468e-01,1.185000017285347e-01,5.000000000000000e-01
6.982258800866585e-01,7.967652718300294e-01,2328,12590,5.300335689122372e+00,3.704972076711569e-01,0.000000000000000e+00,1.863505995921529e+00,9.493301115820408e-01,-4.991772447884749e-02,0.000000000000000e+00,1.324166472927786e+00,5.086520264265294e+00,1,1.187499985098839e-01,5.200999975204468e-01,1.187499985098839e-01,5.000000000000000e-01
6.981457458890511e-01,7.959171270487696e-01,2333,12595,5.287799797224238e+00,3.696990949786715e-01,0.000000000000000e+00,1.863601542536433e+00,9.492367830781466e-01,-4.990159155215852e-02,0.000000000000000e+00,1.324207529607759e+00,5.086573748506058e+00,1,1.190000027418137e-01,5.200999975204468e-01,1.190000027418137e-01,5.000000000000000e-01
6.980656140795884e-01,7.950690075437663e-01,2338,12600,5.275264278918474e+00,3.689010060713951e-01,0.000000000000000e+00,1.863697086303874e+00,9.491434573556116e-01,-4.988545910626010e-02,0.000000000000000e+00,1.324248585064168e+00,5.086627231152894e+00,1,1.192499995231628e-01,5.200999975204468e-01,1.192499995231628e-01,5.000000000000000e-01
6.979854822701257e-01,7.942208880387629e-01,2343,12605,5.262728760612708e+00,3.681029171641187e-01,0.000000000000000e+00,1.863792630071314e+00,9.490501316330764e-01,-4.986932666036167e-02,0.000000000000000e+00,1.324289640520577e+00,5.086680713799730e+00,1,1.194999963045120e-01,5.200999975204468e-01,1.194999963045120e-01,5.000000000000000e-01
6.979053480725184e-01,7.933727432575031e-01,2348,12610,5.250192868714574e+00,3.673048044716333e-01,0.000000000000000e+00,1.863888176686218e+00,9.489568031291823e-01,-4.985319373367272e-02,0.000000000000000e+00,1.324330697200550e+00,5.086734198040494e+00,1,1.197500005364418e-01,5.200999975204468e-01,1.197500005364418e-01,5.000000000000000e-01
6.978252162630556e-01,7.925246237524999e-01,2353,12616,5.237657350408808e+00,3.665067155643570e-01,0.000000000000000e+00,1.863983720453658e+00,9.488634774066471e-01,-4.983706128777429e-02,0.000000000000000e+00,1.324371752656959e+00,5.086787680687330e+00,1,1.199999973177910e-01,5.200999975204468e-01,1.199999973177910e-01,5.000000000000000e-01
6.977406820449558e-01,7.918151709150044e-01,2358,12621,5.227732946774449e+00,3.660285640545119e-01,0.000000000000000e+00,1.864071430378395e+00,9.487652893779380e-01,-4.981980268519696e-02,0.000000000000000e+00,1.324416451777480e+00,5.086849831453662e+00,1,1.202500015497208e-01,5.200999975204468e-01,1.202500015497208e-01,5.000000000000000e-01
6.976561502989236e-01,7.911057407084428e-01,2363,12626,5.217808866922581e+00,3.655504302271386e-01,0.000000000000000e+00,1.864159137605141e+00,9.486671042232750e-01,-4.980254458488061e-02,0.000000000000000e+00,1.324461149604963e+00,5.086911980460766e+00,1,1.204999983310699e-01,5.200999975204468e-01,1.204999983310699e-01,5.000000000000000e-01
6.975716160336169e-01,7.903962893589410e-01,2368,12631,5.207884491306278e+00,3.650722821500832e-01,0.000000000000000e+00,1.864246847445800e+00,9.485689161424293e-01,-4.978528597022617e-02,0.000000000000000e+00,1.324505848764563e+00,5.086974131320078e+00,1,1.207500025629997e-01,5.200999975204468e-01,1.207500025629997e-01,5.000000000000000e-01
6.974870842875849e-01,7.896868591523794e-01,2373,12636,5.197960411454410e+00,3.645941483227100e-01,0.000000000000000e+00,1.864334554672546e+00,9.484707309877667e-01,-4.976802786990981e-02,0.000000000000000e+00,1.324550546592046e+00,5.087036280327181e+00,1,1.209999993443489e-01,5.200999975204468e-01,1.209999993443489e-01,5.000000000000000e-01
6.974025500222780e-01,7.889774078028781e-01,2378,12641,5.188036035838107e+00,3.641160002456548e-01,0.000000000000000e+00,1.864422264513204e+00,9.483725429069206e-01,-4.975076925525537e-02,0.000000000000000e+00,1.324595245751646e+00,5.087098431186495e+00,1,1.212500035762787e-01,5.200999975204468e-01,1.212500035762787e-01,5.000000000000000e-01
6.973180182762461e-01,7.882679775963238e-01,2383,12646,5.178111955986293e+00,3.636378664182844e-01,0.000000000000000e+00,1.864509971739950e+00,9.482743577522580e-01,-4.973351115493901e-02,0.000000000000000e+00,1.324639943579129e+00,5.087160580193598e+00,1,1.215000003576279e-01,5.200999975204468e-01,1.215000003576279e-01,5.000000000000000e-01
6.972334865302141e-01,7.875585473897546e-01,2388,12651,5.168187876134370e+00,3.631597325909079e-01,0.000000000000000e+00,1.864597678966696e+00,9.481761725975952e-01,-4.971625305462268e-02,0.000000000000000e+00,1.324684641406612e+00,5.087222729200702e+00,1,1.217499971389771e-01,5.200999975204468e-01,1.217499971389771e-01,5.000000000000000e-01
6.971489522649075e-01,7.868490960402533e-01,2393,12656,5.158263500518069e+00,3.626815845138528e-01,0.000000000000000e+00,1.864685388807355e+00,9.480779845167495e-01,-4.969899443996824e-02,0.000000000000000e+00,1.324729340566211e+00,5.087284880060014e+00,1,1.220000013709068e-01,5.200999975204468e-01,1.220000013709068e-01,5.000000000000000e-01
6.970644205188753e-01,7.861396658336912e-01,2398,12661,5.148339420666198e+00,3.622034506864794e-01,0.000000000000000e+00,1.864773096034101e+00,9.479797993620865e-01,-4.968173633965188e-02,0.000000000000000e+00,1.324774038393695e+00,5.087347029067117e+00,1,1.222499981522560e-01,5.200999975204468e-01,1.222499981522560e-01,5.000000000000000e-01
6.969798862535687e-01,7.854302144841898e-01,2403,12666,5.138415045049896e+00,3.617253026094241e-01,0.000000000000000e+00,1.864860805874760e+00,9.478816112812407e-01,-4.966447772499744e-02,0.000000000000000e+00,1.324818737553294e+00,5.087409179926430e+00,1,1.225000023841858e-01,5.200999975204468e-01,1.225000023841858e-01,5.000000000000000e-01
6.968953545075367e-01,7.847207842776284e-01,2408,12671,5.128490965198027e+00,3.612471687820509e-01,0.000000000000000e+00,1.864948513101506e+00,9.477834261265781e-01,-4.964721962468109e-02,0.000000000000000e+00,1.324863435380777e+00,5.087471328933534e+00,1,1.227499991655350e-01,5.200999975204468e-01,1.227499991655350e-01,5.000000000000000e-01
6.968108202422297e-01,7.840113329281267e-01,2413,12676,5.118566589581724e+00,3.607690207049956e-01,0.000000000000000e+00,1.865036222942164e+00,9.476852380457322e-01,-4.962996101002665e-02,0.000000000000000e+00,1.324908134540377e+00,5.087533479792846e+00,1,1.230000033974648e-01,5.200999975204468e-01,1.230000033974648e-01,5.000000000000000e-01
6.967262884961977e-01,7.833019027215651e-01,2418,12681,5.108642509729854e+00,3.602908868776222e-01,0.000000000000000e+00,1.865123930168910e+00,9.475870528910693e-01,-4.961270290971029e-02,0.000000000000000e+00,1.324952832367860e+00,5.087595628799949e+00,1,1.232500001788139e-01,5.200999975204468e-01,1.232500001788139e-01,5.000000000000000e-01
6.966417567501657e-01,7.825924725150033e-01,2423,12686,5.098718429877988e+00,3.598127530502488e-01,0.000000000000000e+00,1.865211637395656e+00,9.474888677364065e-01,-4.959544480939394e-02,0.000000000000000e+00,1.324997530195343e+00,5.087657777807053e+00,1,1.234999969601631e-01,5.200999975204468e-01,1.234999969601631e-01,5.000000000000000e-01
6.965572224848591e-01,7.818830211655096e-01,2428,12691,5.088794054261740e+00,3.593346049731965e-01,0.000000000000000e+00,1.865299347236315e+00,9.473906796555610e-01,-4.957818619473951e-02,0.000000000000000e+00,1.325042229354943e+00,5.087719928666366e+00,1,1.237500011920929e-01,5.200999975204468e-01,1.237500011920929e-01,5.000000000000000e-01
6.964726907388271e-01,7.811735909589403e-01,2433,12696,5.078869974409817e+00,3.588564711458203e-01,0.000000000000000e+00,1.865387054463061e+00,9.472924945008981e-01,-4.956092809442315e-02,0.000000000000000e+00,1.325086927182426e+00,5.087782077673470e+00,1,1.239999979734421e-01,5.200999975204468e-01,1.239999979734421e-01,5.000000000000000e-01
6.963881564735203e-01,7.804641396094387e-01,2438,12701,5.068945598793515e+00,3.583783230687650e-01,0.000000000000000e+00,1.865474764303719e+00,9.471943064200521e-01,-4.954366947976871e-02,0.000000000000000e+00,1.325131626342025e+00,5.087844228532783e+00,1,1.242500022053719e-01,5.200999975204468e-01,1.242500022053719e-01,5.000000000000000e-01
6.963036247274883e-01,7.797547094028772e-01,2443,12706,5.059021518941646e+00,3.579001892413917e-01,0.000000000000000e+00,1.865562471530466e+00,9.470961212653894e-01,-4.952641137945236e-02,0.000000000000000e+00,1.325176324169509e+00,5.087906377539886e+00,1,1.244999989867210e-01,5.200999975204468e-01,1.244999989867210e-01,5.000000000000000e-01
6.962190904621814e-01,7.790452580533755e-01,2448,12711,5.049097143325343e+00,3.574220411643365e-01,0.000000000000000e+00,1.865650181371124e+00,9.469979331845435e-01,-4.950915276479792e-02,0.000000000000000e+00,1.325221023329108e+00,5.087968528399198e+00,1,1.247500032186508e-01,5.200999975204468e-01,1.247500032186508e-01,5.000000000000000e-01
6.961345587161494e-01,7.783358278468138e-01,2453,12716,5.039173063473473e+00,3.569439073369630e-01,0.000000000000000e+00,1.865737888597870e+00,9.468997480298806e-01,-4.949189466448158e-02,0.000000000000000e+00,1.325265721156591e+00,5.088030677406302e+00,1,1.250000000000000e-01,5.200999975204468e-01,1.250000000000000e-01,5.000000000000000e-01
6.960500269701173e-01,7.776263976402522e-01,2458,12721,5.029248983621605e+00,3.564657735095897e-01,0.000000000000000e+00,1.865825595824616e+00,9.468015628752182e-01,-4.947463656416522e-02,0.000000000000000e+00,1.325310418984075e+00,5.088092826413406e+00,1,1.252499967813492e-01,5.200999975204468e-01,1.252499967813492e-01,5.000000000000000e-01
6.959654952240855e-01,7.769169674336905e-01,2463,12726,5.019324903769737e+00,3.559876396822164e-01,0.000000000000000e+00,1.865913303051362e+00,9.467033777205554e-01,-4.945737846384887e-02,0.000000000000000e+00,1.325355116811558e+00,5.088154975420510e+00,1,1.254999935626984e-01,5.200999975204468e-01,1.254999935626984e-01,5.000000000000000e-01
6.958809584395039e-01,7.762074949412492e-01,2468,12731,5.009400232388998e+00,3.555094773554792e-01,0.000000000000000e+00,1.866001015505933e+00,9.466051867135261e-01,-4.944011933485634e-02,0.000000000000000e+00,1.325399817303273e+00,5.088217128132030e+00,1,1.257500052452087e-01,5.200999975204468e-01,1.257500052452087e-01,5.000000000000000e-01
6.957964266934720e-01,7.754980647346875e-01,2473,12736,4.999476152537131e+00,3.550313435281059e-01,0.000000000000000e+00,1.866088722732679e+00,9.465070015588635e-01,-4.942286123453998e-02,0.000000000000000e+00,1.325444515130757e+00,5.088279277139135e+00,1,1.260000020265579e-01,5.200999975204468e-01,1.260000020265579e-01,5.000000000000000e-01
6.957118949474401e-01,7.747886345281333e-01,2478,12741,4.989552072685316e+00,3.545532097007350e-01,0.000000000000000e+00,1.866176429959425e+00,9.464088164042009e-01,-4.940560313422362e-02,0.000000000000000e+00,1.325489212958240e+00,5.088341426146238e+00,1,1.262499988079071e-01,5.200999975204468e-01,1.262499988079071e-01,5.000000000000000e-01
6.956273632014078e-01,7.740792043215642e-01,2483,12746,4.979627992833395e+00,3.540750758733592e-01,0.000000000000000e+00,1.866264137186171e+00,9.463106312495382e-01,-4.938834503390728e-02,0.000000000000000e+00,1.325533910785723e+00,5.088403575153341e+00,1,1.264999955892563e-01,5.200999975204468e-01,1.264999955892563e-01,5.000000000000000e-01
6.955428264168264e-01,7.733697318291228e-01,2488,12751,4.969703321452657e+00,3.535969135466220e-01,0.000000000000000e+00,1.866351849640743e+00,9.462124402425089e-01,-4.937108590491475e-02,0.000000000000000e+00,1.325578611277439e+00,5.088465727864863e+00,1,1.267500072717667e-01,5.200999975204468e-01,1.267500072717667e-01,5.000000000000000e-01
6.954582946707943e-01,7.726603016225611e-01,2493,12756,4.959779241600788e+00,3.531187797192487e-01,0.000000000000000e+00,1.866439556867489e+00,9.461142550878463e-01,-4.935382780459840e-02,0.000000000000000e+00,1.325623309104922e+00,5.088527876871966e+00,1,1.270000040531158e-01,5.200999975204468e-01,1.270000040531158e-01,5.000000000000000e-01
6.953737629247624e-01,7.719508714159995e-01,2498,12761,4.949855161748920e+00,3.526406458918754e-01,0.000000000000000e+00,1.866527264094235e+00,9.460160699331835e-01,-4.933656970428205e-02,0.000000000000000e+00,1.325668006932406e+00,5.088590025879071e+00,1,1.272500008344650e-01,5.200999975204468e-01,1.272500008344650e-01,5.000000000000000e-01
6.952892311787304e-01,7.712414412094379e-01,2503,12766,4.939931081897052e+00,3.521625120645020e-01,0.000000000000000e+00,1.866614971320981e+00,9.459178847785210e-01,-4.931931160396569e-02,0.000000000000000e+00,1.325712704759889e+00,5.088652174886174e+00,1,1.274999976158142e-01,5.200999975204468e-01,1.274999976158142e-01,5.000000000000000e-01
6.952046994326984e-01,7.705320110028762e-01,2508,12771,4.930007002045183e+00,3.516843782371286e-01,0.000000000000000e+00,1.866702678547727e+00,9.458196996238581e-01,-4.930205350364934e-02,0.000000000000000e+00,1.325757402587372e+00,5.088714323893277e+00,1,1.277499943971634e-01,5.200999975204468e-01,1.277499943971634e-01,5.000000000000000e-01
6.951201626481167e-01,7.698225385104347e-01,2513,12776,4.920082330664446e+00,3.512062159103915e-01,0.000000000000000e+00,1.866790391002298e+00,9.457215086168289e-01,-4.928479437465681e-02,0.000000000000000e+00,1.325802103079088e+00,5.088776476604799e+00,1,1.280000060796738e-01,5.200999975204468e-01,1.280000060796738e-01,5.000000000000000e-01
6.950356309020849e-01,7.691131083038731e-01,2518,12781,4.910158250812577e+00,3.507280820830181e-01,0.000000000000000e+00,1.866878098229044e+00,9.456233234621663e-01,-4.926753627434046e-02,0.000000000000000e+00,1.325846800906571e+00,5.088838625611903e+00,1,1.282500028610229e-01,5.200999975204468e-01,1.282500028610229e-01,5.000000000000000e-01
6.949510991560528e-01,7.684036780973114e-01,2523,12786,4.900234170960709e+00,3.502499482556448e-01,0.000000000000000e+00,1.866965805455790e+00,9.455251383075036e-01,-4.925027817402411e-02,0.000000000000000e+00,1.325891498734054e+00,5.088900774619006e+00,1,1.284999996423721e-01,5.200999975204468e-01,1.284999996423721e-01,5.000000000000000e-01
6.948665674100207e-01,7.676942478907498e-01,2528,12791,4.890310091108841e+00,3.497718144282714e-01,0.000000000000000e+00,1.867053512682536e+00,9.454269531528409e-01,-4.923302007370776e-02,0.000000000000000e+00,1.325936196561537e+00,5.088962923626109e+00,1,1.287499964237213e-01,5.200999975204468e-01,1.287499964237213e-01,5.000000000000000e-01
6.947820356639888e-01,7.669848176841882e-01,2533,12796,4.880386011256972e+00,3.492936806008981e-01,0.000000000000000e+00,1.867141219909282e+00,9.453287679981782e-01,-4.921576197339140e-02,0.000000000000000e+00,1.325980894389021e+00,5.089025072633214e+00,1,1.289999932050705e-01,5.200999975204468e-01,1.289999932050705e-01,5.000000000000000e-01
6.946974988794072e-01,7.662753451917467e-01,2538,12801,4.870461339876234e+00,3.488155182741609e-01,0.000000000000000e+00,1.867228932363854e+00,9.452305769911490e-01,-4.919850284439888e-02,0.000000000000000e+00,1.326025594880736e+00,5.089087225344735e+00,1,1.292500048875809e-01,5.200999975204468e-01,1.292500048875809e-01,5.000000000000000e-01
6.946129671333753e-01,7.655659149851850e-01,2543,12806,4.860537260024365e+00,3.483373844467876e-01,0.000000000000000e+00,1.867316639590599e+00,9.451323918364862e-01,-4.918124474408252e-02,0.000000000000000e+00,1.326070292708220e+00,5.089149374351837e+00,1,1.295000016689301e-01,5.200999975204468e-01,1.295000016689301e-01,5.000000000000000e-01
6.945284353873433e-01,7.648564847786234e-01,2548,12811,4.850613180172497e+00,3.478592506194143e-01,0.000000000000000e+00,1.867404346817345e+00,9.450342066818237e-01,-4.916398664376617e-02,0.000000000000000e+00,1.326114990535703e+00,5.089211523358943e+00,1,1.297499984502792e-01,5.200999975204468e-01,1.297499984502792e-01,5.000000000000000e-01
6.944439036413113e-01,7.641470545720619e-01,2553,12817,4.840689100320629e+00,3.473811167920409e-01,0.000000000000000e+00,1.867492054044091e+00,9.449360215271609e-01,-4.914672854344981e-02,0.000000000000000e+00,1.326159688363186e+00,5.089273672366046e+00,1,1.299999952316284e-01,5.200999975204468e-01,1.299999952316284e-01,5.000000000000000e-01
6.943728086598476e-01,7.634511860366850e-01,2558,12822,4.831517796257471e+00,3.473910095058838e-01,0.000000000000000e+00,1.867578040292847e+00,9.448536534570519e-01,-4.912725803274649e-02,0.000000000000000e+00,1.326197658483489e+00,5.089327639983879e+00,1,1.302500069141388e-01,5.200999975204468e-01,1.302500069141388e-01,5.000000000000000e-01
6.943017181721369e-01,7.627553592358193e-01,2563,12827,4.822347053189179e+00,3.474009109382014e-01,0.000000000000000e+00,1.867664021383740e+00,9.447712905980049e-01,-4.910778864034671e-02,0.000000000000000e+00,1.326235626212343e+00,5.089381604229039e+00,1,1.305000036954880e-01,5.200999975204468e-01,1.305000036954880e-01,5.000000000000000e-01
6.942306276844262e-01,7.620595324349757e-01,2568,12832,4.813176310121041e+00,3.474108123705248e-01,0.000000000000000e+00,1.867750002474633e+00,9.446889277389583e-01,-4.908831924794690e-02,0.000000000000000e+00,1.326273593941196e+00,5.089435568474196e+00,1,1.307500004768372e-01,5.200999975204468e-01,1.307500004768372e-01,5.000000000000000e-01
6.941595371967156e-01,7.613637056341099e-01,2573,12837,4.804005567052748e+00,3.474207138028426e-01,0.000000000000000e+00,1.867835983565526e+00,9.446065648799117e-01,-4.906884985554714e-02,0.000000000000000e+00,1.326311561670050e+00,5.089489532719355e+00,1,1.309999972581863e-01,5.200999975204468e-01,1.309999972581863e-01,5.000000000000000e-01
6.940884467090049e-01,7.606678788332591e-01,2578,12842,4.794834823984560e+00,3.474306152351641e-01,0.000000000000000e+00,1.867921964656419e+00,9.445242020208650e-01,-4.904938046314735e-02,0.000000000000000e+00,1.326349529398902e+00,5.089543496964513e+00,1,1.312499940395355e-01,5.200999975204468e-01,1.312499940395355e-01,5.000000000000000e-01
6.940173519839165e-01,7.599720105573575e-01,2583,12847,4.785663534290400e+00,3.474405172576626e-01,0.000000000000000e+00,1.868007950872251e+00,9.444418342525460e-01,-4.902990991026641e-02,0.000000000000000e+00,1.326387499390838e+00,5.089597464426233e+00,1,1.315000057220459e-01,5.200999975204468e-01,1.315000057220459e-01,5.000000000000000e-01
6.939462614962058e-01,7.592761837564991e-01,2588,12852,4.776492791222158e+00,3.474504186899822e-01,0.000000000000000e+00,1.868093931963144e+00,9.443594713934993e-01,-4.901044051786663e-02,0.000000000000000e+00,1.326425467119691e+00,5.089651428671391e+00,1,1.317500025033951e-01,5.200999975204468e-01,1.317500025033951e-01,5.000000000000000e-01
6.938751710084952e-01,7.585803569556483e-01,2593,12857,4.767322048153969e+00,3.474603201223037e-01,0.000000000000000e+00,1.868179913054037e+00,9.442771085344527e-01,-4.899097112546686e-02,0.000000000000000e+00,1.326463434848545e+00,5.089705392916549e+00,1,1.319999992847443e-01,5.200999975204468e-01,1.319999992847443e-01,5.000000000000000e-01
6.938040805207843e-01,7.578845301547900e-01,2598,12862,4.758151305085727e+00,3.474702215546231e-01,0.000000000000000e+00,1.868265894144930e+00,9.441947456754060e-01,-4.897150173306706e-02,0.000000000000000e+00,1.326501402577398e+00,5.089759357161709e+00,1,1.322499960660934e-01,5.200999975204468e-01,1.322499960660934e-01,5.000000000000000e-01
6.937329900330734e-01,7.571887033539241e-01,2603,12867,4.748980562017435e+00,3.474801229869408e-01,0.000000000000000e+00,1.868351875235824e+00,9.441123828163590e-01,-4.895203234066729e-02,0.000000000000000e+00,1.326539370306251e+00,5.089813321406866e+00,1,1.324999928474426e-01,5.200999975204468e-01,1.324999928474426e-01,5.000000000000000e-01
6.936618953079852e-01,7.564928350780226e-01,2608,12872,4.739809272323273e+00,3.474900250094394e-01,0.000000000000000e+00,1.868437861451655e+00,9.440300150480403e-01,-4.893256178778636e-02,0.000000000000000e+00,1.326577340298187e+00,5.089867288868586e+00,1,1.327500045299530e-01,5.200999975204468e-01,1.327500045299530e-01,5.000000000000000e-01
6.935908048202744e-01,7.557970082771642e-01,2613,12877,4.730638529255032e+00,3.474999264417590e-01,0.000000000000000e+00,1.868523842542548e+00,9.439476521889933e-01,-4.891309239538657e-02,0.000000000000000e+00,1.326615308027040e+00,5.089921253113744e+00,1,1.330000013113022e-01,5.200999975204468e-01,1.330000013113022e-01,5.000000000000000e-01
6.935197143325637e-01,7.551011814763059e-01,2618,12882,4.721467786186790e+00,3.475098278740786e-01,0.000000000000000e+00,1.868609823633442e+00,9.438652893299466e-01,-4.889362300298678e-02,0.000000000000000e+00,1.326653275755893e+00,5.089975217358902e+00,1,1.332499980926514e-01,5.200999975204468e-01,1.332499980926514e-01,5.000000000000000e-01
6.934486238448530e-01,7.544053546754474e-01,2623,12887,4.712297043118549e+00,3.475197293063981e-01,0.000000000000000e+00,1.868695804724335e+00,9.437829264709000e-01,-4.887415361058701e-02,0.000000000000000e+00,1.326691243484746e+00,5.090029181604061e+00,1,1.334999948740005e-01,5.200999975204468e-01,1.334999948740005e-01,5.000000000000000e-01
6.933775291197644e-01,7.537094863995459e-01,2628,12892,4.703125753424388e+00,3.475296313288967e-01,0.000000000000000e+00,1.868781790940166e+00,9.437005587025808e-01,-4.885468305770607e-02,0.000000000000000e+00,1.326729213476682e+00,5.090083149065780e+00,1,1.337500065565109e-01,5.200999975204468e-01,1.337500065565109e-01,5.000000000000000e-01
6.933064386320535e-01,7.530136595986876e-01,2633,12897,4.693955010356147e+00,3.475395327612164e-01,0.000000000000000e+00,1.868867772031060e+00,9.436181958435342e-01,-4.883521366530629e-02,0.000000000000000e+00,1.326767181205535e+00,5.090137113310940e+00,1,1.340000033378601e-01,5.200999975204468e-01,1.340000033378601e-01,5.000000000000000e-01
6.932353481443430e-01,7.523178327978365e-01,2638,12902,4.684784267287957e+00,3.475494341935377e-01,0.000000000000000e+00,1.868953753121952e+00,9.435358329844876e-01,-4.881574427290650e-02,0.000000000000000e+00,1.326805148934388e+00,5.090191077556097e+00,1,1.342500001192093e-01,5.200999975204468e-01,1.342500001192093e-01,5.000000000000000e-01
6.931642576566323e-01,7.516220059969781e-01,2643,12907,4.675613524219715e+00,3.475593356258573e-01,0.000000000000000e+00,1.869039734212846e+00,9.434534701254408e-01,-4.879627488050671e-02,0.000000000000000e+00,1.326843116663241e+00,5.090245041801255e+00,1,1.344999969005585e-01,5.200999975204468e-01,1.344999969005585e-01,5.000000000000000e-01
6.930931671689216e-01,7.509261791961125e-01,2648,12912,4.666442781151424e+00,3.475692370581749e-01,0.000000000000000e+00,1.869125715303739e+00,9.433711072663941e-01,-4.877680548810694e-02,0.000000000000000e+00,1.326881084392095e+00,5.090299006046414e+00,1,1.347499936819077e-01,5.200999975204468e-01,1.347499936819077e-01,5.000000000000000e-01
6.930220724438331e-01,7.502303109202109e-01,2653,12917,4.657271491457262e+00,3.475791390806735e-01,0.000000000000000e+00,1.869211701519570e+00,9.432887394980751e-01,-4.875733493522601e-02,0.000000000000000e+00,1.326919054384030e+00,5.090352973508134e+00,1,1.350000053644180e-01,5.200999975204468e-01,1.350000053644180e-01,5.000000000000000e-01
6.929509819561225e-01,7.495344841193525e-01,2658,12922,4.648100748389020e+00,3.475890405129931e-01,0.000000000000000e+00,1.869297682610464e+00,9.432063766390284e-01,-4.873786554282623e-02,0.000000000000000e+00,1.326957022112883e+00,5.090406937753293e+00,1,1.352500021457672e-01,5.200999975204468e-01,1.352500021457672e-01,5.000000000000000e-01
6.928798914684116e-01,7.488386573184943e-01,2663,12927,4.638930005320780e+00,3.475989419453127e-01,0.000000000000000e+00,1.869383663701357e+00,9.431240137799817e-01,-4.871839615042644e-02,0.000000000000000e+00,1.326994989841737e+00,5.090460901998451e+00,1,1.354999989271164e-01,5.200999975204468e-01,1.354999989271164e-01,5.000000000000000e-01
6.928088009807009e-01,7.481428305176360e-01,2668,12932,4.629759262252539e+00,3.476088433776322e-01,0.000000000000000e+00,1.869469644792250e+00,9.430416509209349e-01,-4.869892675802667e-02,0.000000000000000e+00,1.327032957570590e+00,5.090514866243609e+00,1,1.357499957084656e-01,5.200999975204468e-01,1.357499957084656e-01,5.000000000000000e-01
6.927377062556124e-01,7.474469622417343e-01,2673,12937,4.620587972558377e+00,3.476187454001308e-01,0.000000000000000e+00,1.869555631008082e+00,9.429592831526161e-01,-4.867945620514572e-02,0.000000000000000e+00,1.327070927562525e+00,5.090568833705330e+00,1,1.360000073909760e-01,5.200999975204468e-01,1.360000073909760e-01,5.000000000000000e-01
6.926666157679017e-01,7.467511354408761e-01,2678,12942,4.611417229490137e+00,3.476286468324503e-01,0.000000000000000e+00,1.869641612098975e+00,9.428769202935693e-01,-4.865998681274594e-02,0.000000000000000e+00,1.327108895291379e+00,5.090622797950488e+00,1,1.362500041723251e-01,5.200999975204468e-01,1.362500041723251e-01,5.000000000000000e-01
6.925955252801909e-01,7.460553086400102e-01,2683,12947,4.602246486421845e+00,3.476385482647680e-01,0.000000000000000e+00,1.869727593189868e+00,9.427945574345225e-01,-4.864051742034618e-02,0.000000000000000e+00,1.327146863020232e+00,5.090676762195646e+00,1,1.365000009536743e-01,5.200999975204468e-01,1.365000009536743e-01,5.000000000000000e-01
6.925244347924802e-01,7.453594818391520e-01,2688,12952,4.593075743353604e+00,3.476484496970876e-01,0.000000000000000e+00,1.869813574280761e+00,9.427121945754758e-01,-4.862104802794638e-02,0.000000000000000e+00,1.327184830749085e+00,5.090730726440804e+00,1,1.367499977350235e-01,5.200999975204468e-01,1.367499977350235e-01,5.000000000000000e-01
6.924533443047695e-01,7.446636550383010e-01,2693,12957,4.583905000285413e+00,3.476583511294091e-01,0.000000000000000e+00,1.869899555371654e+00,9.426298317164290e-01,-4.860157863554661e-02,0.000000000000000e+00,1.327222798477938e+00,5.090784690685963e+00,1,1.369999945163727e-01,5.200999975204468e-01,1.369999945163727e-01,5.000000000000000e-01
6.923822495796810e-01,7.439677867623993e-01,2698,12962,4.574733710591252e+00,3.476682531519076e-01,0.000000000000000e+00,1.869985541587486e+00,9.425474639481104e-01,-4.858210808266567e-02,0.000000000000000e+00,1.327260768469874e+00,5.090838658147683e+00,1,1.372500061988831e-01,5.200999975204468e-01,1.372500061988831e-01,5.000000000000000e-01
6.923111590919703e-01,7.432719599615411e-01,2703,12967,4.565562967523011e+00,3.476781545842272e-01,0.000000000000000e+00,1.870071522678379e+00,9.424651010890635e-01,-4.856263869026588e-02,0.000000000000000e+00,1.327298736198727e+00,5.090892622392841e+00,1,1.375000029802322e-01,5.200999975204468e-01,1.375000029802322e-01,5.000000000000000e-01
6.922400686042596e-01,7.425761331606828e-01,2708,12972,4.556392224454769e+00,3.476880560165467e-01,0.000000000000000e+00,1.870157503769272e+00,9.423827382300166e-01,-4.854316929786610e-02,0.000000000000000e+00,1.327336703927580e+00,5.090946586637999e+00,1,1.377499997615814e-01,5.200999975204468e-01,1.377499997615814e-01,5.000000000000000e-01
6.921689781165489e-01,7.418803063598243e-01,2713,12977,4.547221481386528e+00,3.476979574488663e-01,0.000000000000000e+00,1.870243484860165e+00,9.423003753709699e-01,-4.852369990546632e-02,0.000000000000000e+00,1.327374671656433e+00,5.091000550883158e+00,1,1.379999965429306e-01,5.200999975204468e-01,1.379999965429306e-01,5.000000000000000e-01
6.920978876288382e-01,7.411844795589659e-01,2718,12982,4.538050738318288e+00,3.477078588811859e-01,0.000000000000000e+00,1.870329465951059e+00,9.422180125119231e-01,-4.850423051306654e-02,0.000000000000000e+00,1.327412639385287e+00,5.091054515128317e+00,1,1.382499933242798e-01,5.200999975204468e-01,1.382499933242798e-01,5.000000000000000e-01
6.920267929037497e-01,7.404886112830644e-01,2723,12987,4.528879448624126e+00,3.477177609036844e-01,0.000000000000000e+00,1.870415452166890e+00,9.421356447436045e-01,-4.848475996018561e-02,0.000000000000000e+00,1.327450609377222e+00,5.091108482590036e+00,1,1.385000050067902e-01,5.200999975204468e-01,1.385000050067902e-01,5.000000000000000e-01
6.919557024160390e-01,7.397927844822061e-01,2728,12992,4.519708705555884e+00,3.477276623360041e-01,0.000000000000000e+00,1.870501433257783e+00,9.420532818845575e-01,-4.846529056778583e-02,0.000000000000000e+00,1.327488577106075e+00,5.091162446835195e+00,1,1.387500017881393e-01,5.200999975204468e-01,1.387500017881393e-01,5.000000000000000e-01
6.918846119283282e-01,7.390969576813478e-01,2733,12997,4.510537962487644e+00,3.477375637683237e-01,0.000000000000000e+00,1.870587414348676e+00,9.419709190255110e-01,-4.844582117538605e-02,0.000000000000000e+00,1.327526544834929e+00,5.091216411080353e+00,1,1.389999985694885e-01,5.200999975204468e-01,1.389999985694885e-01,5.000000000000000e-01
6.918135214406175e-01,7.384011308804892e-01,2738,13002,4.501367219419402e+00,3.477474652006432e-01,0.000000000000000e+00,1.870673395439570e+00,9.418885561664642e-01,-4.842635178298626e-02,0.000000000000000e+00,1.327564512563782e+00,5.091270375325512e+00,1,1.392499953508377e-01,5.200999975204468e-01,1.392499953508377e-01,5.000000000000000e-01
6.917424267155289e-01,7.377052626045877e-01,2743,13007,4.492195929725241e+00,3.477573672231417e-01,0.000000000000000e+00,1.870759381655401e+00,9.418061883981452e-01,-4.840688123010532e-02,0.000000000000000e+00,1.327602482555717e+00,5.091324342787231e+00,1,1.395000070333481e-01,5.200999975204468e-01,1.395000070333481e-01,5.000000000000000e-01
6.916713362278184e-01,7.370094358037295e-01,2748,13012,4.483025186657000e+00,3.477672686554613e-01,0.000000000000000e+00,1.870845362746294e+00,9.417238255390985e-01,-4.838741183770554e-02,0.000000000000000e+00,1.327640450284571e+00,5.091378307032389e+00,1,1.397500038146973e-01,5.200999975204468e-01,1.397500038146973e-01,5.000000000000000e-01
6.916002457401076e-01,7.363136090028638e-01,2753,13018,4.473854443588710e+00,3.477771700877791e-01,0.000000000000000e+00,1.870931343837187e+00,9.416414626800518e-01,-4.836794244530577e-02,0.000000000000000e+00,1.327678418013424e+00,5.091432271277548e+00,1,1.400000005960464e-01,5.200999975204468e-01,1.400000005960464e-01,5.000000000000000e-01
6.915397997701076e-01,7.355941478375815e-01,2758,13023,4.464982345622077e+00,3.475498381383412e-01,0.000000000000000e+00,1.871019249097167e+00,9.415711206311966e-01,-4.834689578687902e-02,-2.793086331044688e-20,1.327709516788625e+00,5.091473726484805e+00,1,1.402499973773956e-01,5.200999975204468e-01,1.402499973773956e-01,5.000000000000000e-01
6.914793537747288e-01,7.348746867286412e-01,2763,13028,4.456110246943361e+00,3.473225067545160e-01,0.000000000000000e+00,1.871107154352559e+00,9.415007785536815e-01,-4.832584913221284e-02,-5.586166002782923e-20,1.327740615580204e+00,5.091515181721888e+00,1,1.404999941587448e-01,5.200999975204468e-01,1.404999941587448e-01,5.000000000000000e-01
6.914189041764416e-01,7.341551827359176e-01,2768,13033,4.447237619439498e+00,3.470951618205080e-01,0.000000000000000e+00,1.871195064847581e+00,9.414304322833975e-01,-4.830480122305213e-02,-8.379412157186360e-20,1.327771716225439e+00,5.091556639429927e+00,1,1.407500058412552e-01,5.200999975204468e-01,1.407500058412552e-01,5.000000000000000e-01
6.913584581810630e-01,7.334357216269847e-01,2773,13038,4.438365520760831e+00,3.468678304366845e-01,0.000000000000000e+00,1.871282970102973e+00,9.413600902058822e-01,-4.828375456838593e-02,-1.117249182892445e-19,1.327802815017018e+00,5.091598094667011e+00,1,1.410000026226044e-01,5.200999975204468e-01,1.410000026226044e-01,5.000000000000000e-01
6.912980121856841e-01,7.327162605180443e-01,2778,13043,4.429493422082116e+00,3.466404990528592e-01,0.000000000000000e+00,1.871370875358366e+00,9.412897481283671e-01,-4.826270791371973e-02,-1.396557150066299e-19,1.327833913808596e+00,5.091639549904094e+00,1,1.412499994039536e-01,5.200999975204468e-01,1.412499994039536e-01,5.000000000000000e-01
6.912375661903054e-01,7.319967994091041e-01,2783,13048,4.420621323403401e+00,3.464131676690340e-01,0.000000000000000e+00,1.871458780613758e+00,9.412194060508519e-01,-4.824166125905355e-02,-1.675865117240091e-19,1.327865012600175e+00,5.091681005141177e+00,1,1.414999961853027e-01,5.200999975204468e-01,1.414999961853027e-01,5.000000000000000e-01
6.911771201949266e-01,7.312773383001639e-01,2788,13053,4.411749224724686e+00,3.461858362852088e-01,0.000000000000000e+00,1.871546685869151e+00,9.411490639733366e-01,-4.822061460438735e-02,-1.955173084413914e-19,1.327896111391754e+00,5.091722460378259e+00,1,1.417499929666519e-01,5.200999975204468e-01,1.417499929666519e-01,5.000000000000000e-01
6.911166705966397e-01,7.305578343074477e-01,2793,13058,4.402876597220872e+00,3.459584913512027e-01,0.000000000000000e+00,1.871634596364172e+00,9.410787177030531e-01,-4.819956669522664e-02,-2.234497699854243e-19,1.327927212036989e+00,5.091763918086298e+00,1,1.420000046491623e-01,5.200999975204468e-01,1.420000046491623e-01,5.000000000000000e-01
6.910562246012609e-01,7.298383731985074e-01,2798,13063,4.394004498542158e+00,3.457311599673773e-01,0.000000000000000e+00,1.871722501619564e+00,9.410083756255377e-01,-4.817852004056045e-02,-2.513805667028035e-19,1.327958310828567e+00,5.091805373323379e+00,1,1.422500014305115e-01,5.200999975204468e-01,1.422500014305115e-01,5.000000000000000e-01
6.909957786058821e-01,7.291189120895673e-01,2803,13068,4.385132399863441e+00,3.455038285835521e-01,0.000000000000000e+00,1.871810406874957e+00,9.409380335480224e-01,-4.815747338589426e-02,-2.793113634201890e-19,1.327989409620146e+00,5.091846828560462e+00,1,1.424999982118607e-01,5.200999975204468e-01,1.424999982118607e-01,5.000000000000000e-01
6.909353326105032e-01,7.283994509806269e-01,2808,13073,4.376260301184725e+00,3.452764971997267e-01,0.000000000000000e+00,1.871898312130349e+00,9.408676914705072e-01,-4.813642673122806e-02,-3.072421601375713e-19,1.328020508411725e+00,5.091888283797545e+00,1,1.427499949932098e-01,5.200999975204468e-01,1.427499949932098e-01,5.000000000000000e-01
6.908748830122161e-01,7.276799469879107e-01,2813,13078,4.367387673680911e+00,3.450491522657206e-01,0.000000000000000e+00,1.871986222625370e+00,9.407973452002233e-01,-4.811537882206735e-02,-3.351746216816043e-19,1.328051609056959e+00,5.091929741505584e+00,1,1.430000066757202e-01,5.200999975204468e-01,1.430000066757202e-01,5.000000000000000e-01
6.908144370168373e-01,7.269604858789703e-01,2818,13083,4.358515575002196e+00,3.448218208818953e-01,0.000000000000000e+00,1.872074127880763e+00,9.407270031227082e-01,-4.809433216740116e-02,-3.631054183989865e-19,1.328082707848538e+00,5.091971196742668e+00,1,1.432500034570694e-01,5.200999975204468e-01,1.432500034570694e-01,5.000000000000000e-01
6.907539910214585e-01,7.262410247700229e-01,2823,13088,4.349643476323433e+00,3.445944894980683e-01,0.000000000000000e+00,1.872162033136155e+00,9.406566610451927e-01,-4.807328551273497e-02,-3.910362151163612e-19,1.328113806640117e+00,5.092012651979751e+00,1,1.435000002384186e-01,5.200999975204468e-01,1.435000002384186e-01,5.000000000000000e-01
6.906935450260798e-01,7.255215636610826e-01,2828,13093,4.340771377644718e+00,3.443671581142431e-01,0.000000000000000e+00,1.872249938391548e+00,9.405863189676775e-01,-4.805223885806878e-02,-4.189670118337431e-19,1.328144905431695e+00,5.092054107216832e+00,1,1.437499970197678e-01,5.200999975204468e-01,1.437499970197678e-01,5.000000000000000e-01
6.906330990307011e-01,7.248021025521494e-01,2833,13098,4.331899278966049e+00,3.441398267304195e-01,0.000000000000000e+00,1.872337843646940e+00,9.405159768901624e-01,-4.803119220340258e-02,-4.468978085511367e-19,1.328176004223274e+00,5.092095562453915e+00,1,1.439999938011169e-01,5.200999975204468e-01,1.439999938011169e-01,5.000000000000000e-01
6.905726494324140e-01,7.240825985594406e-01,2838,13103,4.323026651462283e+00,3.439124817964151e-01,0.000000000000000e+00,1.872425754141961e+00,9.404456306198787e-01,-4.801014429424186e-02,-4.748302700951757e-19,1.328207104868509e+00,5.092137020161956e+00,1,1.442500054836273e-01,5.200999975204468e-01,1.442500054836273e-01,5.000000000000000e-01
6.905122034370355e-01,7.233631374505001e-01,2843,13108,4.314154552783568e+00,3.436851504125898e-01,0.000000000000000e+00,1.872513659397354e+00,9.403752885423636e-01,-4.798909763957566e-02,-5.027610668125585e-19,1.328238203660088e+00,5.092178475399038e+00,1,1.445000022649765e-01,5.200999975204468e-01,1.445000022649765e-01,5.000000000000000e-01
6.904517574416565e-01,7.226436763415527e-01,2848,13113,4.305282454104804e+00,3.434578190287628e-01,0.000000000000000e+00,1.872601564652746e+00,9.403049464648482e-01,-4.796805098490947e-02,-5.306918635299311e-19,1.328269302451666e+00,5.092219930636120e+00,1,1.447499990463257e-01,5.200999975204468e-01,1.447499990463257e-01,5.000000000000000e-01
6.903913114462776e-01,7.219242152326124e-01,2853,13118,4.296410355426088e+00,3.432304876449376e-01,0.000000000000000e+00,1.872689469908138e+00,9.402346043873330e-01,-4.794700433024329e-02,-5.586226602473134e-19,1.328300401243245e+00,5.092261385873202e+00,1,1.449999958276749e-01,5.200999975204468e-01,1.449999958276749e-01,5.000000000000000e-01
6.903308654508991e-01,7.212047541236721e-01,2858,13123,4.287538256747373e+00,3.430031562611123e-01,0.000000000000000e+00,1.872777375163531e+00,9.401642623098176e-01,-4.792595767557710e-02,-5.865534569646959e-19,1.328331500034824e+00,5.092302841110286e+00,1,1.452499926090240e-01,5.200999975204468e-01,1.452499926090240e-01,5.000000000000000e-01
6.902704158526118e-01,7.204852501309560e-01,2863,13128,4.278665629243560e+00,3.427758113271062e-01,0.000000000000000e+00,1.872865285658552e+00,9.400939160395339e-01,-4.790490976641638e-02,-6.144859185087287e-19,1.328362600680059e+00,5.092344298818325e+00,1,1.455000042915344e-01,5.200999975204468e-01,1.455000042915344e-01,5.000000000000000e-01
6.902099698572330e-01,7.197657890220156e-01,2868,13133,4.269793530564844e+00,3.425484799432810e-01,0.000000000000000e+00,1.872953190913944e+00,9.400235739620187e-01,-4.788386311175018e-02,-6.424167152261108e-19,1.328393699471637e+00,5.092385754055407e+00,1,1.457500010728836e-01,5.200999975204468e-01,1.457500010728836e-01,5.000000000000000e-01
6.901495238618542e-01,7.190463279130753e-01,2873,13138,4.260921431886128e+00,3.423211485594556e-01,0.000000000000000e+00,1.873041096169337e+00,9.399532318845034e-01,-4.786281645708399e-02,-6.703475119434933e-19,1.328424798263216e+00,5.092427209292490e+00,1,1.459999978542328e-01,5.200999975204468e-01,1.459999978542328e-01,5.000000000000000e-01
6.900890778664756e-01,7.183268668041350e-01,2878,13143,4.252049333207413e+00,3.420938171756304e-01,0.000000000000000e+00,1.873129001424729e+00,9.398828898069882e-01,-4.784176980241781e-02,-6.982783086608756e-19,1.328455897054795e+00,5.092468664529573e+00,1,1.462499946355820e-01,5.200999975204468e-01,1.462499946355820e-01,5.000000000000000e-01
6.900286282681884e-01,7.176073628114188e-01,2883,13148,4.243176705703600e+00,3.418664722416243e-01,0.000000000000000e+00,1.873216911919751e+00,9.398125435367044e-01,-4.782072189325709e-02,-7.262107702049086e-19,1.328486997700030e+00,5.092510122237611e+00,1,1.465000063180923e-01,5.200999975204468e-01,1.465000063180923e-01,5.000000000000000e-01
6.899681822728096e-01,7.168879017024785e-01,2888,13153,4.234304607024884e+00,3.416391408577990e-01,0.000000000000000e+00,1.873304817175143e+00,9.397422014591892e-01,-4.779967523859089e-02,-7.541415669222909e-19,1.328518096491609e+00,5.092551577474694e+00,1,1.467500030994415e-01,5.200999975204468e-01,1.467500030994415e-01,5.000000000000000e-01
6.899077362774308e-01,7.161684405935382e-01,2893,13158,4.225432508346168e+00,3.414118094739737e-01,0.000000000000000e+00,1.873392722430535e+00,9.396718593816737e-01,-4.777862858392470e-02,-7.820723636396731e-19,1.328549195283187e+00,5.092593032711776e+00,1,1.469999998807907e-01,5.200999975204468e-01,1.469999998807907e-01,5.000000000000000e-01
6.898472902820522e-01,7.154489794845909e-01,2898,13163,4.216560409667407e+00,3.411844780901468e-01,0.000000000000000e+00,1.873480627685927e+00,9.396015173041585e-01,-4.775758192925852e-02,-8.100031603570397e-19,1.328580294074766e+00,5.092634487948859e+00,1,1.472499966621399e-01,5.200999975204468e-01,1.472499966621399e-01,5.000000000000000e-01
6.897868442866735e-01,7.147295183756577e-01,2903,13168,4.207688310988737e+00,3.409571467063231e-01,0.000000000000000e+00,1.873568532941320e+00,9.395311752266434e-01,-4.773653527459232e-02,-8.379339570744378e-19,1.328611392866344e+00,5.092675943185942e+00,1,1.474999934434891e-01,5.200999975204468e-01,1.474999934434891e-01,5.000000000000000e-01
6.897263946883863e-01,7.140100143829415e-01,2908,13173,4.198815683484924e+00,3.407298017723170e-01,0.000000000000000e+00,1.873656443436341e+00,9.394608289563595e-01,-4.771548736543160e-02,-8.658664186184708e-19,1.328642493511579e+00,5.092717400893982e+00,1,1.477500051259995e-01,5.200999975204468e-01,1.477500051259995e-01,5.000000000000000e-01
6.896659486930075e-01,7.132905532740013e-01,2913,13178,4.189943584806208e+00,3.405024703884917e-01,0.000000000000000e+00,1.873744348691734e+00,9.393904868788445e-01,-4.769444071076541e-02,-8.937972153358531e-19,1.328673592303158e+00,5.092758856131063e+00,1,1.480000019073486e-01,5.200999975204468e-01,1.480000019073486e-01,5.000000000000000e-01
6.896055026976287e-01,7.125710921650610e-01,2918,13183,4.181071486127492e+00,3.402751390046664e-01,0.000000000000000e+00,1.873832253947126e+00,9.393201448013291e-01,-4.767339405609920e-02,-9.217280120532354e-19,1.328704691094736e+00,5.092800311368146e+00,1,1.482499986886978e-01,5.200999975204468e-01,1.482499986886978e-01,5.000000000000000e-01
6.895450567022501e-01,7.118516310561207e-01,2923,13188,4.172199387448778e+00,3.400478076208412e-01,0.000000000000000e+00,1.873920159202519e+00,9.392498027238139e-01,-4.765234740143302e-02,-9.496588087706177e-19,1.328735789886315e+00,5.092841766605229e+00,1,1.484999954700470e-01,5.200999975204468e-01,1.484999954700470e-01,5.000000000000000e-01
6.894846071039629e-01,7.111321270634043e-01,2928,13193,4.163326759944963e+00,3.398204626868351e-01,0.000000000000000e+00,1.874008069697540e+00,9.391794564535301e-01,-4.763129949227231e-02,-9.775912703146506e-19,1.328766890531550e+00,5.092883224313268e+00,1,1.487500071525574e-01,5.200999975204468e-01,1.487500071525574e-01,5.000000000000000e-01
6.894241611085841e-01,7.104126659544642e-01,2933,13198,4.154454661266248e+00,3.395931313030098e-01,0.000000000000000e+00,1.874095974952932e+00,9.391091143760149e-01,-4.761025283760612e-02,-1.005522067032033e-18,1.328797989323129e+00,5.092924679550350e+00,1,1.490000039339066e-01,5.200999975204468e-01,1.490000039339066e-01,5.000000000000000e-01
6.893637151132053e-01,7.096932048455238e-01,2938,13203,4.145582562587532e+00,3.393657999191845e-01,0.000000000000000e+00,1.874183880208324e+00,9.390387722984996e-01,-4.758920618293992e-02,-1.033452863749415e-18,1.328829088114708e+00,5.092966134787433e+00,1,1.492500007152557e-01,5.200999975204468e-01,1.492500007152557e-01,5.000000000000000e-01
6.893032691178266e-01,7.089737437365835e-01,2943,13208,4.136710463908816e+00,3.391384685353592e-01,0.000000000000000e+00,1.874271785463717e+00,9.389684302209844e-01,-4.756815952827373e-02,-1.061383660466801e-18,1.328860186906286e+00,5.093007590024516e+00,1,1.494999974966049e-01,5.200999975204468e-01,1.494999974966049e-01,5.000000000000000e-01
6.892428231224479e-01,7.082542826276432e-01,2948,13213,4.127838365230102e+00,3.389111371515340e-01,0.000000000000000e+00,1.874359690719109e+00,9.388980881434692e-01,-4.754711287360754e-02,-1.089314457184180e-18,1.328891285697865e+00,5.093049045261599e+00,1,1.497499942779541e-01,5.200999975204468e-01,1.497499942779541e-01,5.000000000000000e-01
6.891823735241607e-01,7.075347786349271e-01,2953,13219,4.118965737726288e+00,3.386837922175279e-01,0.000000000000000e+00,1.874447601214130e+00,9.388277418731853e-01,-4.752606496444681e-02,-1.117246918728213e-18,1.328922386343100e+00,5.093090502969638e+00,1,1.500000059604645e-01,5.200999975204468e-01,1.500000059604645e-01,5.000000000000000e-01
6.891301048270698e-01,7.068712824595366e-01,2958,13224,4.111312706123087e+00,3.379377881146172e-01,0.000000000000000e+00,1.874529035523069e+00,9.387666535855960e-01,-4.750106342459730e-02,-1.117154306712318e-18,1.328947788624740e+00,5.093120760072044e+00,1,1.502500027418137e-01,5.200999975204468e-01,1.502500027418137e-01,5.000000000000000e-01
6.890778359350193e-01,7.062077849498595e-01,2963,13229,4.103659645455427e+00,3.371917963776936e-01,0.000000000000000e+00,1.874610469986286e+00,9.387055650773817e-01,-4.747606197903854e-02,-1.117062362819244e-18,1.328973191042194e+00,5.093151017441432e+00,1,1.504999995231628e-01,5.200999975204468e-01,1.504999995231628e-01,5.000000000000000e-01
6.890255670429687e-01,7.055442874401688e-01,2968,13234,4.096006584787679e+00,3.364458046407672e-01,0.000000000000000e+00,1.874691904449503e+00,9.386444765691669e-01,-4.745106053347982e-02,-1.116970418926126e-18,1.328998593459649e+00,5.093181274810823e+00,1,1.507499963045120e-01,5.200999975204468e-01,1.507499963045120e-01,5.000000000000000e-01
6.889732981509178e-01,7.048807899304848e-01,2973,13239,4.088353524119971e+00,3.356998129038419e-01,0.000000000000000e+00,1.874773338912719e+00,9.385833880609524e-01,-4.742605908792107e-02,-1.116878475033030e-18,1.329023995877103e+00,5.093211532180210e+00,1,1.509999930858612e-01,5.200999975204468e-01,1.509999930858612e-01,5.000000000000000e-01
6.889210261433584e-01,7.042172528727584e-01,2978,13244,4.080700007288431e+00,3.349537767017719e-01,0.000000000000000e+00,1.874854778229871e+00,9.385222959115325e-01,-4.740105615214086e-02,-1.116786525659581e-18,1.329049399808679e+00,5.093241791353102e+00,1,1.512500047683716e-01,5.200999975204468e-01,1.512500047683716e-01,5.000000000000000e-01
6.888687572513077e-01,7.035537553630745e-01,2983,13249,4.073046946620726e+00,3.342077849648470e-01,0.000000000000000e+00,1.874936212693088e+00,9.384612074033177e-01,-4.737605470658212e-02,-1.116694581766485e-18,1.329074802226133e+00,5.093272048722490e+00,1,1.515000015497208e-01,5.200999975204468e-01,1.515000015497208e-01,5.000000000000000e-01
6.888164883592572e-01,7.028902578533907e-01,2988,13254,4.065393885953021e+00,3.334617932279219e-01,0.000000000000000e+00,1.875017647156304e+00,9.384001188951032e-01,-4.735105326102337e-02,-1.116602637873389e-18,1.329100204643587e+00,5.093302306091879e+00,1,1.517499983310699e-01,5.200999975204468e-01,1.517499983310699e-01,5.000000000000000e-01
6.887642194672063e-01,7.022267603437067e-01,2993,13259,4.057740825285316e+00,3.327158014909968e-01,0.000000000000000e+00,1.875099081619521e+00,9.383390303868886e-01,-4.732605181546463e-02,-1.116510693980294e-18,1.329125607061041e+00,5.093332563461266e+00,1,1.519999951124191e-01,5.200999975204468e-01,1.519999951124191e-01,5.000000000000000e-01
6.887119474596470e-01,7.015632232859804e-01,2998,13264,4.050087308453776e+00,3.319697652889269e-01,0.000000000000000e+00,1.875180520936672e+00,9.382779382374685e-01,-4.730104887968441e-02,-1.116418744606844e-18,1.329151010992618e+00,5.093362822634158e+00,1,1.522500067949295e-01,5.200999975204468e-01,1.522500067949295e-01,5.000000000000000e-01
6.886596785675964e-01,7.008997257762966e-01,3003,13269,4.042434247786071e+00,3.312237735520018e-01,0.000000000000000e+00,1.875261955399889e+00,9.382168497292540e-01,-4.727604743412568e-02,-1.116326800713749e-18,1.329176413410072e+00,5.093393080003548e+00,1,1.525000035762787e-01,5.200999975204468e-01,1.525000035762787e-01,5.000000000000000e-01
6.886074096755456e-01,7.002362282666125e-01,3008,13274,4.034781187118364e+00,3.304777818150767e-01,0.000000000000000e+00,1.875343389863106e+00,9.381557612210396e-01,-4.725104598856692e-02,-1.116234856820652e-18,1.329201815827526e+00,5.093423337372936e+00,1,1.527500003576279e-01,5.200999975204468e-01,1.527500003576279e-01,5.000000000000000e-01
6.885551407834951e-01,6.995727307569285e-01,3013,13279,4.027128126450659e+00,3.297317900781517e-01,0.000000000000000e+00,1.875424824326322e+00,9.380946727128250e-01,-4.722604454300818e-02,-1.116142912927557e-18,1.329227218244980e+00,5.093453594742324e+00,1,1.529999971389771e-01,5.200999975204468e-01,1.529999971389771e-01,5.000000000000000e-01
6.885028718914445e-01,6.989092332472446e-01,3018,13284,4.019475065782954e+00,3.289857983412266e-01,0.000000000000000e+00,1.875506258789539e+00,9.380335842046106e-01,-4.720104309744943e-02,-1.116050969034461e-18,1.329252620662434e+00,5.093483852111713e+00,1,1.532499939203262e-01,5.200999975204468e-01,1.532499939203262e-01,5.000000000000000e-01
6.884505998838849e-01,6.982456961895184e-01,3023,13289,4.011821548951413e+00,3.282397621391565e-01,0.000000000000000e+00,1.875587698106690e+00,9.379724920551903e-01,-4.717604016166923e-02,-1.115959019661012e-18,1.329278024594010e+00,5.093514111284604e+00,1,1.535000056028366e-01,5.200999975204468e-01,1.535000056028366e-01,5.000000000000000e-01
6.883983309918342e-01,6.975821986798344e-01,3028,13294,4.004168488283709e+00,3.274937704022315e-01,0.000000000000000e+00,1.875669132569907e+00,9.379114035469760e-01,-4.715103871611048e-02,-1.115867075767915e-18,1.329303427011464e+00,5.093544368653991e+00,1,1.537500023841858e-01,5.200999975204468e-01,1.537500023841858e-01,5.000000000000000e-01
6.883460620997837e-01,6.969187011701505e-01,3033,13299,3.996515427616004e+00,3.267477786653065e-01,0.000000000000000e+00,1.875750567033124e+00,9.378503150387612e-01,-4.712603727055174e-02,-1.115775131874820e-18,1.329328829428919e+00,5.093574626023381e+00,1,1.539999991655350e-01,5.200999975204468e-01,1.539999991655350e-01,5.000000000000000e-01
6.882937932077330e-01,6.962552036604666e-01,3038,13304,3.988862366948299e+00,3.260017869283814e-01,0.000000000000000e+00,1.875832001496340e+00,9.377892265305470e-01,-4.710103582499300e-02,-1.115683187981724e-18,1.329354231846373e+00,5.093604883392770e+00,1,1.542499959468842e-01,5.200999975204468e-01,1.542499959468842e-01,5.000000000000000e-01
6.882415243156824e-01,6.955917061507827e-01,3043,13309,3.981209306280594e+00,3.252557951914564e-01,0.000000000000000e+00,1.875913435959557e+00,9.377281380223323e-01,-4.707603437943425e-02,-1.115591244088628e-18,1.329379634263827e+00,5.093635140762158e+00,1,1.544999927282333e-01,5.200999975204468e-01,1.544999927282333e-01,5.000000000000000e-01
6.881892523081229e-01,6.949281690930562e-01,3048,13314,3.973555789449052e+00,3.245097589893864e-01,0.000000000000000e+00,1.875994875276709e+00,9.376670458729122e-01,-4.705103144365404e-02,-1.115499294715179e-18,1.329405038195403e+00,5.093665399935049e+00,1,1.547500044107437e-01,5.200999975204468e-01,1.547500044107437e-01,5.000000000000000e-01
6.881369834160723e-01,6.942646715833724e-01,3053,13319,3.965902728781347e+00,3.237637672524614e-01,0.000000000000000e+00,1.876076309739925e+00,9.376059573646975e-01,-4.702602999809530e-02,-1.115407350822083e-18,1.329430440612858e+00,5.093695657304438e+00,1,1.550000011920929e-01,5.200999975204468e-01,1.550000011920929e-01,5.000000000000000e-01
6.880847145240215e-01,6.936011740736885e-01,3058,13324,3.958249668113642e+00,3.230177755155363e-01,0.000000000000000e+00,1.876157744203142e+00,9.375448688564830e-01,-4.700102855253655e-02,-1.115315406928987e-18,1.329455843030312e+00,5.093725914673827e+00,1,1.552499979734421e-01,5.200999975204468e-01,1.552499979734421e-01,5.000000000000000e-01
6.880324456319709e-01,6.929376765640046e-01,3063,13329,3.950596607445937e+00,3.222717837786112e-01,0.000000000000000e+00,1.876239178666358e+00,9.374837803482687e-01,-4.697602710697781e-02,-1.115223463035892e-18,1.329481245447766e+00,5.093756172043214e+00,1,1.554999947547913e-01,5.200999975204468e-01,1.554999947547913e-01,5.000000000000000e-01
6.879801736244113e-01,6.922741395062781e-01,3068,13334,3.942943090614396e+00,3.215257475765412e-01,0.000000000000000e+00,1.876320617983510e+00,9.374226881988483e-01,-4.695102417119759e-02,-1.115131513662442e-18,1.329506649379342e+00,5.093786431216106e+00,1,1.557500064373016e-01,5.200999975204468e-01,1.557500064373016e-01,5.000000000000000e-01
6.879279047323608e-01,6.916106419965942e-01,3073,13339,3.935290029946691e+00,3.207797558396162e-01,0.000000000000000e+00,1.876402052446727e+00,9.373615996906339e-01,-4.692602272563885e-02,-1.115039569769346e-18,1.329532051796796e+00,5.093816688585495e+00,1,1.560000032186508e-01,5.200999975204468e-01,1.560000032186508e-01,5.000000000000000e-01
6.878756358403102e-01,6.909471444869171e-01,3078,13344,3.927636969279029e+00,3.200337641026921e-01,0.000000000000000e+00,1.876483486909943e+00,9.373005111824196e-01,-4.690102128008010e-02,-1.114947625876275e-18,1.329557454214251e+00,5.093846945954883e+00,1,1.562500000000000e-01,5.200999975204468e-01,1.562500000000000e-01,5.000000000000000e-01
6.878233669482596e-01,6.902836469772332e-01,3083,13349,3.919983908611324e+00,3.192877723657671e-01,0.000000000000000e+00,1.876564921373160e+00,9.372394226742051e-01,-4.687601983452136e-02,-1.114855681983179e-18,1.329582856631705e+00,5.093877203324272e+00,1,1.564999967813492e-01,5.200999975204468e-01,1.564999967813492e-01,5.000000000000000e-01
6.877710980562088e-01,6.896201494675493e-01,3088,13354,3.912330847943618e+00,3.185417806288420e-01,0.000000000000000e+00,1.876646355836377e+00,9.371783341659906e-01,-4.685101838896261e-02,-1.114763738090083e-18,1.329608259049159e+00,5.093907460693661e+00,1,1.567499935626984e-01,5.200999975204468e-01,1.567499935626984e-01,5.000000000000000e-01
6.877188260486493e-01,6.889566124098161e-01,3093,13359,3.904677331112034e+00,3.177957444267709e-01,0.000000000000000e+00,1.876727795153528e+00,9.371172420165702e-01,-4.682601545318240e-02,-1.114671788716609e-18,1.329633662980735e+00,5.093937719866552e+00,1,1.570000052452087e-01,5.200999975204468e-01,1.570000052452087e-01,5.000000000000000e-01
6.876665571565987e-01,6.882931149001322e-01,3098,13364,3.897024270444329e+00,3.170497526898459e-01,0.000000000000000e+00,1.876809229616745e+00,9.370561535083558e-01,-4.680101400762366e-02,-1.114579844823514e-18,1.329659065398189e+00,5.093967977235939e+00,1,1.572500020265579e-01,5.200999975204468e-01,1.572500020265579e-01,5.000000000000000e-01
6.876142882645480e-01,6.876296173904484e-01,3103,13369,3.889371209776624e+00,3.163037609529208e-01,0.000000000000000e+00,1.876890664079961e+00,9.369950650001412e-01,-4.677601256206491e-02,-1.114487900930418e-18,1.329684467815643e+00,5.093998234605328e+00,1,1.574999988079071e-01,5.200999975204468e-01,1.574999988079071e-01,5.000000000000000e-01
6.875620193724974e-01,6.869661198807646e-01,3108,13374,3.881718149108919e+00,3.155577692159959e-01,0.000000000000000e+00,1.876972098543178e+00,9.369339764919268e-01,-4.675101111650617e-02,-1.114395957037322e-18,1.329709870233098e+00,5.094028491974717e+00,1,1.577499955892563e-01,5.200999975204468e-01,1.577499955892563e-01,5.000000000000000e-01
6.875097473649379e-01,6.863025828230380e-01,3113,13379,3.874064632277378e+00,3.148117330139257e-01,0.000000000000000e+00,1.877053537860329e+00,9.368728843425066e-01,-4.672600818072596e-02,-1.114304007663873e-18,1.329735274164674e+00,5.094058751147609e+00,1,1.580000072717667e-01,5.200999975204468e-01,1.580000072717667e-01,5.000000000000000e-01
6.874574784728873e-01,6.856390853133540e-01,3118,13384,3.866411571609672e+00,3.140657412770007e-01,0.000000000000000e+00,1.877134972323546e+00,9.368117958342921e-01,-4.670100673516721e-02,-1.114212063770777e-18,1.329760676582127e+00,5.094089008516997e+00,1,1.582500040531158e-01,5.200999975204468e-01,1.582500040531158e-01,5.000000000000000e-01
6.874052095808365e-01,6.849755878036703e-01,3123,13389,3.858758510941969e+00,3.133197495400757e-01,0.000000000000000e+00,1.877216406786763e+00,9.367507073260775e-01,-4.667600528960848e-02,-1.114120119877681e-18,1.329786078999582e+00,5.094119265886386e+00,1,1.585000008344650e-01,5.200999975204468e-01,1.585000008344650e-01,5.000000000000000e-01
6.873529406887861e-01,6.843120902939863e-01,3128,13394,3.851105450274262e+00,3.125737578031506e-01,0.000000000000000e+00,1.877297841249979e+00,9.366896188178632e-01,-4.665100384404973e-02,-1.114028175984585e-18,1.329811481417036e+00,5.094149523255773e+00,1,1.587499976158142e-01,5.200999975204468e-01,1.587499976158142e-01,5.000000000000000e-01
6.873006717967354e-01,6.836485927843026e-01,3133,13399,3.843452389606557e+00,3.118277660662255e-01,0.000000000000000e+00,1.877379275713196e+00,9.366285303096485e-01,-4.662600239849099e-02,-1.113936232091490e-18,1.329836883834491e+00,5.094179780625163e+00,1,1.589999943971634e-01,5.200999975204468e-01,1.589999943971634e-01,5.000000000000000e-01
6.872483997891758e-01,6.829850557265760e-01,3138,13404,3.835798872775018e+00,3.110817298641556e-01,0.000000000000000e+00,1.877460715030348e+00,9.365674381602282e-01,-4.660099946271078e-02,-1.113844282718040e-18,1.329862287766066e+00,5.094210039798053e+00,1,1.592500060796738e-01,5.200999975204468e-01,1.592500060796738e-01,5.000000000000000e-01
6.871961308971252e-01,6.823215582168921e-01,3143,13409,3.828145812107311e+00,3.103357381272305e-01,0.000000000000000e+00,1.877542149493564e+00,9.365063496520138e-01,-4.657599801715202e-02,-1.113752338824944e-18,1.329887690183521e+00,5.094240297167442e+00,1,1.595000028610229e-01,5.200999975204468e-01,1.595000028610229e-01,5.000000000000000e-01
6.871438620050746e-01,6.816580607072082e-01,3148,13414,3.820492751439606e+00,3.095897463903055e-01,0.000000000000000e+00,1.877623583956781e+00,9.364452611437993e-01,-4.655099657159328e-02,-1.113660394931848e-18,1.329913092600975e+00,5.094270554536831e+00,1,1.597499996423721e-01,5.200999975204468e-01,1.597499996423721e-01,5.000000000000000e-01
6.870915931130239e-01,6.809945631975243e-01,3153,13420,3.812839690771901e+00,3.088437546533804e-01,0.000000000000000e+00,1.877705018419998e+00,9.363841726355848e-01,-4.652599512603454e-02,-1.113568451038752e-18,1.329938495018429e+00,5.094300811906219e+00,1,1.599999964237213e-01,5.200999975204468e-01,1.599999964237213e-01,5.000000000000000e-01
6.870469000197175e-01,6.803468334326401e-01,3158,13425,3.805823462260546e+00,3.083202014707964e-01,0.000000000000000e+00,1.877778003961518e+00,9.363320039672793e-01,-4.650009477667562e-02,-1.085638052564461e-18,1.329959917308349e+00,5.094325630700089e+00,1,1.602499932050705e-01,5.200999975204468e-01,1.602499932050705e-01,5.000000000000000e-01
6.870022043708428e-01,6.796990652851549e-01,3163,13430,3.798806824654871e+00,3.077966202638968e-01,0.000000000000000e+00,1.877850993732497e+00,9.362798323170494e-01,-4.647419287065563e-02,-1.057705591020475e-18,1.329981340818212e+00,5.094350450895489e+00,1,1.605000048875809e-01,5.200999975204468e-01,1.605000048875809e-01,5.000000000000000e-01
6.869575113859120e-01,6.790513357458361e-01,3168,13435,3.791790605253720e+00,3.072730702634083e-01,0.000000000000000e+00,1.877923979153151e+00,9.362276637763469e-01,-4.644829250843743e-02,-1.029774794303067e-18,1.330002763051195e+00,5.094375269611557e+00,1,1.607500016689301e-01,5.200999975204468e-01,1.607500016689301e-01,5.000000000000000e-01
6.869128184009812e-01,6.784036062065175e-01,3173,13440,3.784774385852570e+00,3.067495202629197e-01,0.000000000000000e+00,1.877996964573805e+00,9.361754952356443e-01,-4.642239214621924e-02,-1.001843997585658e-18,1.330024185284177e+00,5.094400088327628e+00,1,1.609999984502792e-01,5.200999975204468e-01,1.609999984502792e-01,5.000000000000000e-01
6.868681254160502e-01,6.777558766672054e-01,3178,13445,3.777758166451461e+00,3.062259702624323e-01,0.000000000000000e+00,1.878069949994459e+00,9.361233266949416e-01,-4.639649178400103e-02,-9.739132008682822e-19,1.330045607517159e+00,5.094424907043697e+00,1,1.612499952316284e-01,5.200999975204468e-01,1.612499952316284e-01,5.000000000000000e-01
6.868234297671757e-01,6.771081085197135e-01,3183,13450,3.770741528845744e+00,3.057023890555318e-01,0.000000000000000e+00,1.878142939765439e+00,9.360711550447116e-01,-4.637058987798105e-02,-9.459807393242720e-19,1.330067031027023e+00,5.094449727239097e+00,1,1.615000069141388e-01,5.200999975204468e-01,1.615000069141388e-01,5.000000000000000e-01
6.867787367822450e-01,6.764603789804079e-01,3188,13455,3.763725309444677e+00,3.051788390550449e-01,0.000000000000000e+00,1.878215925186093e+00,9.360189865040093e-01,-4.634468951576284e-02,-9.180499426069083e-19,1.330088453260005e+00,5.094474545955165e+00,1,1.617500036954880e-01,5.200999975204468e-01,1.617500036954880e-01,5.000000000000000e-01
6.867340437973141e-01,6.758126494410956e-01,3193,13460,3.756709090043568e+00,3.046552890545573e-01,0.000000000000000e+00,1.878288910606746e+00,9.359668179633065e-01,-4.631878915354463e-02,-8.901191458895282e-19,1.330109875492987e+00,5.094499364671234e+00,1,1.620000004768372e-01,5.200999975204468e-01,1.620000004768372e-01,5.000000000000000e-01
6.866893508123830e-01,6.751649199017768e-01,3198,13465,3.749692870642417e+00,3.041317390540688e-01,0.000000000000000e+00,1.878361896027400e+00,9.359146494226038e-01,-4.629288879132643e-02,-8.621883491721208e-19,1.330131297725970e+00,5.094524183387305e+00,1,1.622499972581863e-01,5.200999975204468e-01,1.622499972581863e-01,5.000000000000000e-01
6.866446578274523e-01,6.745171903624647e-01,3203,13470,3.742676651241308e+00,3.036081890535811e-01,0.000000000000000e+00,1.878434881448054e+00,9.358624808819013e-01,-4.626698842910823e-02,-8.342575524547383e-19,1.330152719958952e+00,5.094549002103372e+00,1,1.624999940395355e-01,5.200999975204468e-01,1.624999940395355e-01,5.000000000000000e-01
6.865999621785778e-01,6.738694222149665e-01,3208,13475,3.735660013635550e+00,3.030846078466800e-01,0.000000000000000e+00,1.878507871219034e+00,9.358103092316714e-01,-4.624108652308825e-02,-8.063250909107050e-19,1.330174143468815e+00,5.094573822298773e+00,1,1.627500057220459e-01,5.200999975204468e-01,1.627500057220459e-01,5.000000000000000e-01
6.865552691936467e-01,6.732216926756542e-01,3213,13480,3.728643794234441e+00,3.025610578461922e-01,0.000000000000000e+00,1.878580856639688e+00,9.357581406909686e-01,-4.621518616087004e-02,-7.783942941933223e-19,1.330195565701797e+00,5.094598641014842e+00,1,1.630000025033951e-01,5.200999975204468e-01,1.630000025033951e-01,5.000000000000000e-01
6.865105762087160e-01,6.725739631363357e-01,3218,13485,3.721627574833291e+00,3.020375078457039e-01,0.000000000000000e+00,1.878653842060342e+00,9.357059721502661e-01,-4.618928579865185e-02,-7.504634974759211e-19,1.330216987934780e+00,5.094623459730910e+00,1,1.632499992847443e-01,5.200999975204468e-01,1.632499992847443e-01,5.000000000000000e-01
6.864658832237851e-01,6.719262335970366e-01,3223,13490,3.714611355432264e+00,3.015139578452178e-01,0.000000000000000e+00,1.878726827480996e+00,9.356538036095634e-01,-4.616338543643362e-02,-7.225327007585782e-19,1.330238410167762e+00,5.094648278446980e+00,1,1.634999960660934e-01,5.200999975204468e-01,1.634999960660934e-01,5.000000000000000e-01
6.864211902388544e-01,6.712785040577179e-01,3228,13495,3.707595136031114e+00,3.009904078447294e-01,0.000000000000000e+00,1.878799812901650e+00,9.356016350688610e-01,-4.613748507421543e-02,-6.946019040411746e-19,1.330259832400744e+00,5.094673097163049e+00,1,1.637499928474426e-01,5.200999975204468e-01,1.637499928474426e-01,5.000000000000000e-01
6.863764945899797e-01,6.706307359102196e-01,3233,13500,3.700578498425357e+00,3.004668266378282e-01,0.000000000000000e+00,1.878872802672630e+00,9.355494634186310e-01,-4.611158316819546e-02,-6.666694424971443e-19,1.330281255910608e+00,5.094697917358451e+00,1,1.640000045299530e-01,5.200999975204468e-01,1.640000045299530e-01,5.000000000000000e-01
6.863318016050488e-01,6.699830063709072e-01,3238,13505,3.693562279024246e+00,2.999432766373404e-01,0.000000000000000e+00,1.878945788093283e+00,9.354972948779283e-01,-4.608568280597725e-02,-6.387386457797586e-19,1.330302678143590e+00,5.094722736074519e+00,1,1.642500013113022e-01,5.200999975204468e-01,1.642500013113022e-01,5.000000000000000e-01
6.862871086201180e-01,6.693352768315888e-01,3243,13510,3.686546059623097e+00,2.994197266368521e-01,0.000000000000000e+00,1.879018773513938e+00,9.354451263372257e-01,-4.605978244375906e-02,-6.108078490623600e-19,1.330324100376572e+00,5.094747554790588e+00,1,1.644999980926514e-01,5.200999975204468e-01,1.644999980926514e-01,5.000000000000000e-01
6.862424156351872e-01,6.686875472922832e-01,3248,13515,3.679529840222029e+00,2.988961766363653e-01,0.000000000000000e+00,1.879091758934591e+00,9.353929577965231e-01,-4.603388208154084e-02,-5.828770523449936e-19,1.330345522609554e+00,5.094772373506657e+00,1,1.647499948740005e-01,5.200999975204468e-01,1.647499948740005e-01,5.000000000000000e-01
6.861977199863124e-01,6.680397791447846e-01,3253,13520,3.672513202616271e+00,2.983725954294640e-01,0.000000000000000e+00,1.879164748705571e+00,9.353407861462931e-01,-4.600798017552087e-02,-5.549445908009601e-19,1.330366946119418e+00,5.094797193702056e+00,1,1.650000065565109e-01,5.200999975204468e-01,1.650000065565109e-01,5.000000000000000e-01
6.861530270013818e-01,6.673920496054726e-01,3258,13525,3.665496983215161e+00,2.978490454289764e-01,0.000000000000000e+00,1.879237734126225e+00,9.352886176055906e-01,-4.598207981330267e-02,-5.270137940835775e-19,1.330388368352400e+00,5.094822012418126e+00,1,1.652500033378601e-01,5.200999975204468e-01,1.652500033378601e-01,5.000000000000000e-01
6.861083340164509e-01,6.667443200661540e-01,3263,13530,3.658480763814012e+00,2.973254954284880e-01,0.000000000000000e+00,1.879310719546879e+00,9.352364490648879e-01,-4.595617945108446e-02,-4.990829973661811e-19,1.330409790585382e+00,5.094846831134195e+00,1,1.655000001192093e-01,5.200999975204468e-01,1.655000001192093e-01,5.000000000000000e-01
6.860636410315202e-01,6.660965905268483e-01,3268,13535,3.651464544412944e+00,2.968019454280011e-01,0.000000000000000e+00,1.879383704967533e+00,9.351842805241853e-01,-4.593027908886625e-02,-4.711522006488122e-19,1.330431212818364e+00,5.094871649850264e+00,1,1.657499969005585e-01,5.200999975204468e-01,1.657499969005585e-01,5.000000000000000e-01
6.860189480465892e-01,6.654488609875361e-01,3273,13540,3.644448325011835e+00,2.962783954275134e-01,0.000000000000000e+00,1.879456690388187e+00,9.351321119834828e-01,-4.590437872664804e-02,-4.432214039314296e-19,1.330452635051347e+00,5.094896468566333e+00,1,1.659999936819077e-01,5.200999975204468e-01,1.659999936819077e-01,5.000000000000000e-01
6.859742523977147e-01,6.648010928400377e-01,3278,13545,3.637431687406077e+00,2.957548142206122e-01,0.000000000000000e+00,1.879529680159167e+00,9.350799403332528e-01,-4.587847682062808e-02,-4.152889423873964e-19,1.330474058561210e+00,5.094921288761733e+00,1,1.662500053644180e-01,5.200999975204468e-01,1.662500053644180e-01,5.000000000000000e-01
6.859295594127838e-01,6.641533633007257e-01,3283,13550,3.630415468004967e+00,2.952312642201245e-01,0.000000000000000e+00,1.879602665579821e+00,9.350277717925503e-01,-4.585257645840987e-02,-3.873581456700138e-19,1.330495480794192e+00,5.094946107477801e+00,1,1.665000021457672e-01,5.200999975204468e-01,1.665000021457672e-01,5.000000000000000e-01
6.858848664278530e-01,6.635056337614135e-01,3288,13555,3.623399248603858e+00,2.947077142196369e-01,0.000000000000000e+00,1.879675651000474e+00,9.349756032518475e-01,-4.582667609619166e-02,-3.594273489526311e-19,1.330516903027175e+00,5.094970926193870e+00,1,1.667499989271164e-01,5.200999975204468e-01,1.667499989271164e-01,5.000000000000000e-01
6.858401734429221e-01,6.628579042221013e-01,3293,13560,3.616383029202749e+00,2.941841642191492e-01,0.000000000000000e+00,1.879748636421128e+00,9.349234347111451e-01,-4.580077573397347e-02,-3.314965522352485e-19,1.330538325260157e+00,5.094995744909941e+00,1,1.669999957084656e-01,5.200999975204468e-01,1.669999957084656e-01,5.000000000000000e-01
6.857954777940475e-01,6.622101360746030e-01,3298,13565,3.609366391596991e+00,2.936605830122480e-01,0.000000000000000e+00,1.879821626192108e+00,9.348712630609151e-01,-4.577487382795349e-02,-3.035640906912152e-19,1.330559748770020e+00,5.095020565105340e+00,1,1.672500073909760e-01,5.200999975204468e-01,1.672500073909760e-01,5.000000000000000e-01
6.857507848091167e-01,6.615624065352907e-01,3303,13570,3.602350172195881e+00,2.931370330117603e-01,0.000000000000000e+00,1.879894611612762e+00,9.348190945202124e-01,-4.574897346573528e-02,-2.756332939738295e-19,1.330581171003002e+00,5.095045383821409e+00,1,1.675000041723251e-01,5.200999975204468e-01,1.675000041723251e-01,5.000000000000000e-01
6.857060918241857e-01,6.609146769959786e-01,3308,13575,3.595333952794774e+00,2.926134830112727e-01,0.000000000000000e+00,1.879967597033416e+00,9.347669259795097e-01,-4.572307310351707e-02,-2.477024972564499e-19,1.330602593235985e+00,5.095070202537478e+00,1,1.677500009536743e-01,5.200999975204468e-01,1.677500009536743e-01,5.000000000000000e-01
6.856613988392550e-01,6.602669474566665e-01,3313,13580,3.588317733393664e+00,2.920899330107850e-01,0.000000000000000e+00,1.880040582454070e+00,9.347147574388072e-01,-4.569717274129887e-02,-2.197717005390642e-19,1.330624015468967e+00,5.095095021253548e+00,1,1.679999977350235e-01,5.200999975204468e-01,1.679999977350235e-01,5.000000000000000e-01
6.856167058543241e-01,6.596192179173543e-01,3318,13585,3.581301513992555e+00,2.915663830102975e-01,0.000000000000000e+00,1.880113567874724e+00,9.346625888981046e-01,-4.567127237908067e-02,-1.918409038216848e-19,1.330645437701949e+00,5.095119839969617e+00,1,1.682499945163727e-01,5.200999975204468e-01,1.682499945163727e-01,5.000000000000000e-01
6.855720102054494e-01,6.589714497698561e-01,3323,13590,3.574284876386797e+00,2.910428018033962e-01,0.000000000000000e+00,1.880186557645704e+00,9.346104172478746e-01,-4.564537047306069e-02,-1.639084422776516e-19,1.330666861211813e+00,5.095144660165015e+00,1,1.685000061988831e-01,5.200999975204468e-01,1.685000061988831e-01,5.000000000000000e-01
6.855273172205187e-01,6.583237202305439e-01,3328,13595,3.567268656985688e+00,2.905192518029086e-01,0.000000000000000e+00,1.880259543066357e+00,9.345582487071720e-01,-4.561947011084248e-02,-1.359776455602690e-19,1.330688283444795e+00,5.095169478881085e+00,1,1.687500029802322e-01,5.200999975204468e-01,1.687500029802322e-01,5.000000000000000e-01
6.854826242355878e-01,6.576759906912317e-01,3333,13600,3.560252437584579e+00,2.899957018024210e-01,0.000000000000000e+00,1.880332528487011e+00,9.345060801664693e-01,-4.559356974862429e-02,-1.080468488428864e-19,1.330709705677777e+00,5.095194297597154e+00,1,1.689999997615814e-01,5.200999975204468e-01,1.689999997615814e-01,5.000000000000000e-01
6.854379312506570e-01,6.570282611519196e-01,3338,13605,3.553236218183470e+00,2.894721518019333e-01,0.000000000000000e+00,1.880405513907665e+00,9.344539116257667e-01,-4.556766938640608e-02,-8.011605212550353e-20,1.330731127910759e+00,5.095219116313223e+00,1,1.692499965429306e-01,5.200999975204468e-01,1.692499965429306e-01,5.000000000000000e-01
6.853932382657262e-01,6.563805316126073e-01,3343,13610,3.546219998782361e+00,2.889486018014455e-01,0.000000000000000e+00,1.880478499328319e+00,9.344017430850642e-01,-4.554176902418787e-02,-5.218525540811783e-20,1.330752550143742e+00,5.095243935029293e+00,1,1.694999933242798e-01,5.200999975204468e-01,1.694999933242798e-01,5.000000000000000e-01
6.853485426168515e-01,6.557327634651091e-01,3348,13615,3.539203361176603e+00,2.884250205945443e-01,0.000000000000000e+00,1.880551489099299e+00,9.343495714348342e-01,-4.551586711816789e-02,-2.425279386408463e-20,1.330773973653605e+00,5.095268755224692e+00,1,1.697500050067902e-01,5.200999975204468e-01,1.697500050067902e-01,5.000000000000000e-01
6.853038496319207e-01,6.550850339257969e-01,3353,13621,3.532187141775494e+00,2.879014705940567e-01,0.000000000000000e+00,1.880624474519953e+00,9.342974028941315e-01,-4.548996675594969e-02,3.678002853294866e-21,1.330795395886587e+00,5.095293573940762e+00,1,1.700000017881393e-01,5.200999975204468e-01,1.700000017881393e-01,5.000000000000000e-01
6.852611678088004e-01,6.544609546650977e-01,3358,13626,3.525842992125772e+00,2.872694686236215e-01,0.000000000000000e+00,1.880695437968697e+00,9.342476025969905e-01,-4.546529800643410e-02,3.585858523349095e-21,1.330816162699751e+00,5.095318559115027e+00,1,1.702499985694885e-01,5.200999975204468e-01,1.702499985694885e-01,5.000000000000000e-01
6.852184859712950e-01,6.538368752352439e-01,3363,13631,3.519498837669043e+00,2.866374674289005e-01,0.000000000000000e+00,1.880766401431904e+00,9.341978022829105e-01,-4.544062924810928e-02,3.493914630249408e-21,1.330836929517602e+00,5.095343544288103e+00,1,1.704999953508377e-01,5.200999975204468e-01,1.704999953508377e-01,5.000000000000000e-01
6.851758015897212e-01,6.532127586068722e-01,3368,13636,3.513154305066335e+00,2.860054285634872e-01,0.000000000000000e+00,1.880837369124918e+00,9.341479990004624e-01,-4.541595901939298e-02,3.401965256800079e-21,1.330857697573268e+00,5.095368530950431e+00,1,1.707500070333481e-01,5.200999975204468e-01,1.707500070333481e-01,5.000000000000000e-01
6.851331197522158e-01,6.525886791770059e-01,3373,13641,3.506810150609529e+00,2.853734273687648e-01,0.000000000000000e+00,1.880908332588125e+00,9.340981986863820e-01,-4.539129026106818e-02,3.310021363708048e-21,1.330878464391119e+00,5.095393516123507e+00,1,1.710000038146973e-01,5.200999975204468e-01,1.710000038146973e-01,5.000000000000000e-01
6.850904379147104e-01,6.519645997471459e-01,3378,13646,3.500465996152762e+00,2.847414261740431e-01,0.000000000000000e+00,1.880979296051331e+00,9.340483983723020e-01,-4.536662150274337e-02,3.218077470612253e-21,1.330899231208971e+00,5.095418501296583e+00,1,1.712500005960464e-01,5.200999975204468e-01,1.712500005960464e-01,5.000000000000000e-01
6.850477560772049e-01,6.513405203172857e-01,3383,13651,3.494121841695995e+00,2.841094249793215e-01,0.000000000000000e+00,1.881050259514538e+00,9.339985980582218e-01,-4.534195274441855e-02,3.126133577516465e-21,1.330919998026822e+00,5.095443486469658e+00,1,1.714999973773956e-01,5.200999975204468e-01,1.714999973773956e-01,5.000000000000000e-01
6.850050742396997e-01,6.507164408874258e-01,3388,13656,3.487777687239229e+00,2.834774237845998e-01,0.000000000000000e+00,1.881121222977745e+00,9.339487977441419e-01,-4.531728398609375e-02,3.034189684420669e-21,1.330940764844673e+00,5.095468471642734e+00,1,1.717499941587448e-01,5.200999975204468e-01,1.717499941587448e-01,5.000000000000000e-01
6.849623898581257e-01,6.500923242590541e-01,3393,13661,3.481433154636520e+00,2.828453849191865e-01,0.000000000000000e+00,1.881192190670759e+00,9.338989944616933e-01,-4.529261375737743e-02,2.942240310971227e-21,1.330961532900339e+00,5.095493458305061e+00,1,1.720000058412552e-01,5.200999975204468e-01,1.720000058412552e-01,5.000000000000000e-01
6.849197080206205e-01,6.494682448291940e-01,3398,13666,3.475089000179753e+00,2.822133837244649e-01,0.000000000000000e+00,1.881263154133966e+00,9.338491941476135e-01,-4.526794499905262e-02,2.850296417875441e-21,1.330982299718191e+00,5.095518443478136e+00,1,1.722500026226044e-01,5.200999975204468e-01,1.722500026226044e-01,5.000000000000000e-01
6.848770261831153e-01,6.488441653993340e-01,3403,13671,3.468744845722986e+00,2.815813825297431e-01,0.000000000000000e+00,1.881334117597173e+00,9.337993938335334e-01,-4.524327624072782e-02,2.758352524779634e-21,1.331003066536042e+00,5.095543428651212e+00,1,1.724999994039536e-01,5.200999975204468e-01,1.724999994039536e-01,5.000000000000000e-01
6.848343443456097e-01,6.482200859694739e-01,3408,13676,3.462400691266220e+00,2.809493813350215e-01,0.000000000000000e+00,1.881405081060380e+00,9.337495935194532e-01,-4.521860748240301e-02,2.666408631683847e-21,1.331023833353893e+00,5.095568413824288e+00,1,1.727499961853027e-01,5.200999975204468e-01,1.727499961853027e-01,5.000000000000000e-01
6.847916625081043e-01,6.475960065396139e-01,3413,13681,3.456056536809451e+00,2.803173801402998e-01,0.000000000000000e+00,1.881476044523587e+00,9.336997932053732e-01,-4.519393872407820e-02,2.574464738588040e-21,1.331044600171745e+00,5.095593398997365e+00,1,1.729999929666519e-01,5.200999975204468e-01,1.729999929666519e-01,5.000000000000000e-01
6.847489781265306e-01,6.469718899112421e-01,3418,13686,3.449712004206744e+00,2.796853412748864e-01,0.000000000000000e+00,1.881547012216600e+00,9.336499899229249e-01,-4.516926849536189e-02,2.482515365138599e-21,1.331065368227411e+00,5.095618385659691e+00,1,1.732500046491623e-01,5.200999975204468e-01,1.732500046491623e-01,5.000000000000000e-01
6.847062962890251e-01,6.463478104813821e-01,3423,13691,3.443367849749977e+00,2.790533400801647e-01,0.000000000000000e+00,1.881617975679807e+00,9.336001896088446e-01,-4.514459973703708e-02,2.390571472042812e-21,1.331086135045262e+00,5.095643370832767e+00,1,1.735000014305115e-01,5.200999975204468e-01,1.735000014305115e-01,5.000000000000000e-01
6.846636144515198e-01,6.457237310515221e-01,3428,13696,3.437023695293210e+00,2.784213388854431e-01,0.000000000000000e+00,1.881688939143014e+00,9.335503892947647e-01,-4.511993097871227e-02,2.298627578947016e-21,1.331106901863113e+00,5.095668356005842e+00,1,1.737499982118607e-01,5.200999975204468e-01,1.737499982118607e-01,5.000000000000000e-01
6.846209326140145e-01,6.450996516216621e-01,3433,13701,3.430679540836442e+00,2.777893376907214e-01,0.000000000000000e+00,1.881759902606221e+00,9.335005889806846e-01,-4.509526222038746e-02,2.206683685851218e-21,1.331127668680964e+00,5.095693341178918e+00,1,1.739999949932098e-01,5.200999975204468e-01,1.739999949932098e-01,5.000000000000000e-01
6.845782482324405e-01,6.444755349932902e-01,3438,13706,3.424335008233735e+00,2.771572988253080e-01,0.000000000000000e+00,1.881830870299234e+00,9.334507856982363e-01,-4.507059199167114e-02,2.114734312401778e-21,1.331148436736630e+00,5.095718327841246e+00,1,1.742500066757202e-01,5.200999975204468e-01,1.742500066757202e-01,5.000000000000000e-01
6.845355663949352e-01,6.438514555634302e-01,3443,13711,3.417990853776967e+00,2.765252976305863e-01,0.000000000000000e+00,1.881901833762441e+00,9.334009853841559e-01,-4.504592323334633e-02,2.022790419305980e-21,1.331169203554482e+00,5.095743313014321e+00,1,1.745000034570694e-01,5.200999975204468e-01,1.745000034570694e-01,5.000000000000000e-01
6.844928845574298e-01,6.432273761335701e-01,3448,13716,3.411646699320199e+00,2.758932964358646e-01,0.000000000000000e+00,1.881972797225648e+00,9.333511850700760e-01,-4.502125447502151e-02,1.930846526210174e-21,1.331189970372333e+00,5.095768298187397e+00,1,1.747500002384186e-01,5.200999975204468e-01,1.747500002384186e-01,5.000000000000000e-01
6.844502027199244e-01,6.426032967037101e-01,3453,13721,3.405302544863433e+00,2.752612952411430e-01,0.000000000000000e+00,1.882043760688855e+00,9.333013847559959e-01,-4.499658571669671e-02,1.838902633114387e-21,1.331210737190184e+00,5.095793283360472e+00,1,1.749999970197678e-01,5.200999975204468e-01,1.749999970197678e-01,5.000000000000000e-01
6.844075208824191e-01,6.419792172738437e-01,3458,13726,3.398958390406628e+00,2.746292940464206e-01,0.000000000000000e+00,1.882114724152061e+00,9.332515844419158e-01,-4.497191695837191e-02,1.746958740020529e-21,1.331231504008036e+00,5.095818268533548e+00,1,1.752499938011169e-01,5.200999975204468e-01,1.752499938011169e-01,5.000000000000000e-01
6.843648365008452e-01,6.413551006454783e-01,3463,13731,3.392613857803958e+00,2.739972551810078e-01,0.000000000000000e+00,1.882185691845075e+00,9.332017811594676e-01,-4.494724672965559e-02,1.655009366569149e-21,1.331252272063702e+00,5.095843255195875e+00,1,1.755000054836273e-01,5.200999975204468e-01,1.755000054836273e-01,5.000000000000000e-01
6.843221546633399e-01,6.407310212156182e-01,3468,13736,3.386269703347191e+00,2.733652539862862e-01,0.000000000000000e+00,1.882256655308282e+00,9.331519808453873e-01,-4.492257797133077e-02,1.563065473473352e-21,1.331273038881553e+00,5.095868240368952e+00,1,1.757500022649765e-01,5.200999975204468e-01,1.757500022649765e-01,5.000000000000000e-01
6.842794728258345e-01,6.401069417857581e-01,3473,13741,3.379925548890424e+00,2.727332527915645e-01,0.000000000000000e+00,1.882327618771489e+00,9.331021805313073e-01,-4.489790921300596e-02,1.471121580377555e-21,1.331293805699404e+00,5.095893225542027e+00,1,1.759999990463257e-01,5.200999975204468e-01,1.759999990463257e-01,5.000000000000000e-01
6.842367909883291e-01,6.394828623558981e-01,3478,13746,3.373581394433656e+00,2.721012515968428e-01,0.000000000000000e+00,1.882398582234696e+00,9.330523802172271e-01,-4.487324045468115e-02,1.379177687281758e-21,1.331314572517255e+00,5.095918210715102e+00,1,1.762499958276749e-01,5.200999975204468e-01,1.762499958276749e-01,5.000000000000000e-01
6.841941091508238e-01,6.388587829260379e-01,3483,13751,3.367237239976889e+00,2.714692504021211e-01,0.000000000000000e+00,1.882469545697903e+00,9.330025799031472e-01,-4.484857169635634e-02,1.287233794185961e-21,1.331335339335107e+00,5.095943195888179e+00,1,1.764999926090240e-01,5.200999975204468e-01,1.764999926090240e-01,5.000000000000000e-01
6.841514247692498e-01,6.382346662976663e-01,3488,13756,3.360892707374181e+00,2.708372115367078e-01,0.000000000000000e+00,1.882540513390916e+00,9.329527766206988e-01,-4.482390146764003e-02,1.195284420736530e-21,1.331356107390773e+00,5.095968182550506e+00,1,1.767500042915344e-01,5.200999975204468e-01,1.767500042915344e-01,5.000000000000000e-01
6.841087429317445e-01,6.376105868678063e-01,3493,13761,3.354548552917414e+00,2.702052103419861e-01,0.000000000000000e+00,1.882611476854123e+00,9.329029763066188e-01,-4.479923270931522e-02,1.103340527640733e-21,1.331376874208624e+00,5.095993167723581e+00,1,1.770000010728836e-01,5.200999975204468e-01,1.770000010728836e-01,5.000000000000000e-01
6.840660610942391e-01,6.369865074379462e-01,3498,13766,3.348204398460648e+00,2.695732091472645e-01,0.000000000000000e+00,1.882682440317330e+00,9.328531759925386e-01,-4.477456395099041e-02,1.011396634544937e-21,1.331397641026475e+00,5.096018152896656e+00,1,1.772499978542328e-01,5.200999975204468e-01,1.772499978542328e-01,5.000000000000000e-01
6.840233792567338e-01,6.363624280080800e-01,3503,13771,3.341860244003843e+00,2.689412079525421e-01,0.000000000000000e+00,1.882753403780537e+00,9.328033756784586e-01,-4.474989519266562e-02,9.194527414501607e-22,1.331418407844327e+00,5.096043138069733e+00,1,1.774999946355820e-01,5.200999975204468e-01,1.774999946355820e-01,5.000000000000000e-01
6.839806948751600e-01,6.357383113797083e-01,3508,13776,3.335515711401135e+00,2.683091690871288e-01,0.000000000000000e+00,1.882824371473550e+00,9.327535723960102e-01,-4.472522496394930e-02,8.275033680006170e-22,1.331439175899993e+00,5.096068124732061e+00,1,1.777500063180923e-01,5.200999975204468e-01,1.777500063180923e-01,5.000000000000000e-01
6.839380130376544e-01,6.351142319498544e-01,3513,13781,3.329171556944405e+00,2.676771678924077e-01,0.000000000000000e+00,1.882895334936757e+00,9.327037720819301e-01,-4.470055620562447e-02,7.355594749039013e-22,1.331459942717844e+00,5.096093109905135e+00,1,1.780000030994415e-01,5.200999975204468e-01,1.780000030994415e-01,5.000000000000000e-01
6.838953312001492e-01,6.344901525199944e-01,3518,13786,3.322827402487638e+00,2.670451666976861e-01,0.000000000000000e+00,1.882966298399964e+00,9.326539717678499e-01,-4.467588744729967e-02,6.436155818081147e-22,1.331480709535695e+00,5.096118095078211e+00,1,1.782499998807907e-01,5.200999975204468e-01,1.782499998807907e-01,5.000000000000000e-01
6.838526493626438e-01,6.338660730901342e-01,3523,13791,3.316483248030870e+00,2.664131655029643e-01,0.000000000000000e+00,1.883037261863171e+00,9.326041714537701e-01,-4.465121868897486e-02,5.516716887122978e-22,1.331501476353547e+00,5.096143080251286e+00,1,1.784999966621399e-01,5.200999975204468e-01,1.784999966621399e-01,5.000000000000000e-01
6.838099675251386e-01,6.332419936602742e-01,3528,13796,3.310139093574104e+00,2.657811643082427e-01,0.000000000000000e+00,1.883108225326378e+00,9.325543711396900e-01,-4.462654993065005e-02,4.597277956165116e-22,1.331522243171398e+00,5.096168065424363e+00,1,1.787499934434891e-01,5.200999975204468e-01,1.787499934434891e-01,5.000000000000000e-01
6.837672831435646e-01,6.326178770319024e-01,3533,13801,3.303794560971395e+00,2.651491254428293e-01,0.000000000000000e+00,1.883179193019391e+00,9.325045678572415e-01,-4.460187970193373e-02,3.677784221670700e-22,1.331543011227064e+00,5.096193052086690e+00,1,1.790000051259995e-01,5.200999975204468e-01,1.790000051259995e-01,5.000000000000000e-01
6.837246013060593e-01,6.319937976020423e-01,3538,13806,3.297450406514628e+00,2.645171242481076e-01,0.000000000000000e+00,1.883250156482598e+00,9.324547675431614e-01,-4.457721094360892e-02,2.758345290712728e-22,1.331563778044915e+00,5.096218037259765e+00,1,1.792500019073486e-01,5.200999975204468e-01,1.792500019073486e-01,5.000000000000000e-01
6.836819194685539e-01,6.313697181721825e-01,3543,13811,3.291106252057861e+00,2.638851230533860e-01,0.000000000000000e+00,1.883321119945805e+00,9.324049672290814e-01,-4.455254218528411e-02,1.838906359754763e-22,1.331584544862767e+00,5.096243022432841e+00,1,1.794999986886978e-01,5.200999975204468e-01,1.794999986886978e-01,5.000000000000000e-01
6.836392376310485e-01,6.307456387423223e-01,3548,13816,3.284762097601093e+00,2.632531218586642e-01,0.000000000000000e+00,1.883392083409012e+00,9.323551669150012e-01,-4.452787342695930e-02,9.194674287966922e-23,1.331605311680618e+00,5.096268007605918e+00,1,1.797499954700470e-01,5.200999975204468e-01,1.797499954700470e-01,5.000000000000000e-01
6.835965532494748e-01,6.301215221139507e-01,3553,13822,3.278417564998386e+00,2.626210829932509e-01,0.000000000000000e+00,1.883463051102025e+00,9.323053636325530e-01,-4.450320319824298e-02,-2.630569762483986e-27,1.331626079736284e+00,5.096292994268245e+00,1,1.800000071525574e-01,5.200999975204468e-01,1.800000071525574e-01,5.000000000000000e-01
6.835589852807088e-01,6.294698566252386e-01,3558,13827,3.272212544998567e+00,2.613026005227272e-01,0.000000000000000e+00,1.883523396194996e+00,9.322613973598570e-01,-4.447966302614210e-02,0.000000000000000e+00,1.331643882692141e+00,5.096313222353253e+00,1,1.802500039339066e-01,5.200999975204468e-01,1.802500039339066e-01,5.000000000000000e-01
6.835214171656360e-01,6.288181919257638e-01,3563,13832,3.266007521018179e+00,2.599841376922823e-01,0.000000000000000e+00,1.883583741591755e+00,9.322174309202508e-01,-4.445612282175261e-02,0.000000000000000e+00,1.331661685732794e+00,5.096333450574360e+00,1,1.805000007152557e-01,5.200999975204468e-01,1.805000007152557e-01,5.000000000000000e-01
6.834838490505633e-01,6.281665272262951e-01,3568,13837,3.259802497037827e+00,2.586656748618378e-01,0.000000000000000e+00,1.883644086988514e+00,9.321734644806444e-01,-4.443258261736308e-02,0.000000000000000e+00,1.331679488773446e+00,5.096353678795465e+00,1,1.807499974966049e-01,5.200999975204468e-01,1.807499974966049e-01,5.000000000000000e-01
6.834462809354908e-01,6.275148625268265e-01,3573,13842,3.253597473057476e+00,2.573472120313939e-01,0.000000000000000e+00,1.883704432385274e+00,9.321294980410382e-01,-4.440904241297358e-02,0.000000000000000e+00,1.331697291814099e+00,5.096373907016574e+00,1,1.809999942779541e-01,5.200999975204468e-01,1.809999942779541e-01,5.000000000000000e-01
6.834087105811552e-01,6.268631589846028e-01,3578,13847,3.247392079224039e+00,2.560286706134276e-01,0.000000000000000e+00,1.883764781378946e+00,9.320855289807941e-01,-4.438550080546051e-02,0.000000000000000e+00,1.331715095915909e+00,5.096394136443392e+00,1,1.812500059604645e-01,5.200999975204468e-01,1.812500059604645e-01,5.000000000000000e-01
6.833711424660824e-01,6.262114942851278e-01,3583,13852,3.241187055243652e+00,2.547102077829827e-01,0.000000000000000e+00,1.883825126775705e+00,9.320415625411875e-01,-4.436196060107100e-02,0.000000000000000e+00,1.331732898956561e+00,5.096414364664498e+00,1,1.815000027418137e-01,5.200999975204468e-01,1.815000027418137e-01,5.000000000000000e-01
6.833335743510098e-01,6.255598295856529e-01,3588,13857,3.234982031263263e+00,2.533917449525376e-01,0.000000000000000e+00,1.883885472172464e+00,9.319975961015813e-01,-4.433842039668150e-02,0.000000000000000e+00,1.331750701997214e+00,5.096434592885604e+00,1,1.817499995231628e-01,5.200999975204468e-01,1.817499995231628e-01,5.000000000000000e-01
6.832960062359372e-01,6.249081648861782e-01,3593,13862,3.228777007282875e+00,2.520732821220927e-01,0.000000000000000e+00,1.883945817569224e+00,9.319536296619748e-01,-4.431488019229201e-02,0.000000000000000e+00,1.331768505037866e+00,5.096454821106711e+00,1,1.819999963045120e-01,5.200999975204468e-01,1.819999963045120e-01,5.000000000000000e-01
6.832584381208645e-01,6.242565001867036e-01,3598,13867,3.222571983302488e+00,2.507548192916479e-01,0.000000000000000e+00,1.884006162965983e+00,9.319096632223687e-01,-4.429133998790252e-02,0.000000000000000e+00,1.331786308078519e+00,5.096475049327818e+00,1,1.822499930858612e-01,5.200999975204468e-01,1.822499930858612e-01,5.000000000000000e-01
6.832208677665289e-01,6.236047966444858e-01,3603,13872,3.216366589469087e+00,2.494362778736824e-01,0.000000000000000e+00,1.884066511959655e+00,9.318656941621245e-01,-4.426779838038943e-02,0.000000000000000e+00,1.331804112180329e+00,5.096495278754636e+00,1,1.825000047683716e-01,5.200999975204468e-01,1.825000047683716e-01,5.000000000000000e-01
6.831832996514563e-01,6.229531319450110e-01,3608,13877,3.210161565488698e+00,2.481178150432373e-01,0.000000000000000e+00,1.884126857356414e+00,9.318217277225180e-01,-4.424425817599994e-02,0.000000000000000e+00,1.331821915220981e+00,5.096515506975744e+00,1,1.827500015497208e-01,5.200999975204468e-01,1.827500015497208e-01,5.000000000000000e-01
6.831457315363836e-01,6.223014672455361e-01,3613,13882,3.203956541508311e+00,2.467993522127925e-01,0.000000000000000e+00,1.884187202753174e+00,9.317777612829118e-01,-4.422071797161044e-02,0.000000000000000e+00,1.331839718261634e+00,5.096535735196850e+00,1,1.829999983310699e-01,5.200999975204468e-01,1.829999983310699e-01,5.000000000000000e-01
6.831081634213110e-01,6.216498025460613e-01,3618,13887,3.197751517527923e+00,2.454808893823472e-01,0.000000000000000e+00,1.884247548149934e+00,9.317337948433054e-01,-4.419717776722094e-02,0.000000000000000e+00,1.331857521302287e+00,5.096555963417959e+00,1,1.832499951124191e-01,5.200999975204468e-01,1.832499951124191e-01,5.000000000000000e-01
6.830705930669754e-01,6.209980990038436e-01,3623,13892,3.191546123694522e+00,2.441623479643819e-01,0.000000000000000e+00,1.884307897143605e+00,9.316898257830614e-01,-4.417363615970785e-02,0.000000000000000e+00,1.331875325404097e+00,5.096576192844775e+00,1,1.835000067949295e-01,5.200999975204468e-01,1.835000067949295e-01,5.000000000000000e-01
6.830330249519027e-01,6.203464343043689e-01,3628,13897,3.185341099714135e+00,2.428438851339370e-01,0.000000000000000e+00,1.884368242540365e+00,9.316458593434550e-01,-4.415009595531835e-02,0.000000000000000e+00,1.331893128444749e+00,5.096596421065883e+00,1,1.837500035762787e-01,5.200999975204468e-01,1.837500035762787e-01,5.000000000000000e-01
6.829954568368299e-01,6.196947696048940e-01,3633,13902,3.179136075733746e+00,2.415254223034920e-01,0.000000000000000e+00,1.884428587937124e+00,9.316018929038488e-01,-4.412655575092886e-02,0.000000000000000e+00,1.331910931485402e+00,5.096616649286990e+00,1,1.840000003576279e-01,5.200999975204468e-01,1.840000003576279e-01,5.000000000000000e-01
6.829578887217574e-01,6.190431049054254e-01,3638,13907,3.172931051753395e+00,2.402069594730480e-01,0.000000000000000e+00,1.884488933333883e+00,9.315579264642423e-01,-4.410301554653935e-02,0.000000000000000e+00,1.331928734526054e+00,5.096636877508097e+00,1,1.842499971389771e-01,5.200999975204468e-01,1.842499971389771e-01,5.000000000000000e-01
6.829203206066848e-01,6.183914402059445e-01,3643,13912,3.166726027772970e+00,2.388884966426020e-01,0.000000000000000e+00,1.884549278730643e+00,9.315139600246357e-01,-4.407947534214986e-02,0.000000000000000e+00,1.331946537566707e+00,5.096657105729204e+00,1,1.844999939203262e-01,5.200999975204468e-01,1.844999939203262e-01,5.000000000000000e-01
6.828827502523490e-01,6.177397366637205e-01,3648,13917,3.160520633939534e+00,2.375699552246357e-01,0.000000000000000e+00,1.884609627724315e+00,9.314699909643918e-01,-4.405593373463679e-02,0.000000000000000e+00,1.331964341668517e+00,5.096677335156022e+00,1,1.847500056028366e-01,5.200999975204468e-01,1.847500056028366e-01,5.000000000000000e-01
6.828451821372766e-01,6.170880719642519e-01,3653,13922,3.154315609959182e+00,2.362514923941917e-01,0.000000000000000e+00,1.884669973121074e+00,9.314260245247855e-01,-4.403239353024728e-02,0.000000000000000e+00,1.331982144709170e+00,5.096697563377129e+00,1,1.850000023841858e-01,5.200999975204468e-01,1.850000023841858e-01,5.000000000000000e-01
6.828076140222039e-01,6.164364072647770e-01,3658,13927,3.148110585978794e+00,2.349330295637467e-01,0.000000000000000e+00,1.884730318517833e+00,9.313820580851790e-01,-4.400885332585778e-02,0.000000000000000e+00,1.331999947749822e+00,5.096717791598236e+00,1,1.852499991655350e-01,5.200999975204468e-01,1.852499991655350e-01,5.000000000000000e-01
6.827700459071311e-01,6.157847425653022e-01,3663,13932,3.141905561998406e+00,2.336145667333017e-01,0.000000000000000e+00,1.884790663914592e+00,9.313380916455727e-01,-4.398531312146828e-02,0.000000000000000e+00,1.332017750790475e+00,5.096738019819343e+00,1,1.854999959468842e-01,5.200999975204468e-01,1.854999959468842e-01,5.000000000000000e-01
6.827324777920585e-01,6.151330778658275e-01,3668,13937,3.135700538018017e+00,2.322961039028566e-01,0.000000000000000e+00,1.884851009311352e+00,9.312941252059663e-01,-4.396177291707878e-02,0.000000000000000e+00,1.332035553831127e+00,5.096758248040450e+00,1,1.857499927282333e-01,5.200999975204468e-01,1.857499927282333e-01,5.000000000000000e-01
6.826949074377229e-01,6.144813743236097e-01,3673,13942,3.129495144184618e+00,2.309775624848913e-01,0.000000000000000e+00,1.884911358305024e+00,9.312501561457223e-01,-4.393823130956570e-02,0.000000000000000e+00,1.332053357932937e+00,5.096778477467268e+00,1,1.860000044107437e-01,5.200999975204468e-01,1.860000044107437e-01,5.000000000000000e-01
6.826573393226503e-01,6.138297096241349e-01,3678,13947,3.123290120204230e+00,2.296590996544464e-01,0.000000000000000e+00,1.884971703701783e+00,9.312061897061159e-01,-4.391469110517619e-02,0.000000000000000e+00,1.332071160973590e+00,5.096798705688375e+00,1,1.862500011920929e-01,5.200999975204468e-01,1.862500011920929e-01,5.000000000000000e-01
6.826197712075776e-01,6.131780449246602e-01,3683,13952,3.117085096223842e+00,2.283406368240014e-01,0.000000000000000e+00,1.885032049098543e+00,9.311622232665095e-01,-4.389115090078670e-02,0.000000000000000e+00,1.332088964014242e+00,5.096818933909482e+00,1,1.864999979734421e-01,5.200999975204468e-01,1.864999979734421e-01,5.000000000000000e-01
6.825822030925048e-01,6.125263802251854e-01,3688,13957,3.110880072243453e+00,2.270221739935564e-01,0.000000000000000e+00,1.885092394495302e+00,9.311182568269034e-01,-4.386761069639721e-02,0.000000000000000e+00,1.332106767054895e+00,5.096839162130588e+00,1,1.867499947547913e-01,5.200999975204468e-01,1.867499947547913e-01,5.000000000000000e-01
6.825446327381693e-01,6.118746766829738e-01,3693,13962,3.104674678410089e+00,2.257036325755921e-01,0.000000000000000e+00,1.885152743488974e+00,9.310742877666591e-01,-4.384406908888411e-02,0.000000000000000e+00,1.332124571156705e+00,5.096859391557407e+00,1,1.870000064373016e-01,5.200999975204468e-01,1.870000064373016e-01,5.000000000000000e-01
6.825070646230966e-01,6.112230119834929e-01,3698,13967,3.098469654429666e+00,2.243851697451461e-01,0.000000000000000e+00,1.885213088885733e+00,9.310303213270528e-01,-4.382052888449461e-02,0.000000000000000e+00,1.332142374197357e+00,5.096879619778514e+00,1,1.872500032186508e-01,5.200999975204468e-01,1.872500032186508e-01,5.000000000000000e-01
6.824694965080240e-01,6.105713472840181e-01,3703,13972,3.092264630449278e+00,2.230667069147010e-01,0.000000000000000e+00,1.885273434282493e+00,9.309863548874465e-01,-4.379698868010512e-02,0.000000000000000e+00,1.332160177238010e+00,5.096899847999621e+00,1,1.875000000000000e-01,5.200999975204468e-01,1.875000000000000e-01,5.000000000000000e-01
6.824319283929514e-01,6.099196825845433e-01,3708,13977,3.086059606468890e+00,2.217482440842561e-01,0.000000000000000e+00,1.885333779679252e+00,9.309423884478399e-01,-4.377344847571563e-02,0.000000000000000e+00,1.332177980278663e+00,5.096920076220727e+00,1,1.877499967813492e-01,5.200999975204468e-01,1.877499967813492e-01,5.000000000000000e-01
6.823943602778788e-01,6.092680178850685e-01,3713,13982,3.079854582488501e+00,2.204297812538111e-01,0.000000000000000e+00,1.885394125076012e+00,9.308984220082336e-01,-4.374990827132613e-02,0.000000000000000e+00,1.332195783319315e+00,5.096940304441834e+00,1,1.879999935626984e-01,5.200999975204468e-01,1.879999935626984e-01,5.000000000000000e-01
6.823567899235432e-01,6.086163143428507e-01,3718,13987,3.073649188655101e+00,2.191112398358455e-01,0.000000000000000e+00,1.885454474069683e+00,9.308544529479896e-01,-4.372636666381303e-02,0.000000000000000e+00,1.332213587421125e+00,5.096960533868653e+00,1,1.882500052452087e-01,5.200999975204468e-01,1.882500052452087e-01,5.000000000000000e-01
6.823192218084704e-01,6.079646496433759e-01,3723,13992,3.067444164674713e+00,2.177927770054007e-01,0.000000000000000e+00,1.885514819466443e+00,9.308104865083833e-01,-4.370282645942354e-02,0.000000000000000e+00,1.332231390461778e+00,5.096980762089760e+00,1,1.885000020265579e-01,5.200999975204468e-01,1.885000020265579e-01,5.000000000000000e-01
6.822816536933979e-01,6.073129849439012e-01,3728,13997,3.061239140694326e+00,2.164743141749558e-01,0.000000000000000e+00,1.885575164863202e+00,9.307665200687769e-01,-4.367928625503405e-02,0.000000000000000e+00,1.332249193502430e+00,5.097000990310868e+00,1,1.887499988079071e-01,5.200999975204468e-01,1.887499988079071e-01,5.000000000000000e-01
6.822440855783252e-01,6.066613202444264e-01,3733,14002,3.055034116713937e+00,2.151558513445107e-01,0.000000000000000e+00,1.885635510259962e+00,9.307225536291706e-01,-4.365574605064455e-02,0.000000000000000e+00,1.332266996543083e+00,5.097021218531974e+00,1,1.889999955892563e-01,5.200999975204468e-01,1.889999955892563e-01,5.000000000000000e-01
6.822065152239896e-01,6.060096167022085e-01,3738,14007,3.048828722880537e+00,2.138373099265452e-01,0.000000000000000e+00,1.885695859253633e+00,9.306785845689263e-01,-4.363220444313146e-02,0.000000000000000e+00,1.332284800644893e+00,5.097041447958792e+00,1,1.892500072717667e-01,5.200999975204468e-01,1.892500072717667e-01,5.000000000000000e-01
6.821689471089170e-01,6.053579520027338e-01,3743,14012,3.042623698900150e+00,2.125188470961004e-01,0.000000000000000e+00,1.885756204650393e+00,9.306346181293201e-01,-4.360866423874197e-02,0.000000000000000e+00,1.332302603685546e+00,5.097061676179899e+00,1,1.895000040531158e-01,5.200999975204468e-01,1.895000040531158e-01,5.000000000000000e-01
6.821313789938444e-01,6.047062873032651e-01,3748,14017,3.036418674919797e+00,2.112003842656567e-01,0.000000000000000e+00,1.885816550047152e+00,9.305906516897138e-01,-4.358512403435245e-02,0.000000000000000e+00,1.332320406726198e+00,5.097081904401006e+00,1,1.897500008344650e-01,5.200999975204468e-01,1.897500008344650e-01,5.000000000000000e-01
6.820938108787715e-01,6.040546226037842e-01,3753,14023,3.030213650939372e+00,2.098819214352103e-01,0.000000000000000e+00,1.885876895443912e+00,9.305466852501073e-01,-4.356158382996296e-02,0.000000000000000e+00,1.332338209766851e+00,5.097102132622112e+00,1,1.899999976158142e-01,5.200999975204468e-01,1.899999976158142e-01,5.000000000000000e-01
6.820644816018638e-01,6.032505034579256e-01,3758,14028,3.022895981289403e+00,2.081373200033651e-01,0.000000000000000e+00,1.885921489800726e+00,9.305120606314654e-01,-4.353758352038540e-02,0.000000000000000e+00,1.332350621206775e+00,5.097112272440707e+00,1,1.902499943971634e-01,5.200999975204468e-01,1.902499943971634e-01,5.000000000000000e-01
6.820351506553507e-01,6.024463349281576e-01,3763,14033,3.015577864854727e+00,2.063926105195211e-01,0.000000000000000e+00,1.885966086665381e+00,9.304774340381065e-01,-4.351358177587124e-02,0.000000000000000e+00,1.332363033335065e+00,5.097122412767471e+00,1,1.905000060796738e-01,5.200999975204468e-01,1.905000060796738e-01,5.000000000000000e-01
6.820058214570164e-01,6.016422143283415e-01,3768,14038,3.008260184593468e+00,2.046480050236090e-01,0.000000000000000e+00,1.886010680871979e+00,9.304428095085571e-01,-4.348958146190567e-02,0.000000000000000e+00,1.332375444723569e+00,5.097132552489851e+00,1,1.907500028610229e-01,5.200999975204468e-01,1.907500028610229e-01,5.000000000000000e-01
6.819764922586820e-01,6.008380937285310e-01,3773,14043,3.000942504332245e+00,2.029033995276982e-01,0.000000000000000e+00,1.886055275078576e+00,9.304081849790073e-01,-4.346558114794009e-02,0.000000000000000e+00,1.332387856112073e+00,5.097142692212233e+00,1,1.909999996423721e-01,5.200999975204468e-01,1.909999996423721e-01,5.000000000000000e-01
6.819471630603475e-01,6.000339731287152e-01,3778,14048,2.993624824070988e+00,2.011587940317867e-01,0.000000000000000e+00,1.886099869285174e+00,9.303735604494578e-01,-4.344158083397452e-02,0.000000000000000e+00,1.332400267500578e+00,5.097152831934614e+00,1,1.912499964237213e-01,5.200999975204468e-01,1.912499964237213e-01,5.000000000000000e-01
6.819178338620132e-01,5.992298525288990e-01,3783,14053,2.986307143809729e+00,1.994141885358747e-01,0.000000000000000e+00,1.886144463491773e+00,9.303389359199086e-01,-4.341758052000896e-02,0.000000000000000e+00,1.332412678889082e+00,5.097162971656996e+00,1,1.914999932050705e-01,5.200999975204468e-01,1.914999932050705e-01,5.000000000000000e-01
6.818885029155001e-01,5.984256839991431e-01,3788,14058,2.978989027375123e+00,1.976694790520329e-01,0.000000000000000e+00,1.886189060356426e+00,9.303043093265497e-01,-4.339357877549477e-02,0.000000000000000e+00,1.332425091017373e+00,5.097173111983761e+00,1,1.917500048875809e-01,5.200999975204468e-01,1.917500048875809e-01,5.000000000000000e-01
6.818591737171658e-01,5.976215633993269e-01,3793,14063,2.971671347113865e+00,1.959248735561213e-01,0.000000000000000e+00,1.886233654563025e+00,9.302696847970002e-01,-4.336957846152921e-02,0.000000000000000e+00,1.332437502405877e+00,5.097183251706142e+00,1,1.920000016689301e-01,5.200999975204468e-01,1.920000016689301e-01,5.000000000000000e-01
6.818298445188313e-01,5.968174427995107e-01,3798,14068,2.964353666852606e+00,1.941802680602091e-01,0.000000000000000e+00,1.886278248769623e+00,9.302350602674507e-01,-4.334557814756364e-02,0.000000000000000e+00,1.332449913794381e+00,5.097193391428522e+00,1,1.922499984502792e-01,5.200999975204468e-01,1.922499984502792e-01,5.000000000000000e-01
6.818005153204972e-01,5.960133221996945e-01,3803,14073,2.957035986591349e+00,1.924356625642975e-01,0.000000000000000e+00,1.886322842976221e+00,9.302004357379015e-01,-4.332157783359809e-02,0.000000000000000e+00,1.332462325182886e+00,5.097203531150905e+00,1,1.924999952316284e-01,5.200999975204468e-01,1.924999952316284e-01,5.000000000000000e-01
6.817711843739838e-01,5.952091536699445e-01,3808,14078,2.949717870156779e+00,1.906909530804576e-01,0.000000000000000e+00,1.886367439840875e+00,9.301658091445424e-01,-4.329757608908389e-02,0.000000000000000e+00,1.332474737311176e+00,5.097213671477670e+00,1,1.927500069141388e-01,5.200999975204468e-01,1.927500069141388e-01,5.000000000000000e-01
6.817418551756496e-01,5.944050330701227e-01,3813,14083,2.942400189895486e+00,1.889463475845442e-01,0.000000000000000e+00,1.886412034047473e+00,9.301311846149930e-01,-4.327357577511835e-02,0.000000000000000e+00,1.332487148699681e+00,5.097223811200051e+00,1,1.930000036954880e-01,5.200999975204468e-01,1.930000036954880e-01,5.000000000000000e-01
6.817125259773151e-01,5.936009124703066e-01,3818,14088,2.935082509634228e+00,1.872017420886323e-01,0.000000000000000e+00,1.886456628254071e+00,9.300965600854434e-01,-4.324957546115277e-02,0.000000000000000e+00,1.332499560088185e+00,5.097233950922432e+00,1,1.932500004768372e-01,5.200999975204468e-01,1.932500004768372e-01,5.000000000000000e-01
6.816831967789809e-01,5.927967918704902e-01,3823,14093,2.927764829372968e+00,1.854571365927200e-01,0.000000000000000e+00,1.886501222460669e+00,9.300619355558941e-01,-4.322557514718720e-02,0.000000000000000e+00,1.332511971476690e+00,5.097244090644813e+00,1,1.934999972581863e-01,5.200999975204468e-01,1.934999972581863e-01,5.000000000000000e-01
6.816538675806466e-01,5.919926712706742e-01,3828,14098,2.920447149111712e+00,1.837125310968085e-01,0.000000000000000e+00,1.886545816667267e+00,9.300273110263446e-01,-4.320157483322164e-02,0.000000000000000e+00,1.332524382865194e+00,5.097254230367195e+00,1,1.937499940395355e-01,5.200999975204468e-01,1.937499940395355e-01,5.000000000000000e-01
6.816245366341334e-01,5.911885027409240e-01,3833,14103,2.913129032677141e+00,1.819678216129686e-01,0.000000000000000e+00,1.886590413531921e+00,9.299926844329859e-01,-4.317757308870745e-02,0.000000000000000e+00,1.332536794993485e+00,5.097264370693958e+00,1,1.940000057220459e-01,5.200999975204468e-01,1.940000057220459e-01,5.000000000000000e-01
6.815952074357990e-01,5.903843821411022e-01,3838,14108,2.905811352415848e+00,1.802232161170551e-01,0.000000000000000e+00,1.886635007738519e+00,9.299580599034362e-01,-4.315357277474189e-02,0.000000000000000e+00,1.332549206381989e+00,5.097274510416341e+00,1,1.942500025033951e-01,5.200999975204468e-01,1.942500025033951e-01,5.000000000000000e-01
6.815658782374646e-01,5.895802615412801e-01,3843,14113,2.898493672154553e+00,1.784786106211412e-01,0.000000000000000e+00,1.886679601945117e+00,9.299234353738866e-01,-4.312957246077632e-02,0.000000000000000e+00,1.332561617770493e+00,5.097284650138721e+00,1,1.944999992847443e-01,5.200999975204468e-01,1.944999992847443e-01,5.000000000000000e-01
6.815365490391303e-01,5.887761409414698e-01,3848,14118,2.891175991893330e+00,1.767340051252311e-01,0.000000000000000e+00,1.886724196151715e+00,9.298888108443372e-01,-4.310557214681075e-02,0.000000000000000e+00,1.332574029158998e+00,5.097294789861103e+00,1,1.947499960660934e-01,5.200999975204468e-01,1.947499960660934e-01,5.000000000000000e-01
6.815072198407961e-01,5.879720203416536e-01,3853,14123,2.883858311632072e+00,1.749893996293192e-01,0.000000000000000e+00,1.886768790358313e+00,9.298541863147878e-01,-4.308157183284519e-02,0.000000000000000e+00,1.332586440547502e+00,5.097304929583483e+00,1,1.949999928474426e-01,5.200999975204468e-01,1.949999928474426e-01,5.000000000000000e-01
6.814778888942827e-01,5.871678518118975e-01,3858,14128,2.876540195197466e+00,1.732446901454774e-01,0.000000000000000e+00,1.886813387222967e+00,9.298195597214288e-01,-4.305757008833101e-02,0.000000000000000e+00,1.332598852675793e+00,5.097315069910247e+00,1,1.952500045299530e-01,5.200999975204468e-01,1.952500045299530e-01,5.000000000000000e-01
6.814485596959484e-01,5.863637312120817e-01,3863,14133,2.869222514936210e+00,1.715000846495661e-01,0.000000000000000e+00,1.886857981429565e+00,9.297849351918794e-01,-4.303356977436545e-02,0.000000000000000e+00,1.332611264064297e+00,5.097325209632629e+00,1,1.955000013113022e-01,5.200999975204468e-01,1.955000013113022e-01,5.000000000000000e-01
6.814192304976141e-01,5.855596106122655e-01,3868,14138,2.861904834674951e+00,1.697554791536541e-01,0.000000000000000e+00,1.886902575636163e+00,9.297503106623299e-01,-4.300956946039988e-02,0.000000000000000e+00,1.332623675452802e+00,5.097335349355012e+00,1,1.957499980926514e-01,5.200999975204468e-01,1.957499980926514e-01,5.000000000000000e-01
6.813899012992799e-01,5.847554900124494e-01,3873,14143,2.854587154413693e+00,1.680108736577422e-01,0.000000000000000e+00,1.886947169842761e+00,9.297156861327804e-01,-4.298556914643431e-02,0.000000000000000e+00,1.332636086841306e+00,5.097345489077393e+00,1,1.959999948740005e-01,5.200999975204468e-01,1.959999948740005e-01,5.000000000000000e-01
6.813605703527665e-01,5.839513214826934e-01,3878,14148,2.847269037979087e+00,1.662661641739007e-01,0.000000000000000e+00,1.886991766707415e+00,9.296810595394216e-01,-4.296156740192014e-02,0.000000000000000e+00,1.332648498969596e+00,5.097355629404156e+00,1,1.962500065565109e-01,5.200999975204468e-01,1.962500065565109e-01,5.000000000000000e-01
6.813312411544322e-01,5.831472008828772e-01,3883,14153,2.839951357717829e+00,1.645215586779886e-01,0.000000000000000e+00,1.887036360914013e+00,9.296464350098722e-01,-4.293756708795457e-02,0.000000000000000e+00,1.332660910358101e+00,5.097365769126537e+00,1,1.965000033378601e-01,5.200999975204468e-01,1.965000033378601e-01,5.000000000000000e-01
6.813019119560979e-01,5.823430802830611e-01,3888,14158,2.832633677456571e+00,1.627769531820769e-01,0.000000000000000e+00,1.887080955120612e+00,9.296118104803229e-01,-4.291356677398900e-02,0.000000000000000e+00,1.332673321746605e+00,5.097375908848919e+00,1,1.967500001192093e-01,5.200999975204468e-01,1.967500001192093e-01,5.000000000000000e-01
6.812725827577637e-01,5.815389596832450e-01,3893,14163,2.825315997195313e+00,1.610323476861650e-01,0.000000000000000e+00,1.887125549327210e+00,9.295771859507732e-01,-4.288956646002343e-02,0.000000000000000e+00,1.332685733135109e+00,5.097386048571300e+00,1,1.969999969005585e-01,5.200999975204468e-01,1.969999969005585e-01,5.000000000000000e-01
6.812432535594293e-01,5.807348390834233e-01,3898,14168,2.817998316934019e+00,1.592877421902509e-01,0.000000000000000e+00,1.887170143533808e+00,9.295425614212237e-01,-4.286556614605787e-02,0.000000000000000e+00,1.332698144523614e+00,5.097396188293682e+00,1,1.972499936819077e-01,5.200999975204468e-01,1.972499936819077e-01,5.000000000000000e-01
6.812139226129159e-01,5.799306705536675e-01,3903,14173,2.810680200499414e+00,1.575430327064097e-01,0.000000000000000e+00,1.887214740398461e+00,9.295079348278648e-01,-4.284156440154370e-02,0.000000000000000e+00,1.332710556651904e+00,5.097406328620445e+00,1,1.975000053644180e-01,5.200999975204468e-01,1.975000053644180e-01,5.000000000000000e-01
6.811845934145817e-01,5.791265499538568e-01,3908,14178,2.803362520238191e+00,1.557984272104996e-01,0.000000000000000e+00,1.887259334605059e+00,9.294733102983155e-01,-4.281756408757813e-02,0.000000000000000e+00,1.332722968040409e+00,5.097416468342828e+00,1,1.977500021457672e-01,5.200999975204468e-01,1.977500021457672e-01,5.000000000000000e-01
6.811552642162474e-01,5.783224293540405e-01,3913,14183,2.796044839976933e+00,1.540538217145878e-01,0.000000000000000e+00,1.887303928811658e+00,9.294386857687659e-01,-4.279356377361256e-02,0.000000000000000e+00,1.332735379428913e+00,5.097426608065208e+00,1,1.979999989271164e-01,5.200999975204468e-01,1.979999989271164e-01,5.000000000000000e-01
6.811259350179131e-01,5.775183087542245e-01,3918,14188,2.788727159715675e+00,1.523092162186759e-01,0.000000000000000e+00,1.887348523018256e+00,9.294040612392165e-01,-4.276956345964700e-02,0.000000000000000e+00,1.332747790817418e+00,5.097436747787590e+00,1,1.982499957084656e-01,5.200999975204468e-01,1.982499957084656e-01,5.000000000000000e-01
6.810966040713997e-01,5.767141402244685e-01,3923,14193,2.781409043281069e+00,1.505645067348343e-01,0.000000000000000e+00,1.887393119882910e+00,9.293694346458576e-01,-4.274556171513282e-02,0.000000000000000e+00,1.332760202945708e+00,5.097446888114353e+00,1,1.985000073909760e-01,5.200999975204468e-01,1.985000073909760e-01,5.000000000000000e-01
6.810672748730654e-01,5.759100196246524e-01,3928,14198,2.774091363019811e+00,1.488199012389224e-01,0.000000000000000e+00,1.887437714089508e+00,9.293348101163081e-01,-4.272156140116724e-02,0.000000000000000e+00,1.332772614334212e+00,5.097457027836735e+00,1,1.987500041723251e-01,5.200999975204468e-01,1.987500041723251e-01,5.000000000000000e-01
6.810379456747311e-01,5.751058990248363e-01,3933,14203,2.766773682758553e+00,1.470752957430105e-01,0.000000000000000e+00,1.887482308296106e+00,9.293001855867589e-01,-4.269756108720167e-02,0.000000000000000e+00,1.332785025722717e+00,5.097467167559117e+00,1,1.990000009536743e-01,5.200999975204468e-01,1.990000009536743e-01,5.000000000000000e-01
6.810086164763969e-01,5.743017784250199e-01,3938,14208,2.759456002497295e+00,1.453306902470986e-01,0.000000000000000e+00,1.887526902502703e+00,9.292655610572091e-01,-4.267356077323611e-02,0.000000000000000e+00,1.332797437111221e+00,5.097477307281498e+00,1,1.992499977350235e-01,5.200999975204468e-01,1.992499977350235e-01,5.000000000000000e-01
6.809792872780625e-01,5.734976578252040e-01,3943,14213,2.752138322236036e+00,1.435860847511868e-01,0.000000000000000e+00,1.887571496709302e+00,9.292309365276596e-01,-4.264956045927054e-02,0.000000000000000e+00,1.332809848499726e+00,5.097487447003879e+00,1,1.994999945163727e-01,5.200999975204468e-01,1.994999945163727e-01,5.000000000000000e-01
6.809499563315492e-01,5.726934892954481e-01,3948,14218,2.744820205801430e+00,1.418413752673452e-01,0.000000000000000e+00,1.887616093573956e+00,9.291963099343008e-01,-4.262555871475637e-02,0.000000000000000e+00,1.332822260628016e+00,5.097497587330643e+00,1,1.997500061988831e-01,5.200999975204468e-01,1.997500061988831e-01,5.000000000000000e-01
6.809206271332149e-01,5.718893686956266e-01,3953,14224,2.737502525540138e+00,1.400967697714311e-01,0.000000000000000e+00,1.887660687780554e+00,9.291616854047513e-01,-4.260155840079080e-02,0.000000000000000e+00,1.332834672016520e+00,5.097507727053025e+00,1,2.000000029802322e-01,5.200999975204468e-01,2.000000029802322e-01,5.000000000000000e-01
6.809009881912056e-01,5.709666556576498e-01,3958,14229,2.729728783997454e+00,1.378771568868904e-01,0.000000000000000e+00,1.887686140839214e+00,9.291383094671029e-01,-4.257305883434043e-02,0.000000000000000e+00,1.332840879147270e+00,5.097506477610619e+00,1,2.002499997615814e-01,5.200999975204468e-01,2.002499997615814e-01,5.000000000000000e-01
6.808813491336796e-01,5.700439440334012e-01,3963,14234,2.721955047891414e+00,1.356575496648822e-01,0.000000000000000e+00,1.887711594126056e+00,9.291149333953608e-01,-4.254455932152539e-02,0.000000000000000e+00,1.332847086351979e+00,5.097505228303982e+00,1,2.004999965429306e-01,5.200999975204468e-01,2.004999965429306e-01,5.000000000000000e-01
6.808617100761535e-01,5.691212324091477e-01,3968,14239,2.714181311785341e+00,1.334379424428725e-01,0.000000000000000e+00,1.887737047412897e+00,9.290915573236187e-01,-4.251605980871035e-02,0.000000000000000e+00,1.332853293556690e+00,5.097503978997345e+00,1,2.007499933242798e-01,5.200999975204468e-01,2.007499933242798e-01,5.000000000000000e-01
6.808420698480333e-01,5.681984657862926e-01,3973,14244,2.706407112322559e+00,1.312182029202615e-01,0.000000000000000e+00,1.887762502216892e+00,9.290681798585362e-01,-4.248755859717011e-02,0.000000000000000e+00,1.332859501131383e+00,5.097502729616244e+00,1,2.010000050067902e-01,5.200999975204468e-01,2.010000050067902e-01,5.000000000000000e-01
6.808224307905071e-01,5.672757541620489e-01,3978,14249,2.698633376216554e+00,1.289985956982554e-01,0.000000000000000e+00,1.887787955503733e+00,9.290448037867940e-01,-4.245905908435505e-02,0.000000000000000e+00,1.332865708336093e+00,5.097501480309607e+00,1,2.012500017881393e-01,5.200999975204468e-01,2.012500017881393e-01,5.000000000000000e-01
6.808027917329809e-01,5.663530425378003e-01,3983,14254,2.690859640110513e+00,1.267789884762472e-01,0.000000000000000e+00,1.887813408790574e+00,9.290214277150519e-01,-4.243055957154000e-02,0.000000000000000e+00,1.332871915540803e+00,5.097500231002971e+00,1,2.014999985694885e-01,5.200999975204468e-01,2.014999985694885e-01,5.000000000000000e-01
6.807831526754550e-01,5.654303309135521e-01,3988,14259,2.683085904004476e+00,1.245593812542398e-01,0.000000000000000e+00,1.887838862077415e+00,9.289980516433098e-01,-4.240206005872497e-02,0.000000000000000e+00,1.332878122745514e+00,5.097498981696335e+00,1,2.017499953508377e-01,5.200999975204468e-01,2.017499953508377e-01,5.000000000000000e-01
6.807635124473346e-01,5.645075642906966e-01,3993,14264,2.675311704541691e+00,1.223396417316283e-01,0.000000000000000e+00,1.887864316881410e+00,9.289746741782272e-01,-4.237355884718472e-02,0.000000000000000e+00,1.332884330320206e+00,5.097497732315231e+00,1,2.020000070333481e-01,5.200999975204468e-01,2.020000070333481e-01,5.000000000000000e-01
6.807438733898085e-01,5.635848526664481e-01,3998,14269,2.667537968435653e+00,1.201200345096204e-01,0.000000000000000e+00,1.887889770168251e+00,9.289512981064848e-01,-4.234505933436967e-02,0.000000000000000e+00,1.332890537524916e+00,5.097496483008596e+00,1,2.022500038146973e-01,5.200999975204468e-01,2.022500038146973e-01,5.000000000000000e-01
6.807242343322825e-01,5.626621410421947e-01,4003,14274,2.659764232329580e+00,1.179004272876104e-01,0.000000000000000e+00,1.887915223455093e+00,9.289279220347429e-01,-4.231655982155463e-02,0.000000000000000e+00,1.332896744729627e+00,5.097495233701959e+00,1,2.025000005960464e-01,5.200999975204468e-01,2.025000005960464e-01,5.000000000000000e-01
6.807045952747562e-01,5.617394294179510e-01,4008,14279,2.651990496223575e+00,1.156808200656045e-01,0.000000000000000e+00,1.887940676741934e+00,9.289045459630006e-01,-4.228806030873959e-02,0.000000000000000e+00,1.332902951934337e+00,5.097493984395322e+00,1,2.027499973773956e-01,5.200999975204468e-01,2.027499973773956e-01,5.000000000000000e-01
6.806849562172300e-01,5.608167177937072e-01,4013,14284,2.644216760117570e+00,1.134612128435986e-01,0.000000000000000e+00,1.887966130028775e+00,9.288811698912585e-01,-4.225956079592454e-02,0.000000000000000e+00,1.332909159139047e+00,5.097492735088685e+00,1,2.029999941587448e-01,5.200999975204468e-01,2.029999941587448e-01,5.000000000000000e-01
6.806653159891096e-01,5.598939511708472e-01,4018,14289,2.636442560654753e+00,1.112414733209856e-01,0.000000000000000e+00,1.887991584832770e+00,9.288577924261758e-01,-4.223105958438431e-02,0.000000000000000e+00,1.332915366713740e+00,5.097491485707584e+00,1,2.032500058412552e-01,5.200999975204468e-01,2.032500058412552e-01,5.000000000000000e-01
6.806456769315836e-01,5.589712395465940e-01,4023,14294,2.628668824548681e+00,1.090218660989756e-01,0.000000000000000e+00,1.888017038119611e+00,9.288344163544339e-01,-4.220256007156926e-02,0.000000000000000e+00,1.332921573918450e+00,5.097490236400947e+00,1,2.035000026226044e-01,5.200999975204468e-01,2.035000026226044e-01,5.000000000000000e-01
6.806260378740575e-01,5.580485279223454e-01,4028,14299,2.620895088442641e+00,1.068022588769675e-01,0.000000000000000e+00,1.888042491406452e+00,9.288110402826918e-01,-4.217406055875422e-02,0.000000000000000e+00,1.332927781123160e+00,5.097488987094312e+00,1,2.037499994039536e-01,5.200999975204468e-01,2.037499994039536e-01,5.000000000000000e-01
6.806063988165314e-01,5.571258162981014e-01,4033,14304,2.613121352336636e+00,1.045826516549616e-01,0.000000000000000e+00,1.888067944693293e+00,9.287876642109496e-01,-4.214556104593917e-02,0.000000000000000e+00,1.332933988327870e+00,5.097487737787675e+00,1,2.039999961853027e-01,5.200999975204468e-01,2.039999961853027e-01,5.000000000000000e-01
6.805867597590052e-01,5.562031046738529e-01,4038,14309,2.605347616230597e+00,1.023630444329537e-01,0.000000000000000e+00,1.888093397980134e+00,9.287642881392073e-01,-4.211706153312413e-02,0.000000000000000e+00,1.332940195532580e+00,5.097486488481037e+00,1,2.042499929666519e-01,5.200999975204468e-01,2.042499929666519e-01,5.000000000000000e-01
6.805671195308851e-01,5.552803380509977e-01,4043,14314,2.597573416767813e+00,1.001433049103424e-01,0.000000000000000e+00,1.888118852784129e+00,9.287409106741250e-01,-4.208856032158387e-02,0.000000000000000e+00,1.332946403107274e+00,5.097485239099935e+00,1,2.045000046491623e-01,5.200999975204468e-01,2.045000046491623e-01,5.000000000000000e-01
6.805474804733589e-01,5.543576264267491e-01,4048,14319,2.589799680661775e+00,9.792369768833449e-02,0.000000000000000e+00,1.888144306070971e+00,9.287175346023826e-01,-4.206006080876883e-02,0.000000000000000e+00,1.332952610311984e+00,5.097483989793299e+00,1,2.047500014305115e-01,5.200999975204468e-01,2.047500014305115e-01,5.000000000000000e-01
6.805278414158328e-01,5.534349148025005e-01,4053,14324,2.582025944555735e+00,9.570409046632633e-02,0.000000000000000e+00,1.888169759357812e+00,9.286941585306405e-01,-4.203156129595379e-02,0.000000000000000e+00,1.332958817516694e+00,5.097482740486663e+00,1,2.049999982118607e-01,5.200999975204468e-01,2.049999982118607e-01,5.000000000000000e-01
6.805082023583067e-01,5.525122031782521e-01,4058,14329,2.574252208449697e+00,9.348448324431888e-02,0.000000000000000e+00,1.888195212644653e+00,9.286707824588984e-01,-4.200306178313876e-02,0.000000000000000e+00,1.332965024721404e+00,5.097481491180027e+00,1,2.052499949932098e-01,5.200999975204468e-01,2.052499949932098e-01,5.000000000000000e-01
6.804885621301864e-01,5.515894365553922e-01,4063,14334,2.566478008986879e+00,9.126474372170509e-02,0.000000000000000e+00,1.888220667448648e+00,9.286474049938159e-01,-4.197456057159849e-02,0.000000000000000e+00,1.332971232296097e+00,5.097480241798925e+00,1,2.055000066757202e-01,5.200999975204468e-01,2.055000066757202e-01,5.000000000000000e-01
6.804689230726603e-01,5.506667249311437e-01,4068,14339,2.558704272880840e+00,8.904513649969717e-02,0.000000000000000e+00,1.888246120735489e+00,9.286240289220737e-01,-4.194606105878346e-02,0.000000000000000e+00,1.332977439500807e+00,5.097478992492288e+00,1,2.057500034570694e-01,5.200999975204468e-01,2.057500034570694e-01,5.000000000000000e-01
6.804492840151340e-01,5.497440133068952e-01,4073,14344,2.550930536774802e+00,8.682552927768925e-02,0.000000000000000e+00,1.888271574022330e+00,9.286006528503316e-01,-4.191756154596842e-02,0.000000000000000e+00,1.332983646705517e+00,5.097477743185651e+00,1,2.060000002384186e-01,5.200999975204468e-01,2.060000002384186e-01,5.000000000000000e-01
6.804296449576080e-01,5.488213016826513e-01,4078,14349,2.543156800668797e+00,8.460592205568387e-02,0.000000000000000e+00,1.888297027309172e+00,9.285772767785894e-01,-4.188906203315337e-02,0.000000000000000e+00,1.332989853910227e+00,5.097476493879015e+00,1,2.062499970197678e-01,5.200999975204468e-01,2.062499970197678e-01,5.000000000000000e-01
6.804100059000819e-01,5.478985900583982e-01,4083,14354,2.535383064562725e+00,8.238631483367390e-02,0.000000000000000e+00,1.888322480596012e+00,9.285539007068472e-01,-4.186056252033833e-02,0.000000000000000e+00,1.332996061114937e+00,5.097475244572379e+00,1,2.064999938011169e-01,5.200999975204468e-01,2.064999938011169e-01,5.000000000000000e-01
6.803903656719616e-01,5.469758234355475e-01,4088,14359,2.527608865099975e+00,8.016657531106471e-02,0.000000000000000e+00,1.888347935400008e+00,9.285305232417648e-01,-4.183206130879809e-02,0.000000000000000e+00,1.333002268689631e+00,5.097473995191277e+00,1,2.067500054836273e-01,5.200999975204468e-01,2.067500054836273e-01,5.000000000000000e-01
6.803707266144355e-01,5.460531118112989e-01,4093,14364,2.519835128993935e+00,7.794696808905655e-02,0.000000000000000e+00,1.888373388686849e+00,9.285071471700226e-01,-4.180356179598304e-02,0.000000000000000e+00,1.333008475894341e+00,5.097472745884641e+00,1,2.070000022649765e-01,5.200999975204468e-01,2.070000022649765e-01,5.000000000000000e-01
6.803510875569093e-01,5.451304001870502e-01,4098,14369,2.512061392887896e+00,7.572736086704837e-02,0.000000000000000e+00,1.888398841973690e+00,9.284837710982804e-01,-4.177506228316799e-02,0.000000000000000e+00,1.333014683099051e+00,5.097471496578003e+00,1,2.072499990463257e-01,5.200999975204468e-01,2.072499990463257e-01,5.000000000000000e-01
6.803314484993832e-01,5.442076885628019e-01,4103,14374,2.504287656781858e+00,7.350775364504093e-02,0.000000000000000e+00,1.888424295260531e+00,9.284603950265384e-01,-4.174656277035296e-02,0.000000000000000e+00,1.333020890303761e+00,5.097470247271366e+00,1,2.074999958276749e-01,5.200999975204468e-01,2.074999958276749e-01,5.000000000000000e-01
6.803118094418572e-01,5.432849769385532e-01,4108,14379,2.496513920675818e+00,7.128814642303276e-02,0.000000000000000e+00,1.888449748547372e+00,9.284370189547962e-01,-4.171806325753791e-02,0.000000000000000e+00,1.333027097508471e+00,5.097468997964731e+00,1,2.077499926090240e-01,5.200999975204468e-01,2.077499926090240e-01,5.000000000000000e-01
6.802921692137369e-01,5.423622103156981e-01,4113,14384,2.488739721213035e+00,6.906840690042176e-02,0.000000000000000e+00,1.888475203351367e+00,9.284136414897137e-01,-4.168956204599766e-02,0.000000000000000e+00,1.333033305083164e+00,5.097467748583629e+00,1,2.080000042915344e-01,5.200999975204468e-01,2.080000042915344e-01,5.000000000000000e-01
6.802725301562107e-01,5.414394986914451e-01,4118,14389,2.480965985106963e+00,6.684879967841154e-02,0.000000000000000e+00,1.888500656638208e+00,9.283902654179714e-01,-4.166106253318262e-02,0.000000000000000e+00,1.333039512287874e+00,5.097466499276992e+00,1,2.082500010728836e-01,5.200999975204468e-01,2.082500010728836e-01,5.000000000000000e-01
6.802528910986847e-01,5.405167870671966e-01,4123,14394,2.473192249000924e+00,6.462919245640361e-02,0.000000000000000e+00,1.888526109925050e+00,9.283668893462294e-01,-4.163256302036757e-02,0.000000000000000e+00,1.333045719492584e+00,5.097465249970355e+00,1,2.084999978542328e-01,5.200999975204468e-01,2.084999978542328e-01,5.000000000000000e-01
6.802332520411585e-01,5.395940754429480e-01,4128,14399,2.465418512894885e+00,6.240958523439567e-02,0.000000000000000e+00,1.888551563211891e+00,9.283435132744872e-01,-4.160406350755253e-02,0.000000000000000e+00,1.333051926697294e+00,5.097464000663719e+00,1,2.087499946355820e-01,5.200999975204468e-01,2.087499946355820e-01,5.000000000000000e-01
6.802136118130382e-01,5.386713088200971e-01,4133,14404,2.457644313432134e+00,6.018984571178651e-02,0.000000000000000e+00,1.888577018015885e+00,9.283201358094046e-01,-4.157556229601228e-02,0.000000000000000e+00,1.333058134271988e+00,5.097462751282617e+00,1,2.090000063180923e-01,5.200999975204468e-01,2.090000063180923e-01,5.000000000000000e-01
6.801939727555122e-01,5.377485971958443e-01,4138,14409,2.449870577326063e+00,5.797023848977651e-02,0.000000000000000e+00,1.888602471302727e+00,9.282967597376626e-01,-4.154706278319724e-02,0.000000000000000e+00,1.333064341476698e+00,5.097461501975981e+00,1,2.092500030994415e-01,5.200999975204468e-01,2.092500030994415e-01,5.000000000000000e-01
6.801743336979860e-01,5.368258855715999e-01,4143,14414,2.442096841220057e+00,5.575063126777065e-02,0.000000000000000e+00,1.888627924589568e+00,9.282733836659204e-01,-4.151856327038220e-02,0.000000000000000e+00,1.333070548681408e+00,5.097460252669344e+00,1,2.094999998807907e-01,5.200999975204468e-01,2.094999998807907e-01,5.000000000000000e-01
6.801546946404599e-01,5.359031739473473e-01,4148,14419,2.434323105113985e+00,5.353102404576066e-02,0.000000000000000e+00,1.888653377876409e+00,9.282500075941782e-01,-4.149006375756716e-02,0.000000000000000e+00,1.333076755886118e+00,5.097459003362708e+00,1,2.097499966621399e-01,5.200999975204468e-01,2.097499966621399e-01,5.000000000000000e-01
6.801350555829337e-01,5.349804623230987e-01,4153,14425,2.426549369007946e+00,5.131141682375273e-02,0.000000000000000e+00,1.888678831163250e+00,9.282266315224361e-01,-4.146156424475211e-02,0.000000000000000e+00,1.333082963090828e+00,5.097457754056071e+00,1,2.099999934434891e-01,5.200999975204468e-01,2.099999934434891e-01,5.000000000000000e-01
6.801296812254376e-01,5.339955347878484e-01,4158,14430,2.418943342840425e+00,4.884628632770648e-02,0.000000000000000e+00,1.888679033899701e+00,9.282204391720025e-01,-4.142586555203186e-02,0.000000000000000e+00,1.333081748262915e+00,5.097446262435635e+00,1,2.102500051259995e-01,5.200999975204468e-01,2.102500051259995e-01,5.000000000000000e-01
6.801243075623706e-01,5.330106643260069e-01,4163,14435,2.411337774416376e+00,4.638129632290348e-02,0.000000000000000e+00,1.888679235961858e+00,9.282142476413059e-01,-4.139016879827376e-02,0.000000000000000e+00,1.333080533312764e+00,5.097434771231529e+00,1,2.105000019073486e-01,5.200999975204468e-01,2.105000019073486e-01,5.000000000000000e-01
6.801189338993036e-01,5.320257938641568e-01,4168,14440,2.403732205992261e+00,4.391630631809607e-02,0.000000000000000e+00,1.888679438024016e+00,9.282080561106092e-01,-4.135447204451566e-02,0.000000000000000e+00,1.333079318362613e+00,5.097423280027423e+00,1,2.107499986886978e-01,5.200999975204468e-01,2.107499986886978e-01,5.000000000000000e-01
6.801135602362366e-01,5.310409234023110e-01,4173,14445,2.396126637568177e+00,4.145131631329047e-02,0.000000000000000e+00,1.888679640086174e+00,9.282018645799125e-01,-4.131877529075755e-02,0.000000000000000e+00,1.333078103412462e+00,5.097411788823316e+00,1,2.109999954700470e-01,5.200999975204468e-01,2.109999954700470e-01,5.000000000000000e-01
6.801081862528702e-01,5.300559942368555e-01,4178,14450,2.388520615811057e+00,3.898617938174043e-02,0.000000000000000e+00,1.888679842160376e+00,9.281956726801671e-01,-4.128307640927972e-02,0.000000000000000e+00,1.333076888389893e+00,5.097400296934273e+00,1,2.112500071525574e-01,5.200999975204468e-01,2.112500071525574e-01,5.000000000000000e-01
6.801028125898032e-01,5.290711237750096e-01,4183,14455,2.380915047386973e+00,3.652118937693483e-02,0.000000000000000e+00,1.888680044222534e+00,9.281894811494706e-01,-4.124737965552162e-02,0.000000000000000e+00,1.333075673439742e+00,5.097388805730166e+00,1,2.115000039339066e-01,5.200999975204468e-01,2.115000039339066e-01,5.000000000000000e-01
6.800974389267364e-01,5.280862533131637e-01,4188,14460,2.373309478962890e+00,3.405619937212948e-02,0.000000000000000e+00,1.888680246284692e+00,9.281832896187739e-01,-4.121168290176352e-02,0.000000000000000e+00,1.333074458489591e+00,5.097377314526061e+00,1,2.117500007152557e-01,5.200999975204468e-01,2.117500007152557e-01,5.000000000000000e-01
6.800920652636693e-01,5.271013828513179e-01,4193,14465,2.365703910538808e+00,3.159120936732414e-02,0.000000000000000e+00,1.888680448346850e+00,9.281770980880775e-01,-4.117598614800540e-02,0.000000000000000e+00,1.333073243539440e+00,5.097365823321956e+00,1,2.119999974966049e-01,5.200999975204468e-01,2.119999974966049e-01,5.000000000000000e-01
6.800866916006021e-01,5.261165123894720e-01,4198,14470,2.358098342114725e+00,2.912621936251879e-02,0.000000000000000e+00,1.888680650409007e+00,9.281709065573809e-01,-4.114028939424729e-02,0.000000000000000e+00,1.333072028589288e+00,5.097354332117848e+00,1,2.122499942779541e-01,5.200999975204468e-01,2.122499942779541e-01,5.000000000000000e-01
6.800813176172358e-01,5.251315832240163e-01,4203,14475,2.350492320357602e+00,2.666108243096821e-02,0.000000000000000e+00,1.888680852483209e+00,9.281647146576354e-01,-4.110459051276947e-02,0.000000000000000e+00,1.333070813566720e+00,5.097342840228803e+00,1,2.125000059604645e-01,5.200999975204468e-01,2.125000059604645e-01,5.000000000000000e-01
6.800759439541687e-01,5.241467127621666e-01,4208,14480,2.342886751933487e+00,2.419609242616059e-02,0.000000000000000e+00,1.888681054545367e+00,9.281585231269388e-01,-4.106889375901136e-02,0.000000000000000e+00,1.333069598616568e+00,5.097331349024698e+00,1,2.127500027418137e-01,5.200999975204468e-01,2.127500027418137e-01,5.000000000000000e-01
6.800705702911017e-01,5.231618423003209e-01,4213,14485,2.335281183509404e+00,2.173110242135525e-02,0.000000000000000e+00,1.888681256607525e+00,9.281523315962423e-01,-4.103319700525325e-02,0.000000000000000e+00,1.333068383666417e+00,5.097319857820592e+00,1,2.129999995231628e-01,5.200999975204468e-01,2.129999995231628e-01,5.000000000000000e-01
6.800651966280348e-01,5.221769718384788e-01,4218,14490,2.327675615085354e+00,1.926611241655218e-02,0.000000000000000e+00,1.888681458669683e+00,9.281461400655456e-01,-4.099750025149514e-02,0.000000000000000e+00,1.333067168716266e+00,5.097308366616485e+00,1,2.132499963045120e-01,5.200999975204468e-01,2.132499963045120e-01,5.000000000000000e-01
6.800598229649676e-01,5.211921013766330e-01,4223,14495,2.320070046661272e+00,1.680112241174685e-02,0.000000000000000e+00,1.888681660731841e+00,9.281399485348490e-01,-4.096180349773704e-02,0.000000000000000e+00,1.333065953766115e+00,5.097296875412380e+00,1,2.134999930858612e-01,5.200999975204468e-01,2.134999930858612e-01,5.000000000000000e-01
6.800544489816013e-01,5.202071722111773e-01,4228,14500,2.312464024904147e+00,1.433598548019600e-02,0.000000000000000e+00,1.888681862806042e+00,9.281337566351037e-01,-4.092610461625920e-02,0.000000000000000e+00,1.333064738743546e+00,5.097285383523335e+00,1,2.137500047683716e-01,5.200999975204468e-01,2.137500047683716e-01,5.000000000000000e-01
6.800490753185343e-01,5.192223017493315e-01,4233,14505,2.304858456480066e+00,1.187099547539093e-02,0.000000000000000e+00,1.888682064868200e+00,9.281275651044070e-01,-4.089040786250109e-02,0.000000000000000e+00,1.333063523793395e+00,5.097273892319230e+00,1,2.140000015497208e-01,5.200999975204468e-01,2.140000015497208e-01,5.000000000000000e-01
6.800437016554672e-01,5.182374312874893e-01,4238,14510,2.297252888056016e+00,9.406005470587840e-03,0.000000000000000e+00,1.888682266930358e+00,9.281213735737104e-01,-4.085471110874300e-02,0.000000000000000e+00,1.333062308843244e+00,5.097262401115122e+00,1,2.142499983310699e-01,5.200999975204468e-01,2.142499983310699e-01,5.000000000000000e-01
6.800383279924003e-01,5.172525608256399e-01,4243,14515,2.289647319631901e+00,6.941015465780253e-03,0.000000000000000e+00,1.888682468992516e+00,9.281151820430138e-01,-4.081901435498489e-02,0.000000000000000e+00,1.333061093893093e+00,5.097250909911017e+00,1,2.144999951124191e-01,5.200999975204468e-01,2.144999951124191e-01,5.000000000000000e-01
6.800329540090337e-01,5.162676316601842e-01,4248,14520,2.282041297874778e+00,4.475878534229672e-03,0.000000000000000e+00,1.888682671066718e+00,9.281089901432684e-01,-4.078331547350706e-02,0.000000000000000e+00,1.333059878870524e+00,5.097239418021973e+00,1,2.147500067949295e-01,5.200999975204468e-01,2.147500067949295e-01,5.000000000000000e-01
6.800275803459669e-01,5.152827611983383e-01,4253,14525,2.274435729450695e+00,2.010888529424333e-03,0.000000000000000e+00,1.888682873128876e+00,9.281027986125718e-01,-4.074761871974895e-02,0.000000000000000e+00,1.333058663920373e+00,5.097227926817867e+00,1,2.150000035762787e-01,5.200999975204468e-01,2.150000035762787e-01,5.000000000000000e-01
6.800222066828997e-01,5.142978907364926e-01,4258,14530,2.266830161026613e+00,-4.541014753807419e-04,0.000000000000000e+00,1.888683075191033e+00,9.280966070818751e-01,-4.071192196599085e-02,0.000000000000000e+00,1.333057448970221e+00,5.097216435613761e+00,1,2.152500003576279e-01,5.200999975204468e-01,2.152500003576279e-01,5.000000000000000e-01
6.800168330198328e-01,5.133130202746468e-01,4263,14535,2.259224592602530e+00,-2.919091480186356e-03,0.000000000000000e+00,1.888683277253192e+00,9.280904155511787e-01,-4.067622521223274e-02,0.000000000000000e+00,1.333056234020070e+00,5.097204944409654e+00,1,2.154999971389771e-01,5.200999975204468e-01,2.154999971389771e-01,5.000000000000000e-01
6.800114593567658e-01,5.123281498128007e-01,4268,14540,2.251619024178448e+00,-5.384081484991690e-03,0.000000000000000e+00,1.888683479315349e+00,9.280842240204821e-01,-4.064052845847463e-02,0.000000000000000e+00,1.333055019069919e+00,5.097193453205549e+00,1,2.157499939203262e-01,5.200999975204468e-01,2.157499939203262e-01,5.000000000000000e-01
6.800060853733993e-01,5.113432206473451e-01,4273,14545,2.244013002421324e+00,-7.849218416542268e-03,0.000000000000000e+00,1.888683681389551e+00,9.280780321207365e-01,-4.060482957699680e-02,0.000000000000000e+00,1.333053804047350e+00,5.097181961316504e+00,1,2.160000056028366e-01,5.200999975204468e-01,2.160000056028366e-01,5.000000000000000e-01
6.800007117103324e-01,5.103583501854991e-01,4278,14550,2.236407433997241e+00,-1.031420842134788e-02,0.000000000000000e+00,1.888683883451709e+00,9.280718405900401e-01,-4.056913282323869e-02,0.000000000000000e+00,1.333052589097199e+00,5.097170470112398e+00,1,2.162500023841858e-01,5.200999975204468e-01,2.162500023841858e-01,5.000000000000000e-01
6.799953380472653e-01,5.093734797236534e-01,4283,14555,2.228801865573160e+00,-1.277919842615295e-02,0.000000000000000e+00,1.888684085513867e+00,9.280656490593434e-01,-4.053343606948059e-02,0.000000000000000e+00,1.333051374147048e+00,5.097158978908292e+00,1,2.164999991655350e-01,5.200999975204468e-01,2.164999991655350e-01,5.000000000000000e-01
6.799899643841983e-01,5.083886092618077e-01,4288,14560,2.221196297149077e+00,-1.524418843095830e-02,0.000000000000000e+00,1.888684287576025e+00,9.280594575286469e-01,-4.049773931572248e-02,0.000000000000000e+00,1.333050159196897e+00,5.097147487704187e+00,1,2.167499959468842e-01,5.200999975204468e-01,2.167499959468842e-01,5.000000000000000e-01
6.799845907211313e-01,5.074037387999617e-01,4293,14565,2.213590728724994e+00,-1.770917843576363e-02,0.000000000000000e+00,1.888684489638182e+00,9.280532659979501e-01,-4.046204256196437e-02,0.000000000000000e+00,1.333048944246745e+00,5.097135996500080e+00,1,2.169999927282333e-01,5.200999975204468e-01,2.169999927282333e-01,5.000000000000000e-01
6.799792167377650e-01,5.064188096345060e-01,4298,14570,2.205984706967871e+00,-2.017431536731421e-02,0.000000000000000e+00,1.888684691712384e+00,9.280470740982046e-01,-4.042634368048655e-02,0.000000000000000e+00,1.333047729224177e+00,5.097124504611035e+00,1,2.172500044107437e-01,5.200999975204468e-01,2.172500044107437e-01,5.000000000000000e-01
6.799738430746979e-01,5.054339391726603e-01,4303,14575,2.198379138543789e+00,-2.263930537211928e-02,0.000000000000000e+00,1.888684893774542e+00,9.280408825675082e-01,-4.039064692672844e-02,0.000000000000000e+00,1.333046514274026e+00,5.097113013406929e+00,1,2.175000011920929e-01,5.200999975204468e-01,2.175000011920929e-01,5.000000000000000e-01
6.799684694116309e-01,5.044490687108144e-01,4308,14580,2.190773570119706e+00,-2.510429537692490e-02,0.000000000000000e+00,1.888685095836700e+00,9.280346910368117e-01,-4.035495017297033e-02,0.000000000000000e+00,1.333045299323874e+00,5.097101522202824e+00,1,2.177499979734421e-01,5.200999975204468e-01,2.177499979734421e-01,5.000000000000000e-01
6.799630957485638e-01,5.034641982489687e-01,4313,14585,2.183168001695624e+00,-2.756928538173024e-02,0.000000000000000e+00,1.888685297898858e+00,9.280284995061152e-01,-4.031925341921222e-02,0.000000000000000e+00,1.333044084373723e+00,5.097090030998718e+00,1,2.179999947547913e-01,5.200999975204468e-01,2.179999947547913e-01,5.000000000000000e-01
6.799577217651975e-01,5.024792690835129e-01,4318,14590,2.175561979938500e+00,-3.003442231328082e-02,0.000000000000000e+00,1.888685499973060e+00,9.280223076063696e-01,-4.028355453773439e-02,0.000000000000000e+00,1.333042869351154e+00,5.097078539109673e+00,1,2.182500064373016e-01,5.200999975204468e-01,2.182500064373016e-01,5.000000000000000e-01
6.799523481021306e-01,5.014943986216670e-01,4323,14595,2.167956411514418e+00,-3.249941231808615e-02,0.000000000000000e+00,1.888685702035218e+00,9.280161160756730e-01,-4.024785778397628e-02,0.000000000000000e+00,1.333041654401003e+00,5.097067047905567e+00,1,2.185000032186508e-01,5.200999975204468e-01,2.185000032186508e-01,5.000000000000000e-01
6.799469744390635e-01,5.005095281598213e-01,4328,14600,2.160350843090336e+00,-3.496440232289149e-02,0.000000000000000e+00,1.888685904097375e+00,9.280099245449765e-01,-4.021216103021818e-02,0.000000000000000e+00,1.333040439450852e+00,5.097055556701461e+00,1,2.187500000000000e-01,5.200999975204468e-01,2.187500000000000e-01,5.000000000000000e-01
6.799416007759964e-01,4.995246576979754e-01,4333,14605,2.152745274666253e+00,-3.742939232769684e-02,0.000000000000000e+00,1.888686106159533e+00,9.280037330142799e-01,-4.017646427646007e-02,0.000000000000000e+00,1.333039224500701e+00,5.097044065497354e+00,1,2.189999967813492e-01,5.200999975204468e-01,2.189999967813492e-01,5.000000000000000e-01
6.799362271129294e-01,4.985397872361296e-01,4338,14610,2.145139706242170e+00,-3.989438233250217e-02,0.000000000000000e+00,1.888686308221691e+00,9.279975414835833e-01,-4.014076752270197e-02,0.000000000000000e+00,1.333038009550550e+00,5.097032574293248e+00,1,2.192499935626984e-01,5.200999975204468e-01,2.192499935626984e-01,5.000000000000000e-01
6.799308531295629e-01,4.975548580706740e-01,4343,14615,2.137533684485048e+00,-4.235951926405247e-02,0.000000000000000e+00,1.888686510295893e+00,9.279913495838379e-01,-4.010506864122414e-02,0.000000000000000e+00,1.333036794527981e+00,5.097021082404204e+00,1,2.195000052452087e-01,5.200999975204468e-01,2.195000052452087e-01,5.000000000000000e-01
6.799254794664960e-01,4.965699876088280e-01,4348,14620,2.129928116060965e+00,-4.482450926885809e-02,0.000000000000000e+00,1.888686712358051e+00,9.279851580531413e-01,-4.006937188746603e-02,0.000000000000000e+00,1.333035579577829e+00,5.097009591200098e+00,1,2.197500020265579e-01,5.200999975204468e-01,2.197500020265579e-01,5.000000000000000e-01
6.799201058034290e-01,4.955851171469822e-01,4353,14626,2.122322547636882e+00,-4.728949927366344e-02,0.000000000000000e+00,1.888686914420209e+00,9.279789665224447e-01,-4.003367513370792e-02,0.000000000000000e+00,1.333034364627679e+00,5.096998099995992e+00,1,2.199999988079071e-01,5.200999975204468e-01,2.199999988079071e-01,5.000000000000000e-01
6.799297281739903e-01,4.945407548141933e-01,4358,14631,2.114904441664935e+00,-4.953242146102460e-02,0.000000000000000e+00,1.888663068021627e+00,9.279910205915952e-01,-3.999147273921094e-02,0.000000000000000e+00,1.333026071322129e+00,5.096978583133425e+00,1,2.202499955892563e-01,5.200999975204468e-01,2.202499955892563e-01,5.000000000000000e-01
6.799393511896094e-01,4.934963299480652e-01,4363,14636,2.107485894427775e+00,-5.177547627969829e-02,0.000000000000000e+00,1.888639220086991e+00,9.280030754662422e-01,-3.994926779819914e-02,0.000000000000000e+00,1.333017777488499e+00,5.096959065069278e+00,1,2.205000072717667e-01,5.200999975204468e-01,2.205000072717667e-01,5.000000000000000e-01
6.799489736316786e-01,4.924519673316013e-01,4368,14641,2.100067789349827e+00,-5.401839740813314e-02,0.000000000000000e+00,1.888615373573736e+00,9.280151296223957e-01,-3.990706537268032e-02,0.000000000000000e+00,1.333009484149196e+00,5.096939548168441e+00,1,2.207500040531158e-01,5.200999975204468e-01,2.207500040531158e-01,5.000000000000000e-01
6.799585960737478e-01,4.914076047151346e-01,4373,14646,2.092649684271850e+00,-5.626131853656960e-02,0.000000000000000e+00,1.888591527060482e+00,9.280271837785498e-01,-3.986486294716148e-02,0.000000000000000e+00,1.333001190809894e+00,5.096920031267605e+00,1,2.210000008344650e-01,5.200999975204468e-01,2.210000008344650e-01,5.000000000000000e-01
6.799682185158171e-01,4.903632420986674e-01,4378,14651,2.085231579193869e+00,-5.850423966500682e-02,0.000000000000000e+00,1.888567680547227e+00,9.280392379347036e-01,-3.982266052164264e-02,0.000000000000000e+00,1.332992897470591e+00,5.096900514366769e+00,1,2.212499976158142e-01,5.200999975204468e-01,2.212499976158142e-01,5.000000000000000e-01
6.799778409578865e-01,4.893188794822003e-01,4383,14656,2.077813474115889e+00,-6.074716079344426e-02,0.000000000000000e+00,1.888543834033972e+00,9.280512920908576e-01,-3.978045809612380e-02,0.000000000000000e+00,1.332984604131288e+00,5.096880997465933e+00,1,2.214999943971634e-01,5.200999975204468e-01,2.214999943971634e-01,5.000000000000000e-01
6.799874639735054e-01,4.882744546160692e-01,4388,14661,2.070394926878700e+00,-6.299021561211905e-02,0.000000000000000e+00,1.888519986099336e+00,9.280633469655042e-01,-3.973825315511200e-02,0.000000000000000e+00,1.332976310297658e+00,5.096861479401785e+00,1,2.217500060796738e-01,5.200999975204468e-01,2.217500060796738e-01,5.000000000000000e-01
6.799970864155747e-01,4.872300919996023e-01,4393,14666,2.062976821800720e+00,-6.523313674055600e-02,0.000000000000000e+00,1.888496139586081e+00,9.280754011216581e-01,-3.969605072959317e-02,0.000000000000000e+00,1.332968016958355e+00,5.096841962500948e+00,1,2.220000028610229e-01,5.200999975204468e-01,2.220000028610229e-01,5.000000000000000e-01
6.800067088576438e-01,4.861857293831350e-01,4398,14671,2.055558716722740e+00,-6.747605786899345e-02,0.000000000000000e+00,1.888472293072826e+00,9.280874552778119e-01,-3.965384830407433e-02,0.000000000000000e+00,1.332959723619053e+00,5.096822445600113e+00,1,2.222499996423721e-01,5.200999975204468e-01,2.222499996423721e-01,5.000000000000000e-01
6.800163312997132e-01,4.851413667666682e-01,4403,14676,2.048140611644762e+00,-6.971897899742990e-02,0.000000000000000e+00,1.888448446559571e+00,9.280995094339658e-01,-3.961164587855550e-02,0.000000000000000e+00,1.332951430279750e+00,5.096802928699276e+00,1,2.224999964237213e-01,5.200999975204468e-01,2.224999964237213e-01,5.000000000000000e-01
6.800259537417825e-01,4.840970041502011e-01,4408,14681,2.040722506566782e+00,-7.196190012586710e-02,0.000000000000000e+00,1.888424600046316e+00,9.281115635901196e-01,-3.956944345303667e-02,0.000000000000000e+00,1.332943136940448e+00,5.096783411798440e+00,1,2.227499932050705e-01,5.200999975204468e-01,2.227499932050705e-01,5.000000000000000e-01
6.800355767574013e-01,4.830525792840696e-01,4413,14686,2.033303959329590e+00,-7.420495494454289e-02,0.000000000000000e+00,1.888400752111680e+00,9.281236184647663e-01,-3.952723851202485e-02,0.000000000000000e+00,1.332934843106817e+00,5.096763893734291e+00,1,2.230000048875809e-01,5.200999975204468e-01,2.230000048875809e-01,5.000000000000000e-01
6.800451991994706e-01,4.820082166676029e-01,4418,14691,2.025885854251612e+00,-7.644787607297934e-02,0.000000000000000e+00,1.888376905598425e+00,9.281356726209203e-01,-3.948503608650602e-02,0.000000000000000e+00,1.332926549767515e+00,5.096744376833454e+00,1,2.232500016689301e-01,5.200999975204468e-01,2.232500016689301e-01,5.000000000000000e-01
6.800548216415399e-01,4.809638540511360e-01,4423,14696,2.018467749173634e+00,-7.869079720141604e-02,0.000000000000000e+00,1.888353059085170e+00,9.281477267770741e-01,-3.944283366098720e-02,0.000000000000000e+00,1.332918256428212e+00,5.096724859932619e+00,1,2.234999984502792e-01,5.200999975204468e-01,2.234999984502792e-01,5.000000000000000e-01
6.800644440836092e-01,4.799194914346689e-01,4428,14701,2.011049644095654e+00,-8.093371832985324e-02,0.000000000000000e+00,1.888329212571915e+00,9.281597809332280e-01,-3.940063123546835e-02,0.000000000000000e+00,1.332909963088909e+00,5.096705343031783e+00,1,2.237499952316284e-01,5.200999975204468e-01,2.237499952316284e-01,5.000000000000000e-01
6.800740670992280e-01,4.788750665685376e-01,4433,14706,2.003631096858464e+00,-8.317677314852853e-02,0.000000000000000e+00,1.888305364637279e+00,9.281718358078749e-01,-3.935842629445655e-02,0.000000000000000e+00,1.332901669255279e+00,5.096685824967635e+00,1,2.240000069141388e-01,5.200999975204468e-01,2.240000069141388e-01,5.000000000000000e-01
6.800836895412974e-01,4.778307039520707e-01,4438,14711,1.996212991780485e+00,-8.541969427696547e-02,0.000000000000000e+00,1.888281518124024e+00,9.281838899640287e-01,-3.931622386893772e-02,0.000000000000000e+00,1.332893375915977e+00,5.096666308066798e+00,1,2.242500036954880e-01,5.200999975204468e-01,2.242500036954880e-01,5.000000000000000e-01
6.800933119833668e-01,4.767863413356038e-01,4443,14716,1.988794886702505e+00,-8.766261540540243e-02,0.000000000000000e+00,1.888257671610769e+00,9.281959441201826e-01,-3.927402144341888e-02,0.000000000000000e+00,1.332885082576674e+00,5.096646791165963e+00,1,2.245000004768372e-01,5.200999975204468e-01,2.245000004768372e-01,5.000000000000000e-01
6.801029344254361e-01,4.757419787191368e-01,4448,14721,1.981376781624526e+00,-8.990553653383940e-02,0.000000000000000e+00,1.888233825097515e+00,9.282079982763365e-01,-3.923181901790006e-02,0.000000000000000e+00,1.332876789237372e+00,5.096627274265126e+00,1,2.247499972581863e-01,5.200999975204468e-01,2.247499972581863e-01,5.000000000000000e-01
6.801125568675053e-01,4.746976161026697e-01,4453,14726,1.973958676546547e+00,-9.214845766227635e-02,0.000000000000000e+00,1.888209978584260e+00,9.282200524324903e-01,-3.918961659238121e-02,0.000000000000000e+00,1.332868495898069e+00,5.096607757364290e+00,1,2.249999940395355e-01,5.200999975204468e-01,2.249999940395355e-01,5.000000000000000e-01
6.801221798831243e-01,4.736531912365412e-01,4458,14731,1.966540129309387e+00,-9.439151248094982e-02,0.000000000000000e+00,1.888186130649623e+00,9.282321073071371e-01,-3.914741165136942e-02,0.000000000000000e+00,1.332860202064439e+00,5.096588239300141e+00,1,2.252500057220459e-01,5.200999975204468e-01,2.252500057220459e-01,5.000000000000000e-01
6.801318023251934e-01,4.726088286200741e-01,4463,14736,1.959122024231408e+00,-9.663443360938678e-02,0.000000000000000e+00,1.888162284136369e+00,9.282441614632909e-01,-3.910520922585059e-02,0.000000000000000e+00,1.332851908725136e+00,5.096568722399306e+00,1,2.255000025033951e-01,5.200999975204468e-01,2.255000025033951e-01,5.000000000000000e-01
6.801414247672628e-01,4.715644660036071e-01,4468,14741,1.951703919153428e+00,-9.887735473782372e-02,0.000000000000000e+00,1.888138437623114e+00,9.282562156194447e-01,-3.906300680033176e-02,0.000000000000000e+00,1.332843615385834e+00,5.096549205498469e+00,1,2.257499992847443e-01,5.200999975204468e-01,2.257499992847443e-01,5.000000000000000e-01
6.801510472093321e-01,4.705201033871374e-01,4473,14746,1.944285814075418e+00,-1.011202758662627e-01,0.000000000000000e+00,1.888114591109859e+00,9.282682697755986e-01,-3.902080437481291e-02,0.000000000000000e+00,1.332835322046531e+00,5.096529688597633e+00,1,2.259999960660934e-01,5.200999975204468e-01,2.259999960660934e-01,5.000000000000000e-01
6.801606696514013e-01,4.694757407706704e-01,4478,14751,1.936867708997440e+00,-1.033631969946995e-01,0.000000000000000e+00,1.888090744596604e+00,9.282803239317525e-01,-3.897860194929408e-02,0.000000000000000e+00,1.332827028707229e+00,5.096510171696798e+00,1,2.262499928474426e-01,5.200999975204468e-01,2.262499928474426e-01,5.000000000000000e-01
6.801702926670202e-01,4.684313159045392e-01,4483,14756,1.929449161760250e+00,-1.056062518133747e-01,0.000000000000000e+00,1.888066896661968e+00,9.282923788063993e-01,-3.893639700828227e-02,0.000000000000000e+00,1.332818734873598e+00,5.096490653632648e+00,1,2.265000045299530e-01,5.200999975204468e-01,2.265000045299530e-01,5.000000000000000e-01
6.801799151090895e-01,4.673869532880723e-01,4488,14761,1.922031056682270e+00,-1.078491729418117e-01,0.000000000000000e+00,1.888043050148713e+00,9.283044329625532e-01,-3.889419458276344e-02,0.000000000000000e+00,1.332810441534296e+00,5.096471136731813e+00,1,2.267500013113022e-01,5.200999975204468e-01,2.267500013113022e-01,5.000000000000000e-01
6.801895375511587e-01,4.663425906716053e-01,4493,14766,1.914612951604291e+00,-1.100920940702486e-01,0.000000000000000e+00,1.888019203635458e+00,9.283164871187068e-01,-3.885199215724460e-02,0.000000000000000e+00,1.332802148194993e+00,5.096451619830976e+00,1,2.269999980926514e-01,5.200999975204468e-01,2.269999980926514e-01,5.000000000000000e-01
6.801991599932280e-01,4.652982280551383e-01,4498,14771,1.907194846526312e+00,-1.123350151986856e-01,0.000000000000000e+00,1.887995357122203e+00,9.283285412748608e-01,-3.880978973172577e-02,0.000000000000000e+00,1.332793854855690e+00,5.096432102930141e+00,1,2.272499948740005e-01,5.200999975204468e-01,2.272499948740005e-01,5.000000000000000e-01
6.802087830088470e-01,4.642538031890072e-01,4503,14776,1.899776299289122e+00,-1.145780700173609e-01,0.000000000000000e+00,1.887971509187567e+00,9.283405961495077e-01,-3.876758479071397e-02,0.000000000000000e+00,1.332785561022060e+00,5.096412584865991e+00,1,2.275000065565109e-01,5.200999975204468e-01,2.275000065565109e-01,5.000000000000000e-01
6.802184054509162e-01,4.632094405725400e-01,4508,14781,1.892358194211142e+00,-1.168209911457978e-01,0.000000000000000e+00,1.887947662674312e+00,9.283526503056614e-01,-3.872538236519513e-02,0.000000000000000e+00,1.332777267682757e+00,5.096393067965155e+00,1,2.277500033378601e-01,5.200999975204468e-01,2.277500033378601e-01,5.000000000000000e-01
6.802280278929855e-01,4.621650779560731e-01,4513,14786,1.884940089133163e+00,-1.190639122742348e-01,0.000000000000000e+00,1.887923816161057e+00,9.283647044618155e-01,-3.868317993967629e-02,0.000000000000000e+00,1.332768974343455e+00,5.096373551064319e+00,1,2.280000001192093e-01,5.200999975204468e-01,2.280000001192093e-01,5.000000000000000e-01
6.802376503350549e-01,4.611207153396061e-01,4518,14791,1.877521984055184e+00,-1.213068334026717e-01,0.000000000000000e+00,1.887899969647802e+00,9.283767586179692e-01,-3.864097751415746e-02,0.000000000000000e+00,1.332760681004153e+00,5.096354034163483e+00,1,2.282499969005585e-01,5.200999975204468e-01,2.282499969005585e-01,5.000000000000000e-01
6.802472727771240e-01,4.600763527231391e-01,4523,14796,1.870103878977205e+00,-1.235497545311087e-01,0.000000000000000e+00,1.887876123134547e+00,9.283888127741229e-01,-3.859877508863863e-02,0.000000000000000e+00,1.332752387664850e+00,5.096334517262648e+00,1,2.284999936819077e-01,5.200999975204468e-01,2.284999936819077e-01,5.000000000000000e-01
6.802568957927431e-01,4.590319278570077e-01,4528,14801,1.862685331740014e+00,-1.257928093497842e-01,0.000000000000000e+00,1.887852275199911e+00,9.284008676487699e-01,-3.855657014762683e-02,0.000000000000000e+00,1.332744093831220e+00,5.096314999198499e+00,1,2.287500053644180e-01,5.200999975204468e-01,2.287500053644180e-01,5.000000000000000e-01
6.802665182348122e-01,4.579875652405409e-01,4533,14806,1.855267226662035e+00,-1.280357304782209e-01,0.000000000000000e+00,1.887828428686656e+00,9.284129218049237e-01,-3.851436772210799e-02,0.000000000000000e+00,1.332735800491917e+00,5.096295482297663e+00,1,2.290000021457672e-01,5.200999975204468e-01,2.290000021457672e-01,5.000000000000000e-01
6.802761406768816e-01,4.569432026240739e-01,4538,14811,1.847849121584056e+00,-1.302786516066579e-01,0.000000000000000e+00,1.887804582173402e+00,9.284249759610776e-01,-3.847216529658915e-02,0.000000000000000e+00,1.332727507152615e+00,5.096275965396827e+00,1,2.292499989271164e-01,5.200999975204468e-01,2.292499989271164e-01,5.000000000000000e-01
6.802857631189508e-01,4.558988400076069e-01,4543,14816,1.840431016506077e+00,-1.325215727350948e-01,0.000000000000000e+00,1.887780735660146e+00,9.284370301172313e-01,-3.842996287107032e-02,0.000000000000000e+00,1.332719213813312e+00,5.096256448495991e+00,1,2.294999957084656e-01,5.200999975204468e-01,2.294999957084656e-01,5.000000000000000e-01
6.802953861345697e-01,4.548544151414757e-01,4548,14821,1.833012469268887e+00,-1.347646275537701e-01,0.000000000000000e+00,1.887756887725510e+00,9.284490849918783e-01,-3.838775793005851e-02,0.000000000000000e+00,1.332710919979681e+00,5.096236930431841e+00,1,2.297500073909760e-01,5.200999975204468e-01,2.297500073909760e-01,5.000000000000000e-01
6.803050085766390e-01,4.538100525250088e-01,4553,14827,1.825594364190908e+00,-1.370075486822068e-01,0.000000000000000e+00,1.887733041212255e+00,9.284611391480321e-01,-3.834555550453968e-02,0.000000000000000e+00,1.332702626640379e+00,5.096217413531005e+00,1,2.300000041723251e-01,5.200999975204468e-01,2.300000041723251e-01,5.000000000000000e-01
6.803294251263085e-01,4.526991282072745e-01,4558,14832,1.818297136077703e+00,-1.392296734533451e-01,0.000000000000000e+00,1.887688384504538e+00,9.284912958381616e-01,-3.829480336978828e-02,0.000000000000000e+00,1.332687582201692e+00,5.096190863728510e+00,1,2.302500009536743e-01,5.200999975204468e-01,2.302500009536743e-01,5.000000000000000e-01
6.803538414290754e-01,4.515882050004044e-01,4563,14837,1.810999905947154e+00,-1.414517985715585e-01,0.000000000000000e+00,1.887643728144127e+00,9.285214522261734e-01,-3.824405137772501e-02,0.000000000000000e+00,1.332672537875676e+00,5.096164314043390e+00,1,2.304999977350235e-01,5.200999975204468e-01,2.304999977350235e-01,5.000000000000000e-01
6.803782577318425e-01,4.504772817935339e-01,4568,14842,1.803702675816604e+00,-1.436739236897723e-01,0.000000000000000e+00,1.887599071783716e+00,9.285516086141853e-01,-3.819329938566174e-02,0.000000000000000e+00,1.332657493549659e+00,5.096137764358270e+00,1,2.307499945163727e-01,5.200999975204468e-01,2.307499945163727e-01,5.000000000000000e-01
6.804026754899534e-01,4.493662923696285e-01,4573,14847,1.796405010731649e+00,-1.458961812586685e-01,0.000000000000000e+00,1.887554412761545e+00,9.285817667996814e-01,-3.814254436850507e-02,0.000000000000000e+00,1.332642448326919e+00,5.096111213090644e+00,1,2.310000061988831e-01,5.200999975204468e-01,2.310000061988831e-01,5.000000000000000e-01
6.804270917927204e-01,4.482553691627583e-01,4578,14852,1.789107780601100e+00,-1.481183063768819e-01,0.000000000000000e+00,1.887509756401134e+00,9.286119231876933e-01,-3.809179237644181e-02,0.000000000000000e+00,1.332627404000903e+00,5.096084663405524e+00,1,2.312500029802322e-01,5.200999975204468e-01,2.312500029802322e-01,5.000000000000000e-01
6.804515080954874e-01,4.471444459558881e-01,4583,14857,1.781810550470551e+00,-1.503404314950955e-01,0.000000000000000e+00,1.887465100040723e+00,9.286420795757052e-01,-3.804104038437853e-02,0.000000000000000e+00,1.332612359674886e+00,5.096058113720402e+00,1,2.314999997615814e-01,5.200999975204468e-01,2.314999997615814e-01,5.000000000000000e-01
6.804759243982544e-01,4.460335227490202e-01,4588,14862,1.774513320340032e+00,-1.525625566133069e-01,0.000000000000000e+00,1.887420443680312e+00,9.286722359637172e-01,-3.799028839231528e-02,0.000000000000000e+00,1.332597315348870e+00,5.096031564035281e+00,1,2.317499965429306e-01,5.200999975204468e-01,2.317499965429306e-01,5.000000000000000e-01
6.805003407010214e-01,4.449225995421479e-01,4593,14867,1.767216090209455e+00,-1.547846817315220e-01,0.000000000000000e+00,1.887375787319901e+00,9.287023923517290e-01,-3.793953640025200e-02,0.000000000000000e+00,1.332582271022854e+00,5.096005014350160e+00,1,2.319999933242798e-01,5.200999975204468e-01,2.319999933242798e-01,5.000000000000000e-01
6.805247584591323e-01,4.438116101182419e-01,4598,14872,1.759918425124496e+00,-1.570069393004193e-01,0.000000000000000e+00,1.887331128297730e+00,9.287325505372253e-01,-3.788878138309532e-02,0.000000000000000e+00,1.332567225800114e+00,5.095978463082536e+00,1,2.322500050067902e-01,5.200999975204468e-01,2.322500050067902e-01,5.000000000000000e-01
6.805491747618995e-01,4.427006869113717e-01,4603,14877,1.752621194993947e+00,-1.592290644186326e-01,0.000000000000000e+00,1.887286471937318e+00,9.287627069252368e-01,-3.783802939103205e-02,0.000000000000000e+00,1.332552181474098e+00,5.095951913397413e+00,1,2.325000017881393e-01,5.200999975204468e-01,2.325000017881393e-01,5.000000000000000e-01
6.805735910646664e-01,4.415897637045015e-01,4608,14882,1.745323964863399e+00,-1.614511895368460e-01,0.000000000000000e+00,1.887241815576908e+00,9.287928633132488e-01,-3.778727739896878e-02,0.000000000000000e+00,1.332537137148081e+00,5.095925363712293e+00,1,2.327499985694885e-01,5.200999975204468e-01,2.327499985694885e-01,5.000000000000000e-01
6.805980073674335e-01,4.404788404976311e-01,4613,14887,1.738026734732849e+00,-1.636733146550598e-01,0.000000000000000e+00,1.887197159216497e+00,9.288230197012608e-01,-3.773652540690550e-02,0.000000000000000e+00,1.332522092822065e+00,5.095898814027173e+00,1,2.329999953508377e-01,5.200999975204468e-01,2.329999953508377e-01,5.000000000000000e-01
6.806224251255443e-01,4.393678510737236e-01,4618,14892,1.730729069647863e+00,-1.658955722239580e-01,0.000000000000000e+00,1.887152500194325e+00,9.288531778867566e-01,-3.768577038974882e-02,0.000000000000000e+00,1.332507047599325e+00,5.095872262759547e+00,1,2.332500070333481e-01,5.200999975204468e-01,2.332500070333481e-01,5.000000000000000e-01
6.806468414283113e-01,4.382569278668573e-01,4623,14897,1.723431839517372e+00,-1.681176973421679e-01,0.000000000000000e+00,1.887107843833915e+00,9.288833342747688e-01,-3.763501839768558e-02,0.000000000000000e+00,1.332492003273309e+00,5.095845713074427e+00,1,2.335000038146973e-01,5.200999975204468e-01,2.335000038146973e-01,5.000000000000000e-01
6.806712577310784e-01,4.371460046599873e-01,4628,14902,1.716134609386823e+00,-1.703398224603813e-01,0.000000000000000e+00,1.887063187473503e+00,9.289134906627806e-01,-3.758426640562231e-02,0.000000000000000e+00,1.332476958947293e+00,5.095819163389306e+00,1,2.337500005960464e-01,5.200999975204468e-01,2.337500005960464e-01,5.000000000000000e-01
6.806956740338455e-01,4.360350814531151e-01,4633,14907,1.708837379256246e+00,-1.725619475785964e-01,0.000000000000000e+00,1.887018531113092e+00,9.289436470507925e-01,-3.753351441355903e-02,0.000000000000000e+00,1.332461914621276e+00,5.095792613704186e+00,1,2.339999973773956e-01,5.200999975204468e-01,2.339999973773956e-01,5.000000000000000e-01
6.807200903366124e-01,4.349241582462449e-01,4638,14912,1.701540149125698e+00,-1.747840726968098e-01,0.000000000000000e+00,1.886973874752681e+00,9.289738034388045e-01,-3.748276242149576e-02,0.000000000000000e+00,1.332446870295260e+00,5.095766064019064e+00,1,2.342499941587448e-01,5.200999975204468e-01,2.342499941587448e-01,5.000000000000000e-01
6.807445080947233e-01,4.338131688223391e-01,4643,14917,1.694242484040740e+00,-1.770063302657068e-01,0.000000000000000e+00,1.886929215730510e+00,9.290039616243004e-01,-3.743200740433909e-02,0.000000000000000e+00,1.332431825072520e+00,5.095739512751438e+00,1,2.345000058412552e-01,5.200999975204468e-01,2.345000058412552e-01,5.000000000000000e-01
6.807689243974903e-01,4.327022456154690e-01,4648,14922,1.686945253910192e+00,-1.792284553839198e-01,0.000000000000000e+00,1.886884559370099e+00,9.290341180123122e-01,-3.738125541227581e-02,0.000000000000000e+00,1.332416780746503e+00,5.095712963066317e+00,1,2.347500026226044e-01,5.200999975204468e-01,2.347500026226044e-01,5.000000000000000e-01
6.807933407002572e-01,4.315913224085988e-01,4653,14927,1.679648023779643e+00,-1.814505805021335e-01,0.000000000000000e+00,1.886839903009688e+00,9.290642744003241e-01,-3.733050342021255e-02,0.000000000000000e+00,1.332401736420487e+00,5.095686413381197e+00,1,2.349999994039536e-01,5.200999975204468e-01,2.349999994039536e-01,5.000000000000000e-01
6.808177570030244e-01,4.304803992017286e-01,4658,14932,1.672350793649094e+00,-1.836727056203469e-01,0.000000000000000e+00,1.886795246649277e+00,9.290944307883361e-01,-3.727975142814927e-02,0.000000000000000e+00,1.332386692094471e+00,5.095659863696076e+00,1,2.352499961853027e-01,5.200999975204468e-01,2.352499961853027e-01,5.000000000000000e-01
6.808421733057914e-01,4.293694759948587e-01,4663,14937,1.665053563518547e+00,-1.858948307385598e-01,0.000000000000000e+00,1.886750590288866e+00,9.291245871763480e-01,-3.722899943608601e-02,0.000000000000000e+00,1.332371647768454e+00,5.095633314010955e+00,1,2.354999929666519e-01,5.200999975204468e-01,2.354999929666519e-01,5.000000000000000e-01
6.808665910639022e-01,4.282584865709526e-01,4668,14942,1.657755898433587e+00,-1.881170883074572e-01,0.000000000000000e+00,1.886705931266695e+00,9.291547453618441e-01,-3.717824441892933e-02,0.000000000000000e+00,1.332356602545715e+00,5.095606762743330e+00,1,2.357500046491623e-01,5.200999975204468e-01,2.357500046491623e-01,5.000000000000000e-01
6.808910073666692e-01,4.271475633640808e-01,4673,14947,1.650458668303011e+00,-1.903392134256723e-01,0.000000000000000e+00,1.886661274906284e+00,9.291849017498559e-01,-3.712749242686604e-02,0.000000000000000e+00,1.332341558219698e+00,5.095580213058208e+00,1,2.360000014305115e-01,5.200999975204468e-01,2.360000014305115e-01,5.000000000000000e-01
6.809154236694364e-01,4.260366401572123e-01,4678,14952,1.643161438172490e+00,-1.925613385438840e-01,0.000000000000000e+00,1.886616618545873e+00,9.292150581378678e-01,-3.707674043480279e-02,0.000000000000000e+00,1.332326513893682e+00,5.095553663373089e+00,1,2.362499982118607e-01,5.200999975204468e-01,2.362499982118607e-01,5.000000000000000e-01
6.809398399722033e-01,4.249257169503420e-01,4683,14957,1.635864208041941e+00,-1.947834636620976e-01,0.000000000000000e+00,1.886571962185462e+00,9.292452145258798e-01,-3.702598844273951e-02,0.000000000000000e+00,1.332311469567665e+00,5.095527113687967e+00,1,2.364999949932098e-01,5.200999975204468e-01,2.364999949932098e-01,5.000000000000000e-01
6.809642577303142e-01,4.238147275264363e-01,4688,14962,1.628566542956984e+00,-1.970057212309943e-01,0.000000000000000e+00,1.886527303163290e+00,9.292753727113757e-01,-3.697523342558284e-02,0.000000000000000e+00,1.332296424344926e+00,5.095500562420342e+00,1,2.367500066757202e-01,5.200999975204468e-01,2.367500066757202e-01,5.000000000000000e-01
6.809886740330813e-01,4.227038043195662e-01,4693,14967,1.621269312826435e+00,-1.992278463492076e-01,0.000000000000000e+00,1.886482646802879e+00,9.293055290993876e-01,-3.692448143351958e-02,0.000000000000000e+00,1.332281380018910e+00,5.095474012735220e+00,1,2.370000034570694e-01,5.200999975204468e-01,2.370000034570694e-01,5.000000000000000e-01
6.810130903358482e-01,4.215928811126960e-01,4698,14972,1.613972082695887e+00,-2.014499714674211e-01,0.000000000000000e+00,1.886437990442469e+00,9.293356854873996e-01,-3.687372944145631e-02,0.000000000000000e+00,1.332266335692893e+00,5.095447463050101e+00,1,2.372500002384186e-01,5.200999975204468e-01,2.372500002384186e-01,5.000000000000000e-01
6.810375066386152e-01,4.204819579058258e-01,4703,14977,1.606674852565338e+00,-2.036720965856344e-01,0.000000000000000e+00,1.886393334082058e+00,9.293658418754116e-01,-3.682297744939304e-02,0.000000000000000e+00,1.332251291366877e+00,5.095420913364979e+00,1,2.374999970197678e-01,5.200999975204468e-01,2.374999970197678e-01,5.000000000000000e-01
6.810619229413823e-01,4.193710346989558e-01,4708,14982,1.599377622434790e+00,-2.058942217038476e-01,0.000000000000000e+00,1.886348677721647e+00,9.293959982634235e-01,-3.677222545732978e-02,0.000000000000000e+00,1.332236247040860e+00,5.095394363679858e+00,1,2.377499938011169e-01,5.200999975204468e-01,2.377499938011169e-01,5.000000000000000e-01
6.810863406994931e-01,4.182600452750501e-01,4713,14987,1.592079957349833e+00,-2.081164792727442e-01,0.000000000000000e+00,1.886304018699475e+00,9.294261564489192e-01,-3.672147044017310e-02,0.000000000000000e+00,1.332221201818121e+00,5.095367812412233e+00,1,2.380000054836273e-01,5.200999975204468e-01,2.380000054836273e-01,5.000000000000000e-01
6.811107570022602e-01,4.171491220681812e-01,4718,14992,1.584782727219310e+00,-2.103386043909564e-01,0.000000000000000e+00,1.886259362339064e+00,9.294563128369313e-01,-3.667071844810983e-02,0.000000000000000e+00,1.332206157492104e+00,5.095341262727112e+00,1,2.382500022649765e-01,5.200999975204468e-01,2.382500022649765e-01,5.000000000000000e-01
6.811351733050273e-01,4.160381988613095e-01,4723,14997,1.577485497088734e+00,-2.125607295091715e-01,0.000000000000000e+00,1.886214705978654e+00,9.294864692249434e-01,-3.661996645604655e-02,0.000000000000000e+00,1.332191113166088e+00,5.095314713041992e+00,1,2.384999990463257e-01,5.200999975204468e-01,2.384999990463257e-01,5.000000000000000e-01
6.811595896077943e-01,4.149272756544394e-01,4728,15002,1.570188266958186e+00,-2.147828546273849e-01,0.000000000000000e+00,1.886170049618242e+00,9.295166256129552e-01,-3.656921446398328e-02,0.000000000000000e+00,1.332176068840071e+00,5.095288163356870e+00,1,2.387499958276749e-01,5.200999975204468e-01,2.387499958276749e-01,5.000000000000000e-01
6.811840059105613e-01,4.138163524475691e-01,4733,15007,1.562891036827636e+00,-2.170049797455985e-01,0.000000000000000e+00,1.886125393257831e+00,9.295467820009673e-01,-3.651846247192000e-02,0.000000000000000e+00,1.332161024514055e+00,5.095261613671751e+00,1,2.389999926090240e-01,5.200999975204468e-01,2.389999926090240e-01,5.000000000000000e-01
6.812084236686722e-01,4.127053630236634e-01,4738,15012,1.555593371742679e+00,-2.192272373144951e-01,0.000000000000000e+00,1.886080734235660e+00,9.295769401864631e-01,-3.646770745476334e-02,0.000000000000000e+00,1.332145979291315e+00,5.095235062404124e+00,1,2.392500042915344e-01,5.200999975204468e-01,2.392500042915344e-01,5.000000000000000e-01
6.812328399714391e-01,4.115944398167932e-01,4743,15017,1.548296141612130e+00,-2.214493624327085e-01,0.000000000000000e+00,1.886036077875249e+00,9.296070965744749e-01,-3.641695546270006e-02,0.000000000000000e+00,1.332130934965299e+00,5.095208512719004e+00,1,2.395000010728836e-01,5.200999975204468e-01,2.395000010728836e-01,5.000000000000000e-01
6.812572562742063e-01,4.104835166099231e-01,4748,15022,1.540998911481582e+00,-2.236714875509219e-01,0.000000000000000e+00,1.885991421514838e+00,9.296372529624870e-01,-3.636620347063680e-02,0.000000000000000e+00,1.332115890639282e+00,5.095181963033883e+00,1,2.397499978542328e-01,5.200999975204468e-01,2.397499978542328e-01,5.000000000000000e-01
6.812816725769733e-01,4.093725934030529e-01,4753,15028,1.533701681351033e+00,-2.258936126691353e-01,0.000000000000000e+00,1.885946765154427e+00,9.296674093504989e-01,-3.631545147857353e-02,0.000000000000000e+00,1.332100846313266e+00,5.095155413348762e+00,1,2.399999946355820e-01,5.200999975204468e-01,2.399999946355820e-01,5.000000000000000e-01
6.813196733390555e-01,4.082540741061966e-01,4758,15033,1.526799175715391e+00,-2.282152683472866e-01,0.000000000000000e+00,1.885878472575522e+00,9.297135370002589e-01,-3.625886104895444e-02,0.000000000000000e+00,1.332078190487954e+00,5.095117051185343e+00,1,2.402500063180923e-01,5.200999975204468e-01,2.402500063180923e-01,5.000000000000000e-01
6.813576721276566e-01,4.071356213136106e-01,4763,15038,1.519897089960403e+00,-2.305367877831131e-01,0.000000000000000e+00,1.885810183559902e+00,9.297596622433637e-01,-3.620227386702644e-02,0.000000000000000e+00,1.332055535849680e+00,5.095078691054969e+00,1,2.405000030994415e-01,5.200999975204468e-01,2.405000030994415e-01,5.000000000000000e-01
6.813956709162576e-01,4.060171685210245e-01,4768,15043,1.512995004205413e+00,-2.328583072189400e-01,0.000000000000000e+00,1.885741894544283e+00,9.298057874864685e-01,-3.614568668509845e-02,0.000000000000000e+00,1.332032881211406e+00,5.095040330924594e+00,1,2.407499998807907e-01,5.200999975204468e-01,2.407499998807907e-01,5.000000000000000e-01
6.814336697048585e-01,4.048987157284385e-01,4773,15048,1.506092918450425e+00,-2.351798266547665e-01,0.000000000000000e+00,1.885673605528664e+00,9.298519127295732e-01,-3.608909950317045e-02,0.000000000000000e+00,1.332010226573132e+00,5.095001970794219e+00,1,2.409999966621399e-01,5.200999975204468e-01,2.409999966621399e-01,5.000000000000000e-01
6.814716684934595e-01,4.037802629358526e-01,4778,15053,1.499190832695437e+00,-2.375013460905928e-01,0.000000000000000e+00,1.885605316513045e+00,9.298980379726780e-01,-3.603251232124246e-02,0.000000000000000e+00,1.331987571934858e+00,5.094963610663843e+00,1,2.412499934434891e-01,5.200999975204468e-01,2.412499934434891e-01,5.000000000000000e-01
6.815096695469942e-01,4.026617434774268e-01,4783,15058,1.492288335538783e+00,-2.398230039015422e-01,0.000000000000000e+00,1.885537023427030e+00,9.299441659650970e-01,-3.597592176641217e-02,0.000000000000000e+00,1.331964915946244e+00,5.094925248246997e+00,1,2.415000051259995e-01,5.200999975204468e-01,2.415000051259995e-01,5.000000000000000e-01
6.815476683355952e-01,4.015432906848422e-01,4788,15063,1.485386249783821e+00,-2.421445233373669e-01,0.000000000000000e+00,1.885468734411412e+00,9.299902912082018e-01,-3.591933458448420e-02,0.000000000000000e+00,1.331942261307970e+00,5.094886888116623e+00,1,2.417500019073486e-01,5.200999975204468e-01,2.417500019073486e-01,5.000000000000000e-01
6.815856671241963e-01,4.004248378922560e-01,4793,15068,1.478484164028832e+00,-2.444660427731937e-01,0.000000000000000e+00,1.885400445395792e+00,9.300364164513066e-01,-3.586274740255620e-02,0.000000000000000e+00,1.331919606669696e+00,5.094848527986249e+00,1,2.419999986886978e-01,5.200999975204468e-01,2.419999986886978e-01,5.000000000000000e-01
6.816236659127973e-01,3.993063850996687e-01,4798,15073,1.471582078273817e+00,-2.467875622090219e-01,0.000000000000000e+00,1.885332156380173e+00,9.300825416944112e-01,-3.580616022062819e-02,0.000000000000000e+00,1.331896952031422e+00,5.094810167855872e+00,1,2.422499954700470e-01,5.200999975204468e-01,2.422499954700470e-01,5.000000000000000e-01
6.816616669663318e-01,3.981878656412430e-01,4803,15078,1.464679581117163e+00,-2.491092200199713e-01,0.000000000000000e+00,1.885263863294159e+00,9.301286696868302e-01,-3.574956966579790e-02,0.000000000000000e+00,1.331874296042809e+00,5.094771805439026e+00,1,2.425000071525574e-01,5.200999975204468e-01,2.425000071525574e-01,5.000000000000000e-01
6.816996657549328e-01,3.970694128486571e-01,4808,15083,1.457777495362175e+00,-2.514307394557976e-01,0.000000000000000e+00,1.885195574278540e+00,9.301747949299352e-01,-3.569298248386991e-02,0.000000000000000e+00,1.331851641404534e+00,5.094733445308652e+00,1,2.427500039339066e-01,5.200999975204468e-01,2.427500039339066e-01,5.000000000000000e-01
6.817376645435340e-01,3.959509600560709e-01,4813,15088,1.450875409607186e+00,-2.537522588916244e-01,0.000000000000000e+00,1.885127285262921e+00,9.302209201730397e-01,-3.563639530194191e-02,0.000000000000000e+00,1.331828986766260e+00,5.094695085178278e+00,1,2.430000007152557e-01,5.200999975204468e-01,2.430000007152557e-01,5.000000000000000e-01
6.817756633321349e-01,3.948325072634848e-01,4818,15093,1.443973323852197e+00,-2.560737783274513e-01,0.000000000000000e+00,1.885058996247301e+00,9.302670454161446e-01,-3.557980812001391e-02,0.000000000000000e+00,1.331806332127986e+00,5.094656725047902e+00,1,2.432499974966049e-01,5.200999975204468e-01,2.432499974966049e-01,5.000000000000000e-01
6.818136621207360e-01,3.937140544708990e-01,4823,15098,1.437071238097210e+00,-2.583952977632773e-01,0.000000000000000e+00,1.884990707231682e+00,9.303131706592495e-01,-3.552322093808594e-02,0.000000000000000e+00,1.331783677489712e+00,5.094618364917527e+00,1,2.434999942779541e-01,5.200999975204468e-01,2.434999942779541e-01,5.000000000000000e-01
6.818516631742706e-01,3.925955350124731e-01,4828,15103,1.430168740940553e+00,-2.607169555742272e-01,0.000000000000000e+00,1.884922414145668e+00,9.303592986516682e-01,-3.546663038325563e-02,0.000000000000000e+00,1.331761021501098e+00,5.094580002500680e+00,1,2.437500059604645e-01,5.200999975204468e-01,2.437500059604645e-01,5.000000000000000e-01
6.818896619628716e-01,3.914770822198873e-01,4833,15108,1.423266655185566e+00,-2.630384750100533e-01,0.000000000000000e+00,1.884854125130049e+00,9.304054238947731e-01,-3.541004320132764e-02,0.000000000000000e+00,1.331738366862825e+00,5.094541642370306e+00,1,2.440000027418137e-01,5.200999975204468e-01,2.440000027418137e-01,5.000000000000000e-01
6.819276607514726e-01,3.903586294273022e-01,4838,15113,1.416364569430603e+00,-2.653599944458785e-01,0.000000000000000e+00,1.884785836114430e+00,9.304515491378780e-01,-3.535345601939967e-02,0.000000000000000e+00,1.331715712224550e+00,5.094503282239931e+00,1,2.442499995231628e-01,5.200999975204468e-01,2.442499995231628e-01,5.000000000000000e-01
6.819656595400736e-01,3.892401766347160e-01,4843,15118,1.409462483675614e+00,-2.676815138817054e-01,0.000000000000000e+00,1.884717547098811e+00,9.304976743809825e-01,-3.529686883747166e-02,0.000000000000000e+00,1.331693057586276e+00,5.094464922109555e+00,1,2.444999963045120e-01,5.200999975204468e-01,2.444999963045120e-01,5.000000000000000e-01
6.820036583286747e-01,3.881217238421291e-01,4848,15123,1.402560397920600e+00,-2.700030333175332e-01,0.000000000000000e+00,1.884649258083192e+00,9.305437996240875e-01,-3.524028165554366e-02,0.000000000000000e+00,1.331670402948002e+00,5.094426561979180e+00,1,2.447499930858612e-01,5.200999975204468e-01,2.447499930858612e-01,5.000000000000000e-01
6.820416593822092e-01,3.870032043837034e-01,4853,15128,1.395657900763946e+00,-2.723246911284826e-01,0.000000000000000e+00,1.884580964997177e+00,9.305899276165065e-01,-3.518369110071336e-02,0.000000000000000e+00,1.331647746959389e+00,5.094388199562335e+00,1,2.450000047683716e-01,5.200999975204468e-01,2.450000047683716e-01,5.000000000000000e-01
6.820796581708102e-01,3.858847515911173e-01,4858,15133,1.388755815008957e+00,-2.746462105643092e-01,0.000000000000000e+00,1.884512675981558e+00,9.306360528596113e-01,-3.512710391878537e-02,0.000000000000000e+00,1.331625092321114e+00,5.094349839431960e+00,1,2.452500015497208e-01,5.200999975204468e-01,2.452500015497208e-01,5.000000000000000e-01
6.821176569594113e-01,3.847662987985313e-01,4863,15138,1.381853729253969e+00,-2.769677300001357e-01,0.000000000000000e+00,1.884444386965939e+00,9.306821781027159e-01,-3.507051673685738e-02,0.000000000000000e+00,1.331602437682840e+00,5.094311479301584e+00,1,2.454999983310699e-01,5.200999975204468e-01,2.454999983310699e-01,5.000000000000000e-01
6.821556557480124e-01,3.836478460059453e-01,4868,15143,1.374951643498981e+00,-2.792892494359623e-01,0.000000000000000e+00,1.884376097950320e+00,9.307283033458207e-01,-3.501392955492939e-02,0.000000000000000e+00,1.331579783044566e+00,5.094273119171210e+00,1,2.457499951124191e-01,5.200999975204468e-01,2.457499951124191e-01,5.000000000000000e-01
6.821936568015470e-01,3.825293265475196e-01,4873,15148,1.368049146342326e+00,-2.816109072469117e-01,0.000000000000000e+00,1.884307804864306e+00,9.307744313382397e-01,-3.495733900009909e-02,0.000000000000000e+00,1.331557127055953e+00,5.094234756754363e+00,1,2.460000067949295e-01,5.200999975204468e-01,2.460000067949295e-01,5.000000000000000e-01
6.822316555901480e-01,3.814108737549325e-01,4878,15153,1.361147060587312e+00,-2.839324266827398e-01,0.000000000000000e+00,1.884239515848686e+00,9.308205565813445e-01,-3.490075181817108e-02,0.000000000000000e+00,1.331534472417679e+00,5.094196396623989e+00,1,2.462500035762787e-01,5.200999975204468e-01,2.462500035762787e-01,5.000000000000000e-01
6.822696543787490e-01,3.802924209623465e-01,4883,15158,1.354244974832323e+00,-2.862539461185666e-01,0.000000000000000e+00,1.884171226833067e+00,9.308666818244493e-01,-3.484416463624308e-02,0.000000000000000e+00,1.331511817779405e+00,5.094158036493614e+00,1,2.465000003576279e-01,5.200999975204468e-01,2.465000003576279e-01,5.000000000000000e-01
6.823076531673500e-01,3.791739681697606e-01,4888,15163,1.347342889077335e+00,-2.885754655543928e-01,0.000000000000000e+00,1.884102937817448e+00,9.309128070675540e-01,-3.478757745431509e-02,0.000000000000000e+00,1.331489163141130e+00,5.094119676363238e+00,1,2.467499971389771e-01,5.200999975204468e-01,2.467499971389771e-01,5.000000000000000e-01
6.823456519559510e-01,3.780555153771754e-01,4893,15168,1.340440803322372e+00,-2.908969849902179e-01,0.000000000000000e+00,1.884034648801829e+00,9.309589323106588e-01,-3.473099027238712e-02,0.000000000000000e+00,1.331466508502856e+00,5.094081316232863e+00,1,2.469999939203262e-01,5.200999975204468e-01,2.469999939203262e-01,5.000000000000000e-01
6.823836530094856e-01,3.769369959187497e-01,4898,15173,1.333538306165718e+00,-2.932186428011674e-01,0.000000000000000e+00,1.883966355715815e+00,9.310050603030776e-01,-3.467439971755683e-02,0.000000000000000e+00,1.331443852514243e+00,5.094042953816017e+00,1,2.472500056028366e-01,5.200999975204468e-01,2.472500056028366e-01,5.000000000000000e-01
6.824216517980866e-01,3.758185431261637e-01,4903,15178,1.326636220410729e+00,-2.955401622369939e-01,0.000000000000000e+00,1.883898066700196e+00,9.310511855461825e-01,-3.461781253562883e-02,0.000000000000000e+00,1.331421197875969e+00,5.094004593685642e+00,1,2.475000023841858e-01,5.200999975204468e-01,2.475000023841858e-01,5.000000000000000e-01
6.824596505866876e-01,3.747000903335776e-01,4908,15183,1.319734134655741e+00,-2.978616816728205e-01,0.000000000000000e+00,1.883829777684576e+00,9.310973107892871e-01,-3.456122535370083e-02,0.000000000000000e+00,1.331398543237694e+00,5.093966233555268e+00,1,2.477499991655350e-01,5.200999975204468e-01,2.477499991655350e-01,5.000000000000000e-01
6.824976493752888e-01,3.735816375409916e-01,4913,15188,1.312832048900752e+00,-3.001832011086471e-01,0.000000000000000e+00,1.883761488668958e+00,9.311434360323920e-01,-3.450463817177285e-02,0.000000000000000e+00,1.331375888599420e+00,5.093927873424892e+00,1,2.479999959468842e-01,5.200999975204468e-01,2.479999959468842e-01,5.000000000000000e-01
6.825356481638898e-01,3.724631847484056e-01,4918,15193,1.305929963145763e+00,-3.025047205444736e-01,0.000000000000000e+00,1.883693199653338e+00,9.311895612754969e-01,-3.444805098984485e-02,0.000000000000000e+00,1.331353233961146e+00,5.093889513294517e+00,1,2.482499927282333e-01,5.200999975204468e-01,2.482499927282333e-01,5.000000000000000e-01
6.825736492174242e-01,3.713446652899800e-01,4923,15198,1.299027465989110e+00,-3.048263783554227e-01,0.000000000000000e+00,1.883624906567324e+00,9.312356892679159e-01,-3.439146043501456e-02,0.000000000000000e+00,1.331330577972533e+00,5.093851150877672e+00,1,2.485000044107437e-01,5.200999975204468e-01,2.485000044107437e-01,5.000000000000000e-01
6.826116480060251e-01,3.702262124973938e-01,4928,15203,1.292125380234121e+00,-3.071478977912496e-01,0.000000000000000e+00,1.883556617551705e+00,9.312818145110205e-01,-3.433487325308656e-02,0.000000000000000e+00,1.331307923334259e+00,5.093812790747296e+00,1,2.487500011920929e-01,5.200999975204468e-01,2.487500011920929e-01,5.000000000000000e-01
6.826496467946264e-01,3.691077597048078e-01,4933,15208,1.285223294479132e+00,-3.094694172270761e-01,0.000000000000000e+00,1.883488328536086e+00,9.313279397541254e-01,-3.427828607115857e-02,0.000000000000000e+00,1.331285268695985e+00,5.093774430616921e+00,1,2.489999979734421e-01,5.200999975204468e-01,2.489999979734421e-01,5.000000000000000e-01
6.826876455832274e-01,3.679893069122218e-01,4938,15213,1.278321208724144e+00,-3.117909366629027e-01,0.000000000000000e+00,1.883420039520467e+00,9.313740649972302e-01,-3.422169888923058e-02,0.000000000000000e+00,1.331262614057710e+00,5.093736070486546e+00,1,2.492499947547913e-01,5.200999975204468e-01,2.492499947547913e-01,5.000000000000000e-01
6.827256466367619e-01,3.668707874537960e-01,4943,15218,1.271418711567489e+00,-3.141125944738521e-01,0.000000000000000e+00,1.883351746434452e+00,9.314201929896491e-01,-3.416510833440028e-02,0.000000000000000e+00,1.331239958069097e+00,5.093697708069699e+00,1,2.495000064373016e-01,5.200999975204468e-01,2.495000064373016e-01,5.000000000000000e-01
6.827636454253629e-01,3.657523346612100e-01,4948,15223,1.264516625812500e+00,-3.164341139096787e-01,0.000000000000000e+00,1.883283457418834e+00,9.314663182327538e-01,-3.410852115247229e-02,0.000000000000000e+00,1.331217303430823e+00,5.093659347939325e+00,1,2.497500032186508e-01,5.200999975204468e-01,2.497500032186508e-01,5.000000000000000e-01
6.828016442139639e-01,3.646338818686246e-01,4953,15229,1.257614540057537e+00,-3.187556333455038e-01,0.000000000000000e+00,1.883215168403214e+00,9.315124434758586e-01,-3.405193397054432e-02,0.000000000000000e+00,1.331194648792549e+00,5.093620987808950e+00,1,2.500000000000000e-01,5.200999975204468e-01,2.500000000000000e-01,5.000000000000000e-01
6.828487372713348e-01,3.634611745557800e-01,4958,15234,1.250782426254101e+00,-3.206854214647971e-01,0.000000000000000e+00,1.883124076224824e+00,9.315685707092576e-01,-3.399691760352481e-02,0.000000000000000e+00,1.331165835277082e+00,5.093570687322081e+00,1,2.502500116825104e-01,5.200999975204468e-01,2.502500116825104e-01,5.000000000000000e-01
6.828958247150381e-01,3.622886070340102e-01,4963,15239,1.243951126864091e+00,-3.226149795461656e-01,0.000000000000000e+00,1.883032994904959e+00,9.316246912520815e-01,-3.394190779466096e-02,0.000000000000000e+00,1.331137025196294e+00,5.093520392831214e+00,1,2.504999935626984e-01,5.200999975204468e-01,2.504999935626984e-01,5.000000000000000e-01
6.829429177724089e-01,3.611158997211677e-01,4968,15244,1.237119013060731e+00,-3.245447676654541e-01,0.000000000000000e+00,1.882941902726569e+00,9.316808184854803e-01,-3.388689142764154e-02,0.000000000000000e+00,1.331108211680827e+00,5.093470092344344e+00,1,2.507500052452087e-01,5.200999975204468e-01,2.507500052452087e-01,5.000000000000000e-01
6.829900052161122e-01,3.599433321993971e-01,4973,15249,1.230287713670696e+00,-3.264743257468244e-01,0.000000000000000e+00,1.882850821406704e+00,9.317369390283042e-01,-3.383188161877765e-02,0.000000000000000e+00,1.331079401600038e+00,5.093419797853480e+00,1,2.509999871253967e-01,5.200999975204468e-01,2.509999871253967e-01,5.000000000000000e-01
6.830370982734830e-01,3.587706248865545e-01,4978,15254,1.223455599867334e+00,-3.284041138661131e-01,0.000000000000000e+00,1.882759729228314e+00,9.317930662617031e-01,-3.377686525175821e-02,0.000000000000000e+00,1.331050588084572e+00,5.093369497366609e+00,1,2.512499988079071e-01,5.200999975204468e-01,2.512499988079071e-01,5.000000000000000e-01
6.830841913308539e-01,3.575979175737115e-01,4983,15259,1.216623486063949e+00,-3.303339019854032e-01,0.000000000000000e+00,1.882668637049924e+00,9.318491934951021e-01,-3.372184888473879e-02,0.000000000000000e+00,1.331021774569105e+00,5.093319196879741e+00,1,2.515000104904175e-01,5.200999975204468e-01,2.515000104904175e-01,5.000000000000000e-01
6.831312787745570e-01,3.564253500519414e-01,4988,15264,1.209792186673939e+00,-3.322634600667721e-01,0.000000000000000e+00,1.882577555730059e+00,9.319053140379261e-01,-3.366683907587491e-02,0.000000000000000e+00,1.330992964488317e+00,5.093268902388873e+00,1,2.517499923706055e-01,5.200999975204468e-01,2.517499923706055e-01,5.000000000000000e-01
6.831783718319279e-01,3.552526427390985e-01,4993,15269,1.202960072870555e+00,-3.341932481860618e-01,0.000000000000000e+00,1.882486463551668e+00,9.319614412713249e-01,-3.361182270885548e-02,0.000000000000000e+00,1.330964150972850e+00,5.093218601902003e+00,1,2.520000040531158e-01,5.200999975204468e-01,2.520000040531158e-01,5.000000000000000e-01
6.832254592756311e-01,3.540800752173281e-01,4998,15274,1.196128773480542e+00,-3.361228062674311e-01,0.000000000000000e+00,1.882395382231804e+00,9.320175618141489e-01,-3.355681289999159e-02,0.000000000000000e+00,1.330935340892061e+00,5.093168307411138e+00,1,2.522499859333038e-01,5.200999975204468e-01,2.522499859333038e-01,5.000000000000000e-01
6.832725523330019e-01,3.529073679044851e-01,5003,15279,1.189296659677157e+00,-3.380525943867211e-01,0.000000000000000e+00,1.882304290053414e+00,9.320736890475477e-01,-3.350179653297215e-02,0.000000000000000e+00,1.330906527376595e+00,5.093118006924268e+00,1,2.524999976158142e-01,5.200999975204468e-01,2.524999976158142e-01,5.000000000000000e-01
6.833196453903727e-01,3.517346605916418e-01,5008,15284,1.182464545873771e+00,-3.399823825060112e-01,0.000000000000000e+00,1.882213197875023e+00,9.321298162809467e-01,-3.344678016595272e-02,0.000000000000000e+00,1.330877713861128e+00,5.093067706437398e+00,1,2.527500092983246e-01,5.200999975204468e-01,2.527500092983246e-01,5.000000000000000e-01
6.833667328340759e-01,3.505620930698718e-01,5013,15289,1.175633246483760e+00,-3.419119405873801e-01,0.000000000000000e+00,1.882122116555158e+00,9.321859368237706e-01,-3.339177035708883e-02,0.000000000000000e+00,1.330848903780340e+00,5.093017411946533e+00,1,2.529999911785126e-01,5.200999975204468e-01,2.529999911785126e-01,5.000000000000000e-01
6.834138258914468e-01,3.493893857570282e-01,5018,15294,1.168801132680352e+00,-3.438417287066713e-01,0.000000000000000e+00,1.882031024376768e+00,9.322420640571694e-01,-3.333675399006937e-02,0.000000000000000e+00,1.330820090264873e+00,5.092967111459662e+00,1,2.532500028610229e-01,5.200999975204468e-01,2.532500028610229e-01,5.000000000000000e-01
6.834609189488177e-01,3.482166784441851e-01,5023,15299,1.161969018876966e+00,-3.457715168259613e-01,0.000000000000000e+00,1.881939932198378e+00,9.322981912905683e-01,-3.328173762304993e-02,0.000000000000000e+00,1.330791276749406e+00,5.092916810972792e+00,1,2.535000145435333e-01,5.200999975204468e-01,2.535000145435333e-01,5.000000000000000e-01
6.835080063925209e-01,3.470441109224151e-01,5028,15304,1.155137719486956e+00,-3.477010749073303e-01,0.000000000000000e+00,1.881848850878513e+00,9.323543118333923e-01,-3.322672781418605e-02,0.000000000000000e+00,1.330762466668618e+00,5.092866516481927e+00,1,2.537499964237213e-01,5.200999975204468e-01,2.537499964237213e-01,5.000000000000000e-01
6.835550994498918e-01,3.458714036095724e-01,5033,15309,1.148305605683594e+00,-3.496308630266191e-01,0.000000000000000e+00,1.881757758700123e+00,9.324104390667913e-01,-3.317171144716664e-02,0.000000000000000e+00,1.330733653153151e+00,5.092816215995057e+00,1,2.540000081062317e-01,5.200999975204468e-01,2.540000081062317e-01,5.000000000000000e-01
6.836021868935950e-01,3.446988360878028e-01,5038,15314,1.141474306293606e+00,-3.515604211079869e-01,0.000000000000000e+00,1.881666677380259e+00,9.324665596096152e-01,-3.311670163830278e-02,0.000000000000000e+00,1.330704843072363e+00,5.092765921504192e+00,1,2.542499899864197e-01,5.200999975204468e-01,2.542499899864197e-01,5.000000000000000e-01
6.836492799509657e-01,3.435261287749592e-01,5043,15319,1.134642192490197e+00,-3.534902092272781e-01,0.000000000000000e+00,1.881575585201868e+00,9.325226868430141e-01,-3.306168527128332e-02,0.000000000000000e+00,1.330676029556896e+00,5.092715621017321e+00,1,2.545000016689301e-01,5.200999975204468e-01,2.545000016689301e-01,5.000000000000000e-01
6.836963730083365e-01,3.423534214621161e-01,5048,15324,1.127810078686812e+00,-3.554199973465681e-01,0.000000000000000e+00,1.881484493023477e+00,9.325788140764130e-01,-3.300666890426388e-02,0.000000000000000e+00,1.330647216041429e+00,5.092665320530450e+00,1,2.547500133514404e-01,5.200999975204468e-01,2.547500133514404e-01,5.000000000000000e-01
6.837434604520398e-01,3.411808539403461e-01,5053,15329,1.120978779296801e+00,-3.573495554279371e-01,0.000000000000000e+00,1.881393411703613e+00,9.326349346192370e-01,-3.295165909540000e-02,0.000000000000000e+00,1.330618405960641e+00,5.092615026039586e+00,1,2.549999952316284e-01,5.200999975204468e-01,2.549999952316284e-01,5.000000000000000e-01
6.837905535094106e-01,3.400081466275029e-01,5058,15334,1.114146665493416e+00,-3.592793435472269e-01,0.000000000000000e+00,1.881302319525222e+00,9.326910618526357e-01,-3.289664272838056e-02,0.000000000000000e+00,1.330589592445174e+00,5.092564725552715e+00,1,2.552500069141388e-01,5.200999975204468e-01,2.552500069141388e-01,5.000000000000000e-01
6.838376409531139e-01,3.388355791057329e-01,5063,15339,1.107315366103405e+00,-3.612089016285960e-01,0.000000000000000e+00,1.881211238205358e+00,9.327471823954596e-01,-3.284163291951669e-02,0.000000000000000e+00,1.330560782364386e+00,5.092514431061851e+00,1,2.554999887943268e-01,5.200999975204468e-01,2.554999887943268e-01,5.000000000000000e-01
6.838847340104848e-01,3.376628717928900e-01,5068,15344,1.100483252300043e+00,-3.631386897478848e-01,0.000000000000000e+00,1.881120146026968e+00,9.328033096288587e-01,-3.278661655249727e-02,0.000000000000000e+00,1.330531968848919e+00,5.092464130574980e+00,1,2.557500004768372e-01,5.200999975204468e-01,2.557500004768372e-01,5.000000000000000e-01
6.839318270678556e-01,3.364901644800466e-01,5073,15349,1.093651138496634e+00,-3.650684778671760e-01,0.000000000000000e+00,1.881029053848577e+00,9.328594368622577e-01,-3.273160018547781e-02,0.000000000000000e+00,1.330503155333453e+00,5.092413830088110e+00,1,2.560000121593475e-01,5.200999975204468e-01,2.560000121593475e-01,5.000000000000000e-01
6.839789145115589e-01,3.353175969582766e-01,5078,15354,1.086819839106624e+00,-3.669980359485450e-01,0.000000000000000e+00,1.880937972528713e+00,9.329155574050816e-01,-3.267659037661393e-02,0.000000000000000e+00,1.330474345252664e+00,5.092363535597245e+00,1,2.562499940395355e-01,5.200999975204468e-01,2.562499940395355e-01,5.000000000000000e-01
6.840260075689296e-01,3.341448896454334e-01,5083,15359,1.079987725303238e+00,-3.689278240678349e-01,0.000000000000000e+00,1.880846880350322e+00,9.329716846384803e-01,-3.262157400959449e-02,0.000000000000000e+00,1.330445531737197e+00,5.092313235110375e+00,1,2.565000057220459e-01,5.200999975204468e-01,2.565000057220459e-01,5.000000000000000e-01
6.840730950126328e-01,3.329723221236635e-01,5088,15364,1.073156425913228e+00,-3.708573821492039e-01,0.000000000000000e+00,1.880755799030458e+00,9.330278051813043e-01,-3.256656420073062e-02,0.000000000000000e+00,1.330416721656409e+00,5.092262940619509e+00,1,2.567499876022339e-01,5.200999975204468e-01,2.567499876022339e-01,5.000000000000000e-01
6.841201880700036e-01,3.317996148108202e-01,5093,15369,1.066324312109842e+00,-3.727871702684939e-01,0.000000000000000e+00,1.880664706852067e+00,9.330839324147031e-01,-3.251154783371117e-02,0.000000000000000e+00,1.330387908140942e+00,5.092212640132638e+00,1,2.569999992847443e-01,5.200999975204468e-01,2.569999992847443e-01,5.000000000000000e-01
6.841672811273746e-01,3.306269074979771e-01,5098,15374,1.059492198306457e+00,-3.747169583877839e-01,0.000000000000000e+00,1.880573614673676e+00,9.331400596481021e-01,-3.245653146669174e-02,0.000000000000000e+00,1.330359094625476e+00,5.092162339645769e+00,1,2.572500109672546e-01,5.200999975204468e-01,2.572500109672546e-01,5.000000000000000e-01
6.842143685710778e-01,3.294543399762071e-01,5103,15379,1.052660898916446e+00,-3.766465164691529e-01,0.000000000000000e+00,1.880482533353812e+00,9.331961801909260e-01,-3.240152165782786e-02,0.000000000000000e+00,1.330330284544687e+00,5.092112045154904e+00,1,2.574999928474426e-01,5.200999975204468e-01,2.574999928474426e-01,5.000000000000000e-01
6.842614616284486e-01,3.282816326633639e-01,5108,15384,1.045828785113061e+00,-3.785763045884429e-01,0.000000000000000e+00,1.880391441175421e+00,9.332523074243249e-01,-3.234650529080842e-02,0.000000000000000e+00,1.330301471029220e+00,5.092061744668033e+00,1,2.577500045299530e-01,5.200999975204468e-01,2.577500045299530e-01,5.000000000000000e-01
6.843085490721519e-01,3.271090651415939e-01,5113,15389,1.038997485723050e+00,-3.805058626698119e-01,0.000000000000000e+00,1.880300359855557e+00,9.333084279671489e-01,-3.229149548194454e-02,0.000000000000000e+00,1.330272660948432e+00,5.092011450177168e+00,1,2.579999864101410e-01,5.200999975204468e-01,2.579999864101410e-01,5.000000000000000e-01
6.843556421295227e-01,3.259363578287507e-01,5118,15394,1.032165371919664e+00,-3.824356507891019e-01,0.000000000000000e+00,1.880209267677167e+00,9.333645552005478e-01,-3.223647911492510e-02,0.000000000000000e+00,1.330243847432965e+00,5.091961149690298e+00,1,2.582499980926514e-01,5.200999975204468e-01,2.582499980926514e-01,5.000000000000000e-01
6.844027351868935e-01,3.247636505159076e-01,5123,15399,1.025333258116279e+00,-3.843654389083919e-01,0.000000000000000e+00,1.880118175498777e+00,9.334206824339467e-01,-3.218146274790566e-02,0.000000000000000e+00,1.330215033917499e+00,5.091910849203428e+00,1,2.585000097751617e-01,5.200999975204468e-01,2.585000097751617e-01,5.000000000000000e-01
6.844498226305968e-01,3.235910829941376e-01,5128,15404,1.018501958726268e+00,-3.862949969897609e-01,0.000000000000000e+00,1.880027094178912e+00,9.334768029767706e-01,-3.212645293904178e-02,0.000000000000000e+00,1.330186223836710e+00,5.091860554712563e+00,1,2.587499916553497e-01,5.200999975204468e-01,2.587499916553497e-01,5.000000000000000e-01
6.844969156879676e-01,3.224183756812945e-01,5133,15409,1.011669844922883e+00,-3.882247851090508e-01,0.000000000000000e+00,1.879936002000521e+00,9.335329302101695e-01,-3.207143657202234e-02,0.000000000000000e+00,1.330157410321243e+00,5.091810254225693e+00,1,2.590000033378601e-01,5.200999975204468e-01,2.590000033378601e-01,5.000000000000000e-01
6.845440031316709e-01,3.212458081595245e-01,5138,15414,1.004838545532872e+00,-3.901543431904199e-01,0.000000000000000e+00,1.879844920680657e+00,9.335890507529936e-01,-3.201642676315847e-02,0.000000000000000e+00,1.330128600240455e+00,5.091759959734826e+00,1,2.592499852180481e-01,5.200999975204468e-01,2.592499852180481e-01,5.000000000000000e-01
6.845910961890418e-01,3.200731008466813e-01,5143,15419,9.980064317294868e-01,-3.920841313097098e-01,0.000000000000000e+00,1.879753828502267e+00,9.336451779863923e-01,-3.196141039613903e-02,0.000000000000000e+00,1.330099786724988e+00,5.091709659247957e+00,1,2.594999969005585e-01,5.200999975204468e-01,2.594999969005585e-01,5.000000000000000e-01
6.846381892464126e-01,3.189003935338381e-01,5148,15424,9.911743179261012e-01,-3.940139194289998e-01,0.000000000000000e+00,1.879662736323876e+00,9.337013052197913e-01,-3.190639402911959e-02,0.000000000000000e+00,1.330070973209522e+00,5.091659358761087e+00,1,2.597500085830688e-01,5.200999975204468e-01,2.597500085830688e-01,5.000000000000000e-01
6.846852766901157e-01,3.177278260120682e-01,5153,15430,9.843430185360906e-01,-3.959434775103688e-01,0.000000000000000e+00,1.879571655004012e+00,9.337574257626151e-01,-3.185138422025571e-02,0.000000000000000e+00,1.330042163128733e+00,5.091609064270221e+00,1,2.599999904632568e-01,5.200999975204468e-01,2.599999904632568e-01,5.000000000000000e-01
6.847418341274141e-01,3.166364081355398e-01,5158,15435,9.781734420804740e-01,-3.973286687755737e-01,0.000000000000000e+00,1.879464766758179e+00,9.338245806775437e-01,-3.179870937588516e-02,0.000000000000000e+00,1.330008835097486e+00,5.091553669362572e+00,1,2.602500021457672e-01,5.200999975204468e-01,2.602500021457672e-01,5.000000000000000e-01
6.847983919257465e-01,3.155449933599306e-01,5163,15440,9.720038908984346e-01,-3.987138392662356e-01,0.000000000000000e+00,1.879357877909779e+00,9.338917360131412e-01,-3.174603462083585e-02,0.000000000000000e+00,1.329975506894024e+00,5.091498274260587e+00,1,2.605000138282776e-01,5.200999975204468e-01,2.605000138282776e-01,5.000000000000000e-01
6.848549429821794e-01,3.144537086850219e-01,5168,15445,9.658350751498204e-01,-4.000988446394243e-01,0.000000000000000e+00,1.879251001802927e+00,9.339588833435731e-01,-3.169336614481322e-02,0.000000000000000e+00,1.329942182663409e+00,5.091442885761905e+00,1,2.607499957084656e-01,5.200999975204468e-01,2.607499957084656e-01,5.000000000000000e-01
6.849115007805121e-01,3.133622939094128e-01,5173,15450,9.596655239678022e-01,-4.014840151300852e-01,0.000000000000000e+00,1.879144112954527e+00,9.340260386791708e-01,-3.164069138976395e-02,0.000000000000000e+00,1.329908854459948e+00,5.091387490659921e+00,1,2.610000073909760e-01,5.200999975204468e-01,2.610000073909760e-01,5.000000000000000e-01
6.849680518369446e-01,3.122710092345041e-01,5178,15455,9.534967082192094e-01,-4.028690205032731e-01,0.000000000000000e+00,1.879037236847676e+00,9.340931860096027e-01,-3.158802291374134e-02,0.000000000000000e+00,1.329875530229333e+00,5.091332102161238e+00,1,2.612499892711639e-01,5.200999975204468e-01,2.612499892711639e-01,5.000000000000000e-01
6.850246096352774e-01,3.111795944588950e-01,5183,15460,9.473271570371700e-01,-4.042541909939348e-01,0.000000000000000e+00,1.878930347999276e+00,9.341603413452002e-01,-3.153534815869204e-02,0.000000000000000e+00,1.329842202025872e+00,5.091276707059254e+00,1,2.615000009536743e-01,5.200999975204468e-01,2.615000009536743e-01,5.000000000000000e-01
6.850811674336098e-01,3.100881796832861e-01,5188,15465,9.411576058551528e-01,-4.056393614845957e-01,0.000000000000000e+00,1.878823459150876e+00,9.342274966807980e-01,-3.148267340364277e-02,0.000000000000000e+00,1.329808873822411e+00,5.091221311957269e+00,1,2.617500126361847e-01,5.200999975204468e-01,2.617500126361847e-01,5.000000000000000e-01
6.851377184900429e-01,3.089968950083772e-01,5193,15470,9.349887901065377e-01,-4.070243668577846e-01,0.000000000000000e+00,1.878716583044024e+00,9.342946440112299e-01,-3.143000492762012e-02,0.000000000000000e+00,1.329775549591795e+00,5.091165923458588e+00,1,2.619999945163727e-01,5.200999975204468e-01,2.619999945163727e-01,5.000000000000000e-01
6.851942762883754e-01,3.079054802327681e-01,5198,15475,9.288192389244982e-01,-4.084095373484465e-01,0.000000000000000e+00,1.878609694195625e+00,9.343617993468274e-01,-3.137733017257081e-02,0.000000000000000e+00,1.329742221388334e+00,5.091110528356602e+00,1,2.622500061988831e-01,5.200999975204468e-01,2.622500061988831e-01,5.000000000000000e-01
6.852508273448081e-01,3.068141955578593e-01,5203,15480,9.226504231759053e-01,-4.097945427216342e-01,0.000000000000000e+00,1.878502818088773e+00,9.344289466772593e-01,-3.132466169654821e-02,0.000000000000000e+00,1.329708897157719e+00,5.091055139857919e+00,1,2.624999880790710e-01,5.200999975204468e-01,2.624999880790710e-01,5.000000000000000e-01
6.853073851431408e-01,3.057227807822502e-01,5208,15485,9.164808719938659e-01,-4.111797132122962e-01,0.000000000000000e+00,1.878395929240373e+00,9.344961020128570e-01,-3.127198694149890e-02,0.000000000000000e+00,1.329675568954257e+00,5.090999744755935e+00,1,2.627499997615814e-01,5.200999975204468e-01,2.627499997615814e-01,5.000000000000000e-01
6.853639429414734e-01,3.046313660066411e-01,5213,15490,9.103113208118265e-01,-4.125648837029581e-01,0.000000000000000e+00,1.878289040391973e+00,9.345632573484545e-01,-3.121931218644959e-02,0.000000000000000e+00,1.329642240750796e+00,5.090944349653951e+00,1,2.630000114440918e-01,5.200999975204468e-01,2.630000114440918e-01,5.000000000000000e-01
6.854204939979063e-01,3.035400813317324e-01,5218,15495,9.041425050632336e-01,-4.139498890761458e-01,0.000000000000000e+00,1.878182164285121e+00,9.346304046788863e-01,-3.116664371042699e-02,0.000000000000000e+00,1.329608916520181e+00,5.090888961155269e+00,1,2.632499933242798e-01,5.200999975204468e-01,2.632499933242798e-01,5.000000000000000e-01
6.854770517962389e-01,3.024486665561233e-01,5223,15500,8.979729538811940e-01,-4.153350595668077e-01,0.000000000000000e+00,1.878075275436721e+00,9.346975600144838e-01,-3.111396895537768e-02,0.000000000000000e+00,1.329575588316720e+00,5.090833566053285e+00,1,2.635000050067902e-01,5.200999975204468e-01,2.635000050067902e-01,5.000000000000000e-01
6.855336028526715e-01,3.013573818812146e-01,5228,15505,8.918041381326013e-01,-4.167200649399954e-01,0.000000000000000e+00,1.877968399329870e+00,9.347647073449157e-01,-3.106130047935508e-02,0.000000000000000e+00,1.329542264086105e+00,5.090778177554602e+00,1,2.637499868869781e-01,5.200999975204468e-01,2.637499868869781e-01,5.000000000000000e-01
6.855901606510042e-01,3.002659671056055e-01,5233,15510,8.856345869505416e-01,-4.181052354306580e-01,0.000000000000000e+00,1.877861510481470e+00,9.348318626805134e-01,-3.100862572430573e-02,0.000000000000000e+00,1.329508935882644e+00,5.090722782452618e+00,1,2.639999985694885e-01,5.200999975204468e-01,2.639999985694885e-01,5.000000000000000e-01
6.856467184493370e-01,2.991745523299964e-01,5238,15515,8.794650357685225e-01,-4.194904059213193e-01,0.000000000000000e+00,1.877754621633070e+00,9.348990180161110e-01,-3.095595096925646e-02,0.000000000000000e+00,1.329475607679182e+00,5.090667387350633e+00,1,2.642500102519989e-01,5.200999975204468e-01,2.642500102519989e-01,5.000000000000000e-01
6.857032695057698e-01,2.980832676550877e-01,5243,15520,8.732962200199297e-01,-4.208754112945071e-01,0.000000000000000e+00,1.877647745526219e+00,9.349661653465430e-01,-3.090328249323385e-02,0.000000000000000e+00,1.329442283448567e+00,5.090611998851951e+00,1,2.644999921321869e-01,5.200999975204468e-01,2.644999921321869e-01,5.000000000000000e-01
6.857598273041023e-01,2.969918528794786e-01,5248,15525,8.671266688378900e-01,-4.222605817851688e-01,0.000000000000000e+00,1.877540856677818e+00,9.350333206821404e-01,-3.085060773818454e-02,0.000000000000000e+00,1.329408955245106e+00,5.090556603749965e+00,1,2.647500038146973e-01,5.200999975204468e-01,2.647500038146973e-01,5.000000000000000e-01
6.858163783605350e-01,2.959005682045699e-01,5253,15530,8.609578530892971e-01,-4.236455871583567e-01,0.000000000000000e+00,1.877433980570967e+00,9.351004680125723e-01,-3.079793926216194e-02,0.000000000000000e+00,1.329375631014490e+00,5.090501215251284e+00,1,2.649999856948853e-01,5.200999975204468e-01,2.649999856948853e-01,5.000000000000000e-01
6.858729361588677e-01,2.948091534289607e-01,5258,15535,8.547883019072577e-01,-4.250307576490185e-01,0.000000000000000e+00,1.877327091722567e+00,9.351676233481699e-01,-3.074526450711263e-02,0.000000000000000e+00,1.329342302811029e+00,5.090445820149299e+00,1,2.652499973773956e-01,5.200999975204468e-01,2.652499973773956e-01,5.000000000000000e-01
6.859294939572003e-01,2.937177386533516e-01,5263,15540,8.486187507252182e-01,-4.264159281396805e-01,0.000000000000000e+00,1.877220202874167e+00,9.352347786837675e-01,-3.069258975206332e-02,0.000000000000000e+00,1.329308974607568e+00,5.090390425047315e+00,1,2.655000090599060e-01,5.200999975204468e-01,2.655000090599060e-01,5.000000000000000e-01
6.859860450136330e-01,2.926264539784429e-01,5268,15545,8.424499349766253e-01,-4.278009335128681e-01,0.000000000000000e+00,1.877113326767315e+00,9.353019260141994e-01,-3.063992127604072e-02,0.000000000000000e+00,1.329275650376953e+00,5.090335036548632e+00,1,2.657499909400940e-01,5.200999975204468e-01,2.657499909400940e-01,5.000000000000000e-01
6.860426028119657e-01,2.915350392028339e-01,5273,15550,8.362803837945859e-01,-4.291861040035302e-01,0.000000000000000e+00,1.877006437918916e+00,9.353690813497970e-01,-3.058724652099141e-02,0.000000000000000e+00,1.329242322173492e+00,5.090279641446648e+00,1,2.660000026226044e-01,5.200999975204468e-01,2.660000026226044e-01,5.000000000000000e-01
6.860991606102984e-01,2.904436244272246e-01,5278,15555,8.301108326125661e-01,-4.305712744941915e-01,0.000000000000000e+00,1.876899549070516e+00,9.354362366853946e-01,-3.053457176594213e-02,0.000000000000000e+00,1.329208993970031e+00,5.090224246344663e+00,1,2.662500143051147e-01,5.200999975204468e-01,2.662500143051147e-01,5.000000000000000e-01
6.861557116667311e-01,2.893523397523159e-01,5283,15560,8.239420168639729e-01,-4.319562798673793e-01,0.000000000000000e+00,1.876792672963664e+00,9.355033840158264e-01,-3.048190328991953e-02,0.000000000000000e+00,1.329175669739415e+00,5.090168857845981e+00,1,2.664999961853027e-01,5.200999975204468e-01,2.664999961853027e-01,5.000000000000000e-01
6.862122694650638e-01,2.882609249767066e-01,5288,15565,8.177724656819130e-01,-4.333414503580419e-01,0.000000000000000e+00,1.876685784115264e+00,9.355705393514241e-01,-3.042922853487018e-02,0.000000000000000e+00,1.329142341535954e+00,5.090113462743997e+00,1,2.667500078678131e-01,5.200999975204468e-01,2.667500078678131e-01,5.000000000000000e-01
6.862688205214964e-01,2.871696403017982e-01,5293,15570,8.116036499333212e-01,-4.347264557312294e-01,0.000000000000000e+00,1.876578908008413e+00,9.356376866818559e-01,-3.037656005884758e-02,0.000000000000000e+00,1.329109017305339e+00,5.090058074245314e+00,1,2.669999897480011e-01,5.200999975204468e-01,2.669999897480011e-01,5.000000000000000e-01
6.863253783198292e-01,2.860782255261891e-01,5298,15575,8.054340987512820e-01,-4.361116262218914e-01,0.000000000000000e+00,1.876472019160013e+00,9.357048420174536e-01,-3.032388530379828e-02,0.000000000000000e+00,1.329075689101877e+00,5.090002679143330e+00,1,2.672500014305115e-01,5.200999975204468e-01,2.672500014305115e-01,5.000000000000000e-01
6.863819361181618e-01,2.849868107505800e-01,5303,15580,7.992645475692425e-01,-4.374967967125533e-01,0.000000000000000e+00,1.876365130311613e+00,9.357719973530509e-01,-3.027121054874897e-02,0.000000000000000e+00,1.329042360898416e+00,5.089947284041345e+00,1,2.675000131130219e-01,5.200999975204468e-01,2.675000131130219e-01,5.000000000000000e-01
6.864384871745945e-01,2.838955260756713e-01,5308,15585,7.930957318206495e-01,-4.388818020857410e-01,0.000000000000000e+00,1.876258254204761e+00,9.358391446834831e-01,-3.021854207272637e-02,0.000000000000000e+00,1.329009036667801e+00,5.089891895542663e+00,1,2.677499949932098e-01,5.200999975204468e-01,2.677499949932098e-01,5.000000000000000e-01
6.864950449729272e-01,2.828041113000622e-01,5313,15590,7.869261806386102e-01,-4.402669725764028e-01,0.000000000000000e+00,1.876151365356361e+00,9.359063000190806e-01,-3.016586731767706e-02,0.000000000000000e+00,1.328975708464340e+00,5.089836500440677e+00,1,2.680000066757202e-01,5.200999975204468e-01,2.680000066757202e-01,5.000000000000000e-01
6.865515960293599e-01,2.817128266251535e-01,5318,15595,7.807573648900172e-01,-4.416519779495907e-01,0.000000000000000e+00,1.876044489249510e+00,9.359734473495125e-01,-3.011319884165446e-02,0.000000000000000e+00,1.328942384233724e+00,5.089781111941996e+00,1,2.682499885559082e-01,5.200999975204468e-01,2.682499885559082e-01,5.000000000000000e-01
6.866081538276926e-01,2.806214118495441e-01,5323,15600,7.745878137079965e-01,-4.430371484402522e-01,0.000000000000000e+00,1.875937600401110e+00,9.360406026851100e-01,-3.006052408660517e-02,0.000000000000000e+00,1.328909056030263e+00,5.089725716840011e+00,1,2.685000002384186e-01,5.200999975204468e-01,2.685000002384186e-01,5.000000000000000e-01
6.866647116260252e-01,2.795299970739353e-01,5328,15605,7.684182625259384e-01,-4.444223189309144e-01,0.000000000000000e+00,1.875830711552710e+00,9.361077580207077e-01,-3.000784933155584e-02,0.000000000000000e+00,1.328875727826802e+00,5.089670321738026e+00,1,2.687500119209290e-01,5.200999975204468e-01,2.687500119209290e-01,5.000000000000000e-01
6.867212626824580e-01,2.784387123990266e-01,5333,15610,7.622494467773455e-01,-4.458073243041022e-01,0.000000000000000e+00,1.875723835445858e+00,9.361749053511396e-01,-2.995518085553324e-02,0.000000000000000e+00,1.328842403596187e+00,5.089614933239345e+00,1,2.689999938011169e-01,5.200999975204468e-01,2.689999938011169e-01,5.000000000000000e-01
6.867778204807906e-01,2.773472976234175e-01,5338,15615,7.560798955953061e-01,-4.471924947947641e-01,0.000000000000000e+00,1.875616946597458e+00,9.362420606867372e-01,-2.990250610048392e-02,0.000000000000000e+00,1.328809075392726e+00,5.089559538137360e+00,1,2.692500054836273e-01,5.200999975204468e-01,2.692500054836273e-01,5.000000000000000e-01
6.868343715372234e-01,2.762560129485087e-01,5343,15620,7.499110798467131e-01,-4.485775001679518e-01,0.000000000000000e+00,1.875510070490606e+00,9.363092080171691e-01,-2.984983762446132e-02,0.000000000000000e+00,1.328775751162110e+00,5.089504149638676e+00,1,2.694999873638153e-01,5.200999975204468e-01,2.694999873638153e-01,5.000000000000000e-01
6.868909293355561e-01,2.751645981728996e-01,5348,15625,7.437415286646738e-01,-4.499626706586138e-01,0.000000000000000e+00,1.875403181642207e+00,9.363763633527666e-01,-2.979716286941201e-02,0.000000000000000e+00,1.328742422958649e+00,5.089448754536694e+00,1,2.697499990463257e-01,5.200999975204468e-01,2.697499990463257e-01,5.000000000000000e-01
6.869474875288664e-01,2.740731882597988e-01,5353,15631,7.375720284061542e-01,-4.513477876680654e-01,0.000000000000000e+00,1.875296292282849e+00,9.364435191368738e-01,-2.974448819881784e-02,0.000000000000000e+00,1.328709094532656e+00,5.089393359091356e+00,1,2.700000107288361e-01,5.200999975204468e-01,2.700000107288361e-01,5.000000000000000e-01
6.870132415651121e-01,2.730952000210503e-01,5358,15636,7.325897310953788e-01,-4.514866808331762e-01,0.000000000000000e+00,1.875177510855521e+00,9.365211167394684e-01,-2.969378752824716e-02,0.000000000000000e+00,1.328670585301173e+00,5.089329970487873e+00,1,2.702499926090240e-01,5.200999975204468e-01,2.702499926090240e-01,5.000000000000000e-01
6.870790034404178e-01,2.721170951885678e-01,5363,15641,7.276068398054284e-01,-4.516255905568429e-01,0.000000000000000e+00,1.875058715267317e+00,9.365987235930885e-01,-2.964308081324746e-02,0.000000000000000e+00,1.328632071478700e+00,5.089266574327334e+00,1,2.705000042915344e-01,5.200999975204468e-01,2.705000042915344e-01,5.000000000000000e-01
6.871447574766637e-01,2.711391069498201e-01,5368,15646,7.226245424946182e-01,-4.517644837219543e-01,0.000000000000000e+00,1.874939933839989e+00,9.366763211956832e-01,-2.959238014267674e-02,0.000000000000000e+00,1.328593562247216e+00,5.089203185723852e+00,1,2.707499861717224e-01,5.200999975204468e-01,2.707499861717224e-01,5.000000000000000e-01
6.872105193519695e-01,2.701610021173381e-01,5373,15651,7.176416512046507e-01,-4.519033934456211e-01,0.000000000000000e+00,1.874821138251785e+00,9.367539280493034e-01,-2.954167342767702e-02,0.000000000000000e+00,1.328555048424743e+00,5.089139789563311e+00,1,2.709999978542328e-01,5.200999975204468e-01,2.709999978542328e-01,5.000000000000000e-01
6.872762812272755e-01,2.691828972848562e-01,5378,15656,7.126587599146832e-01,-4.520423031692880e-01,0.000000000000000e+00,1.874702342663581e+00,9.368315349029235e-01,-2.949096671267730e-02,0.000000000000000e+00,1.328516534602269e+00,5.089076393402770e+00,1,2.712500095367432e-01,5.200999975204468e-01,2.712500095367432e-01,5.000000000000000e-01
6.873420352635212e-01,2.682049090461079e-01,5383,15661,7.076764626038897e-01,-4.521811963343990e-01,0.000000000000000e+00,1.874583561236253e+00,9.369091325055179e-01,-2.944026604210659e-02,0.000000000000000e+00,1.328478025370786e+00,5.089013004799289e+00,1,2.714999914169312e-01,5.200999975204468e-01,2.714999914169312e-01,5.000000000000000e-01
6.874077971388270e-01,2.672268042136259e-01,5388,15666,7.026935713139412e-01,-4.523201060580658e-01,0.000000000000000e+00,1.874464765648050e+00,9.369867393591381e-01,-2.938955932710691e-02,0.000000000000000e+00,1.328439511548313e+00,5.088949608638748e+00,1,2.717500030994415e-01,5.200999975204468e-01,2.717500030994415e-01,5.000000000000000e-01
6.874735590141329e-01,2.662486993811439e-01,5393,15671,6.977106800239736e-01,-4.524590157817326e-01,0.000000000000000e+00,1.874345970059845e+00,9.370643462127582e-01,-2.933885261210719e-02,0.000000000000000e+00,1.328400997725839e+00,5.088886212478208e+00,1,2.720000147819519e-01,5.200999975204468e-01,2.720000147819519e-01,5.000000000000000e-01
6.875393130503786e-01,2.652707111423954e-01,5398,15676,6.927283827131790e-01,-4.525979089468439e-01,0.000000000000000e+00,1.874227188632518e+00,9.371419438153530e-01,-2.928815194153648e-02,0.000000000000000e+00,1.328362488494356e+00,5.088822823874726e+00,1,2.722499966621399e-01,5.200999975204468e-01,2.722499966621399e-01,5.000000000000000e-01
6.876050749256846e-01,2.642926063099137e-01,5403,15681,6.877454914231944e-01,-4.527368186705108e-01,0.000000000000000e+00,1.874108393044314e+00,9.372195506689731e-01,-2.923744522653673e-02,0.000000000000000e+00,1.328323974671882e+00,5.088759427714185e+00,1,2.725000083446503e-01,5.200999975204468e-01,2.725000083446503e-01,5.000000000000000e-01
6.876708289619303e-01,2.633146180711655e-01,5408,15686,6.827631941124008e-01,-4.528757118356219e-01,0.000000000000000e+00,1.873989611616986e+00,9.372971482715675e-01,-2.918674455596602e-02,0.000000000000000e+00,1.328285465440400e+00,5.088696039110702e+00,1,2.727499902248383e-01,5.200999975204468e-01,2.727499902248383e-01,5.000000000000000e-01
6.877365908372362e-01,2.623365132386836e-01,5413,15691,6.777803028224335e-01,-4.530146215592887e-01,0.000000000000000e+00,1.873870816028782e+00,9.373747551251879e-01,-2.913603784096630e-02,0.000000000000000e+00,1.328246951617926e+00,5.088632642950163e+00,1,2.730000019073486e-01,5.200999975204468e-01,2.730000019073486e-01,5.000000000000000e-01
6.878023527125421e-01,2.613584084062016e-01,5418,15696,6.727974115324661e-01,-4.531535312829556e-01,0.000000000000000e+00,1.873752020440578e+00,9.374523619788080e-01,-2.908533112596658e-02,0.000000000000000e+00,1.328208437795452e+00,5.088569246789623e+00,1,2.732500135898590e-01,5.200999975204468e-01,2.732500135898590e-01,5.000000000000000e-01
6.878681067487878e-01,2.603804201674533e-01,5423,15701,6.678151142216725e-01,-4.532924244480667e-01,0.000000000000000e+00,1.873633239013250e+00,9.375299595814025e-01,-2.903463045539587e-02,0.000000000000000e+00,1.328169928563969e+00,5.088505858186140e+00,1,2.734999954700470e-01,5.200999975204468e-01,2.734999954700470e-01,5.000000000000000e-01
6.879338686240938e-01,2.594023153349714e-01,5428,15706,6.628322229317053e-01,-4.534313341717336e-01,0.000000000000000e+00,1.873514443425046e+00,9.376075664350227e-01,-2.898392374039615e-02,0.000000000000000e+00,1.328131414741496e+00,5.088442462025599e+00,1,2.737500071525574e-01,5.200999975204468e-01,2.737500071525574e-01,5.000000000000000e-01
6.879996226603394e-01,2.584243270962231e-01,5433,15711,6.578499256209117e-01,-4.535702273368447e-01,0.000000000000000e+00,1.873395661997718e+00,9.376851640376173e-01,-2.893322306982545e-02,0.000000000000000e+00,1.328092905510013e+00,5.088379073422118e+00,1,2.739999890327454e-01,5.200999975204468e-01,2.739999890327454e-01,5.000000000000000e-01
6.880653845356453e-01,2.574462222637412e-01,5438,15716,6.528670343309445e-01,-4.537091370605116e-01,0.000000000000000e+00,1.873276866409515e+00,9.377627708912377e-01,-2.888251635482573e-02,0.000000000000000e+00,1.328054391687539e+00,5.088315677261578e+00,1,2.742500007152557e-01,5.200999975204468e-01,2.742500007152557e-01,5.000000000000000e-01
6.881311464109512e-01,2.564681174312589e-01,5443,15721,6.478841430409935e-01,-4.538480467841785e-01,0.000000000000000e+00,1.873158070821311e+00,9.378403777448576e-01,-2.883180963982604e-02,0.000000000000000e+00,1.328015877865066e+00,5.088252281101038e+00,1,2.745000123977661e-01,5.200999975204468e-01,2.745000123977661e-01,5.000000000000000e-01
6.881969004471969e-01,2.554901291925107e-01,5448,15726,6.429018457302001e-01,-4.539869399492897e-01,0.000000000000000e+00,1.873039289393983e+00,9.379179753474524e-01,-2.878110896925533e-02,0.000000000000000e+00,1.327977368633583e+00,5.088188892497556e+00,1,2.747499942779541e-01,5.200999975204468e-01,2.747499942779541e-01,5.000000000000000e-01
6.882626623225029e-01,2.545120243600290e-01,5453,15731,6.379189544402164e-01,-4.541258496729564e-01,0.000000000000000e+00,1.872920493805779e+00,9.379955822010726e-01,-2.873040225425558e-02,0.000000000000000e+00,1.327938854811109e+00,5.088125496337014e+00,1,2.750000059604645e-01,5.200999975204468e-01,2.750000059604645e-01,5.000000000000000e-01
6.883284163587485e-01,2.535340361212808e-01,5458,15736,6.329366571294228e-01,-4.542647428380676e-01,0.000000000000000e+00,1.872801712378451e+00,9.380731798036670e-01,-2.867970158368488e-02,0.000000000000000e+00,1.327900345579626e+00,5.088062107733533e+00,1,2.752499878406525e-01,5.200999975204468e-01,2.752499878406525e-01,5.000000000000000e-01
6.883941782340546e-01,2.525559312887988e-01,5463,15741,6.279537658394554e-01,-4.544036525617344e-01,0.000000000000000e+00,1.872682916790247e+00,9.381507866572871e-01,-2.862899486868516e-02,0.000000000000000e+00,1.327861831757152e+00,5.087998711572992e+00,1,2.754999995231628e-01,5.200999975204468e-01,2.754999995231628e-01,5.000000000000000e-01
6.884599401093603e-01,2.515778264563168e-01,5468,15746,6.229708745494880e-01,-4.545425622854012e-01,0.000000000000000e+00,1.872564121202043e+00,9.382283935109073e-01,-2.857828815368543e-02,0.000000000000000e+00,1.327823317934679e+00,5.087935315412452e+00,1,2.757500112056732e-01,5.200999975204468e-01,2.757500112056732e-01,5.000000000000000e-01
6.885256941456062e-01,2.505998382175686e-01,5473,15751,6.179885772386946e-01,-4.546814554505124e-01,0.000000000000000e+00,1.872445339774715e+00,9.383059911135019e-01,-2.852758748311473e-02,0.000000000000000e+00,1.327784808703196e+00,5.087871926808969e+00,1,2.759999930858612e-01,5.200999975204468e-01,2.759999930858612e-01,5.000000000000000e-01
6.885914560209120e-01,2.496217333850866e-01,5478,15756,6.130056859487272e-01,-4.548203651741792e-01,0.000000000000000e+00,1.872326544186511e+00,9.383835979671221e-01,-2.847688076811501e-02,0.000000000000000e+00,1.327746294880722e+00,5.087808530648429e+00,1,2.762500047683716e-01,5.200999975204468e-01,2.762500047683716e-01,5.000000000000000e-01
6.886572100571577e-01,2.486437451463384e-01,5483,15761,6.080233886379338e-01,-4.549592583392904e-01,0.000000000000000e+00,1.872207762759183e+00,9.384611955697169e-01,-2.842618009754430e-02,0.000000000000000e+00,1.327707785649240e+00,5.087745142044946e+00,1,2.764999866485596e-01,5.200999975204468e-01,2.764999866485596e-01,5.000000000000000e-01
6.887229719324637e-01,2.476656403138564e-01,5488,15766,6.030404973479664e-01,-4.550981680629572e-01,0.000000000000000e+00,1.872088967170980e+00,9.385388024233368e-01,-2.837547338254458e-02,0.000000000000000e+00,1.327669271826766e+00,5.087681745884407e+00,1,2.767499983310699e-01,5.200999975204468e-01,2.767499983310699e-01,5.000000000000000e-01
6.887887338077694e-01,2.466875354813745e-01,5493,15771,5.980576060579990e-01,-4.552370777866241e-01,0.000000000000000e+00,1.871970171582775e+00,9.386164092769569e-01,-2.832476666754486e-02,0.000000000000000e+00,1.327630758004292e+00,5.087618349723865e+00,1,2.770000100135803e-01,5.200999975204468e-01,2.770000100135803e-01,5.000000000000000e-01
6.888544878440153e-01,2.457095472426262e-01,5498,15776,5.930753087472056e-01,-4.553759709517352e-01,0.000000000000000e+00,1.871851390155447e+00,9.386940068795515e-01,-2.827406599697416e-02,0.000000000000000e+00,1.327592248772809e+00,5.087554961120384e+00,1,2.772499918937683e-01,5.200999975204468e-01,2.772499918937683e-01,5.000000000000000e-01
6.889202497193212e-01,2.447314424101441e-01,5503,15781,5.880924174572371e-01,-4.555148806754021e-01,0.000000000000000e+00,1.871732594567244e+00,9.387716137331719e-01,-2.822335928197442e-02,0.000000000000000e+00,1.327553734950336e+00,5.087491564959843e+00,1,2.775000035762787e-01,5.200999975204468e-01,2.775000035762787e-01,5.000000000000000e-01
6.889860037555670e-01,2.437534541713960e-01,5508,15786,5.831101201464448e-01,-4.556537738405133e-01,0.000000000000000e+00,1.871613813139916e+00,9.388492113357663e-01,-2.817265861140373e-02,0.000000000000000e+00,1.327515225718853e+00,5.087428176356362e+00,1,2.777499854564667e-01,5.200999975204468e-01,2.777499854564667e-01,5.000000000000000e-01
6.890517656308728e-01,2.427753493389141e-01,5513,15791,5.781272288564774e-01,-4.557926835641801e-01,0.000000000000000e+00,1.871495017551712e+00,9.389268181893866e-01,-2.812195189640401e-02,0.000000000000000e+00,1.327476711896379e+00,5.087364780195821e+00,1,2.779999971389771e-01,5.200999975204468e-01,2.779999971389771e-01,5.000000000000000e-01
6.891175275061786e-01,2.417972445064320e-01,5518,15796,5.731443375665100e-01,-4.559315932878469e-01,0.000000000000000e+00,1.871376221963508e+00,9.390044250430066e-01,-2.807124518140429e-02,0.000000000000000e+00,1.327438198073905e+00,5.087301384035280e+00,1,2.782500088214874e-01,5.200999975204468e-01,2.782500088214874e-01,5.000000000000000e-01
6.891832815424244e-01,2.408192562676839e-01,5523,15801,5.681620402557166e-01,-4.560704864529581e-01,0.000000000000000e+00,1.871257440536180e+00,9.390820226456014e-01,-2.802054451083359e-02,0.000000000000000e+00,1.327399688842423e+00,5.087237995431799e+00,1,2.784999907016754e-01,5.200999975204468e-01,2.784999907016754e-01,5.000000000000000e-01
6.892490434177303e-01,2.398411514352019e-01,5528,15806,5.631791489657492e-01,-4.562093961766249e-01,0.000000000000000e+00,1.871138644947976e+00,9.391596294992215e-01,-2.796983779583386e-02,0.000000000000000e+00,1.327361175019949e+00,5.087174599271258e+00,1,2.787500023841858e-01,5.200999975204468e-01,2.787500023841858e-01,5.000000000000000e-01
6.893148052930362e-01,2.388630466027199e-01,5533,15811,5.581962576757818e-01,-4.563483059002918e-01,0.000000000000000e+00,1.871019849359773e+00,9.392372363528416e-01,-2.791913108083414e-02,0.000000000000000e+00,1.327322661197476e+00,5.087111203110718e+00,1,2.790000140666962e-01,5.200999975204468e-01,2.790000140666962e-01,5.000000000000000e-01
6.893805593292819e-01,2.378850583639713e-01,5538,15816,5.532139603650030e-01,-4.564871990654032e-01,0.000000000000000e+00,1.870901067932444e+00,9.393148339554362e-01,-2.786843041026347e-02,0.000000000000000e+00,1.327284151965993e+00,5.087047814507235e+00,1,2.792499959468842e-01,5.200999975204468e-01,2.792499959468842e-01,5.000000000000000e-01
6.894463212045878e-01,2.369069535314895e-01,5543,15821,5.482310690750198e-01,-4.566261087890698e-01,0.000000000000000e+00,1.870782272344241e+00,9.393924408090564e-01,-2.781772369526371e-02,0.000000000000000e+00,1.327245638143519e+00,5.086984418346695e+00,1,2.795000076293945e-01,5.200999975204468e-01,2.795000076293945e-01,5.000000000000000e-01
6.895120752408336e-01,2.359289652927419e-01,5548,15826,5.432487717642128e-01,-4.567650019541806e-01,0.000000000000000e+00,1.870663490916912e+00,9.394700384116510e-01,-2.776702302469298e-02,0.000000000000000e+00,1.327207128912036e+00,5.086921029743213e+00,1,2.797499895095825e-01,5.200999975204468e-01,2.797499895095825e-01,5.000000000000000e-01
6.895778371161394e-01,2.349508604602595e-01,5553,15832,5.382658804742601e-01,-4.569039116778478e-01,0.000000000000000e+00,1.870544695328709e+00,9.395476452652711e-01,-2.771631630969329e-02,0.000000000000000e+00,1.327168615089562e+00,5.086857633582672e+00,1,2.800000011920929e-01,5.200999975204468e-01,2.800000011920929e-01,5.000000000000000e-01
6.896486576829077e-01,2.340291096464914e-01,5558,15837,5.346570864931681e-01,-4.557260614770581e-01,0.000000000000000e+00,1.870435028329362e+00,9.396314259738312e-01,-2.766294318952548e-02,0.000000000000000e+00,1.327128511097591e+00,5.086794785532433e+00,1,2.802500128746033e-01,5.200999975204468e-01,2.802500128746033e-01,5.000000000000000e-01
6.897194697834835e-01,2.331074684401762e-01,5563,15842,5.310487161426958e-01,-4.545483579581227e-01,0.000000000000000e+00,1.870325374359208e+00,9.397151966659850e-01,-2.760957644434442e-02,0.000000000000000e+00,1.327088411893747e+00,5.086731944971302e+00,1,2.804999947547913e-01,5.200999975204468e-01,2.804999947547913e-01,5.000000000000000e-01
6.897902903261313e-01,2.321857173577045e-01,5568,15847,5.274399156097487e-01,-4.533705140358102e-01,0.000000000000000e+00,1.870215707316335e+00,9.397989773451072e-01,-2.755620333689038e-02,0.000000000000000e+00,1.327048307909358e+00,5.086669096918449e+00,1,2.807500064373016e-01,5.200999975204468e-01,2.807500064373016e-01,5.000000000000000e-01
6.898611024267072e-01,2.312640761513907e-01,5573,15852,5.238315452592338e-01,-4.521928105168740e-01,0.000000000000000e+00,1.870106053346181e+00,9.398827480372610e-01,-2.750283659170925e-02,0.000000000000000e+00,1.327008208705514e+00,5.086606256357318e+00,1,2.809999883174896e-01,5.200999975204468e-01,2.809999883174896e-01,5.000000000000000e-01
6.899319229693552e-01,2.303423250689195e-01,5578,15857,5.202227447262732e-01,-4.510149665945614e-01,0.000000000000000e+00,1.869996386303307e+00,9.399665287163833e-01,-2.744946348425520e-02,0.000000000000000e+00,1.326968104721125e+00,5.086543408304466e+00,1,2.812500000000000e-01,5.200999975204468e-01,2.812500000000000e-01,5.000000000000000e-01
6.900027435120029e-01,2.294205739864476e-01,5583,15862,5.166139441933411e-01,-4.498371226722495e-01,0.000000000000000e+00,1.869886719260434e+00,9.400503093955058e-01,-2.739609037680120e-02,0.000000000000000e+00,1.326928000736736e+00,5.086480560251613e+00,1,2.815000116825104e-01,5.200999975204468e-01,2.815000116825104e-01,5.000000000000000e-01
6.900735556125788e-01,2.284989327801332e-01,5588,15867,5.130055738428398e-01,-4.486594191533135e-01,0.000000000000000e+00,1.869777065290280e+00,9.401340800876596e-01,-2.734272363162009e-02,0.000000000000000e+00,1.326887901532892e+00,5.086417719690483e+00,1,2.817499935626984e-01,5.200999975204468e-01,2.817499935626984e-01,5.000000000000000e-01
6.901443761552266e-01,2.275771816976617e-01,5593,15872,5.093967733098934e-01,-4.474815752310013e-01,0.000000000000000e+00,1.869667398247408e+00,9.402178607667819e-01,-2.728935052416606e-02,0.000000000000000e+00,1.326847797548503e+00,5.086354871637631e+00,1,2.820000052452087e-01,5.200999975204468e-01,2.820000052452087e-01,5.000000000000000e-01
6.902151882558025e-01,2.266555404913473e-01,5598,15877,5.057884029593921e-01,-4.463038717120651e-01,0.000000000000000e+00,1.869557744277253e+00,9.403016314589355e-01,-2.723598377898494e-02,0.000000000000000e+00,1.326807698344659e+00,5.086292031076498e+00,1,2.822499871253967e-01,5.200999975204468e-01,2.822499871253967e-01,5.000000000000000e-01
6.902860087984501e-01,2.257337894088757e-01,5603,15882,5.021796024264458e-01,-4.451260277897530e-01,0.000000000000000e+00,1.869448077234380e+00,9.403854121380580e-01,-2.718261067153092e-02,0.000000000000000e+00,1.326767594360270e+00,5.086229183023646e+00,1,2.824999988079071e-01,5.200999975204468e-01,2.824999988079071e-01,5.000000000000000e-01
6.903568293410981e-01,2.248120383264041e-01,5608,15887,4.985708018934993e-01,-4.439481838674407e-01,0.000000000000000e+00,1.869338410191506e+00,9.404691928171803e-01,-2.712923756407689e-02,0.000000000000000e+00,1.326727490375881e+00,5.086166334970793e+00,1,2.827500104904175e-01,5.200999975204468e-01,2.827500104904175e-01,5.000000000000000e-01
6.904276414416739e-01,2.238903971200897e-01,5613,15892,4.949624315429982e-01,-4.427704803485046e-01,0.000000000000000e+00,1.869228756221353e+00,9.405529635093342e-01,-2.707587081889578e-02,0.000000000000000e+00,1.326687391172036e+00,5.086103494409662e+00,1,2.829999923706055e-01,5.200999975204468e-01,2.829999923706055e-01,5.000000000000000e-01
6.904984619843217e-01,2.229686460376182e-01,5618,15897,4.913536310100518e-01,-4.415926364261924e-01,0.000000000000000e+00,1.869119089178480e+00,9.406367441884564e-01,-2.702249771144175e-02,0.000000000000000e+00,1.326647287187648e+00,5.086040646356810e+00,1,2.832500040531158e-01,5.200999975204468e-01,2.832500040531158e-01,5.000000000000000e-01
6.905692740848975e-01,2.220470048313039e-01,5623,15902,4.877452606595505e-01,-4.404149329072563e-01,0.000000000000000e+00,1.869009435208326e+00,9.407205148806103e-01,-2.696913096626063e-02,0.000000000000000e+00,1.326607187983804e+00,5.085977805795679e+00,1,2.834999859333038e-01,5.200999975204468e-01,2.834999859333038e-01,5.000000000000000e-01
6.906400946275455e-01,2.211252537488323e-01,5628,15907,4.841364601266041e-01,-4.392370889849441e-01,0.000000000000000e+00,1.868899768165453e+00,9.408042955597328e-01,-2.691575785880661e-02,0.000000000000000e+00,1.326567083999415e+00,5.085914957742825e+00,1,2.837499976158142e-01,5.200999975204468e-01,2.837499976158142e-01,5.000000000000000e-01
6.907109151701932e-01,2.202035026663607e-01,5633,15912,4.805276595936576e-01,-4.380592450626318e-01,0.000000000000000e+00,1.868790101122580e+00,9.408880762388548e-01,-2.686238475135259e-02,0.000000000000000e+00,1.326526980015026e+00,5.085852109689972e+00,1,2.840000092983246e-01,5.200999975204468e-01,2.840000092983246e-01,5.000000000000000e-01
6.907817272707691e-01,2.192818614600464e-01,5638,15917,4.769192892431565e-01,-4.368815415436957e-01,0.000000000000000e+00,1.868680447152426e+00,9.409718469310087e-01,-2.680901800617147e-02,0.000000000000000e+00,1.326486880811182e+00,5.085789269128843e+00,1,2.842499911785126e-01,5.200999975204468e-01,2.842499911785126e-01,5.000000000000000e-01
6.908525478134170e-01,2.183601103775744e-01,5643,15922,4.733104887102234e-01,-4.357036976213841e-01,0.000000000000000e+00,1.868570780109553e+00,9.410556276101311e-01,-2.675564489871747e-02,0.000000000000000e+00,1.326446776826793e+00,5.085726421075989e+00,1,2.845000028610229e-01,5.200999975204468e-01,2.845000028610229e-01,5.000000000000000e-01
6.909233683560647e-01,2.174383592951033e-01,5648,15927,4.697016881772635e-01,-4.345258536990714e-01,0.000000000000000e+00,1.868461113066679e+00,9.411394082892535e-01,-2.670227179126341e-02,0.000000000000000e+00,1.326406672842404e+00,5.085663573023137e+00,1,2.847500145435333e-01,5.200999975204468e-01,2.847500145435333e-01,5.000000000000000e-01
6.909941804566407e-01,2.165167180887888e-01,5653,15932,4.660933178267624e-01,-4.333481501801353e-01,0.000000000000000e+00,1.868351459096525e+00,9.412231789814071e-01,-2.664890504608230e-02,0.000000000000000e+00,1.326366573638560e+00,5.085600732462005e+00,1,2.849999964237213e-01,5.200999975204468e-01,2.849999964237213e-01,5.000000000000000e-01
6.910650009992884e-01,2.155949670063173e-01,5658,15937,4.624845172938160e-01,-4.321703062578230e-01,0.000000000000000e+00,1.868241792053652e+00,9.413069596605296e-01,-2.659553193862827e-02,0.000000000000000e+00,1.326326469654171e+00,5.085537884409153e+00,1,2.852500081062317e-01,5.200999975204468e-01,2.852500081062317e-01,5.000000000000000e-01
6.911358130998644e-01,2.146733258000029e-01,5663,15942,4.588761469433147e-01,-4.309926027388870e-01,0.000000000000000e+00,1.868132138083498e+00,9.413907303526833e-01,-2.654216519344716e-02,0.000000000000000e+00,1.326286370450326e+00,5.085475043848022e+00,1,2.854999899864197e-01,5.200999975204468e-01,2.854999899864197e-01,5.000000000000000e-01
6.912066336425120e-01,2.137515747175314e-01,5668,15947,4.552673464103684e-01,-4.298147588165747e-01,0.000000000000000e+00,1.868022471040625e+00,9.414745110318057e-01,-2.648879208599313e-02,0.000000000000000e+00,1.326246266465938e+00,5.085412195795168e+00,1,2.857500016689301e-01,5.200999975204468e-01,2.857500016689301e-01,5.000000000000000e-01
6.912774541851600e-01,2.128298236350598e-01,5673,15952,4.516585458774219e-01,-4.286369148942625e-01,0.000000000000000e+00,1.867912803997752e+00,9.415582917109280e-01,-2.643541897853911e-02,0.000000000000000e+00,1.326206162481549e+00,5.085349347742316e+00,1,2.860000133514404e-01,5.200999975204468e-01,2.860000133514404e-01,5.000000000000000e-01
6.913482662857358e-01,2.119081824287454e-01,5678,15957,4.480501755269207e-01,-4.274592113753264e-01,0.000000000000000e+00,1.867803150027597e+00,9.416420624030817e-01,-2.638205223335799e-02,0.000000000000000e+00,1.326166063277705e+00,5.085286507181185e+00,1,2.862499952316284e-01,5.200999975204468e-01,2.862499952316284e-01,5.000000000000000e-01
6.914190868283836e-01,2.109864313462739e-01,5683,15962,4.444413749939742e-01,-4.262813674530141e-01,0.000000000000000e+00,1.867693482984725e+00,9.417258430822042e-01,-2.632867912590397e-02,0.000000000000000e+00,1.326125959293316e+00,5.085223659128333e+00,1,2.865000069141388e-01,5.200999975204468e-01,2.865000069141388e-01,5.000000000000000e-01
6.914898989289594e-01,2.100647901399595e-01,5688,15967,4.408330046434731e-01,-4.251036639340781e-01,0.000000000000000e+00,1.867583829014571e+00,9.418096137743579e-01,-2.627531238072284e-02,0.000000000000000e+00,1.326085860089471e+00,5.085160818567202e+00,1,2.867499887943268e-01,5.200999975204468e-01,2.867499887943268e-01,5.000000000000000e-01
6.915607194716072e-01,2.091430390574880e-01,5693,15972,4.372242041105266e-01,-4.239258200117658e-01,0.000000000000000e+00,1.867474161971697e+00,9.418933944534802e-01,-2.622193927326882e-02,0.000000000000000e+00,1.326045756105083e+00,5.085097970514348e+00,1,2.870000004768372e-01,5.200999975204468e-01,2.870000004768372e-01,5.000000000000000e-01
6.916315400142552e-01,2.082212879750169e-01,5698,15977,4.336154035775677e-01,-4.227479760894531e-01,0.000000000000000e+00,1.867364494928824e+00,9.419771751326026e-01,-2.616856616581477e-02,0.000000000000000e+00,1.326005652120694e+00,5.085035122461496e+00,1,2.872500121593475e-01,5.200999975204468e-01,2.872500121593475e-01,5.000000000000000e-01
6.917023521148309e-01,2.072996467687020e-01,5703,15982,4.300070332270790e-01,-4.215702725705176e-01,0.000000000000000e+00,1.867254840958670e+00,9.420609458247564e-01,-2.611519942063368e-02,0.000000000000000e+00,1.325965552916849e+00,5.084972281900365e+00,1,2.874999940395355e-01,5.200999975204468e-01,2.874999940395355e-01,5.000000000000000e-01
6.917731726574787e-01,2.063778956862305e-01,5708,15987,4.263982326941326e-01,-4.203924286482054e-01,0.000000000000000e+00,1.867145173915797e+00,9.421447265038787e-01,-2.606182631317966e-02,0.000000000000000e+00,1.325925448932461e+00,5.084909433847513e+00,1,2.877500057220459e-01,5.200999975204468e-01,2.877500057220459e-01,5.000000000000000e-01
6.918439847580546e-01,2.054562544799161e-01,5713,15992,4.227898623436314e-01,-4.192147251292692e-01,0.000000000000000e+00,1.867035519945643e+00,9.422284971960326e-01,-2.600845956799854e-02,0.000000000000000e+00,1.325885349728616e+00,5.084846593286382e+00,1,2.879999876022339e-01,5.200999975204468e-01,2.879999876022339e-01,5.000000000000000e-01
6.919148053007025e-01,2.045345033974446e-01,5718,15997,4.191810618106850e-01,-4.180368812069570e-01,0.000000000000000e+00,1.866925852902770e+00,9.423122778751549e-01,-2.595508646054451e-02,0.000000000000000e+00,1.325845245744228e+00,5.084783745233529e+00,1,2.882499992847443e-01,5.200999975204468e-01,2.882499992847443e-01,5.000000000000000e-01
6.919856258433503e-01,2.036127523149730e-01,5723,16002,4.155722612777386e-01,-4.168590372846448e-01,0.000000000000000e+00,1.866816185859897e+00,9.423960585542772e-01,-2.590171335309049e-02,0.000000000000000e+00,1.325805141759839e+00,5.084720897180677e+00,1,2.885000109672546e-01,5.200999975204468e-01,2.885000109672546e-01,5.000000000000000e-01
6.920564379439261e-01,2.026911111086586e-01,5728,16007,4.119638909272373e-01,-4.156813337657087e-01,0.000000000000000e+00,1.866706531889743e+00,9.424798292464309e-01,-2.584834660790937e-02,0.000000000000000e+00,1.325765042555994e+00,5.084658056619546e+00,1,2.887499928474426e-01,5.200999975204468e-01,2.887499928474426e-01,5.000000000000000e-01
6.921272584865740e-01,2.017693600261871e-01,5733,16012,4.083550903942910e-01,-4.145034898433965e-01,0.000000000000000e+00,1.866596864846870e+00,9.425636099255534e-01,-2.579497350045535e-02,0.000000000000000e+00,1.325724938571606e+00,5.084595208566693e+00,1,2.890000045299530e-01,5.200999975204468e-01,2.890000045299530e-01,5.000000000000000e-01
6.921980705871498e-01,2.008477188198727e-01,5738,16017,4.047467200437898e-01,-4.133257863244604e-01,0.000000000000000e+00,1.866487210876716e+00,9.426473806177071e-01,-2.574160675527423e-02,0.000000000000000e+00,1.325684839367761e+00,5.084532368005563e+00,1,2.892499864101410e-01,5.200999975204468e-01,2.892499864101410e-01,5.000000000000000e-01
6.922688911297976e-01,1.999259677374011e-01,5743,16022,4.011379195108433e-01,-4.121479424021482e-01,0.000000000000000e+00,1.866377543833843e+00,9.427311612968295e-01,-2.568823364782021e-02,0.000000000000000e+00,1.325644735383373e+00,5.084469519952710e+00,1,2.894999980926514e-01,5.200999975204468e-01,2.894999980926514e-01,5.000000000000000e-01
6.923397116724455e-01,1.990042166549293e-01,5748,16027,3.975291189778961e-01,-4.109700984798357e-01,0.000000000000000e+00,1.866267876790969e+00,9.428149419759517e-01,-2.563486054036616e-02,0.000000000000000e+00,1.325604631398984e+00,5.084406671899856e+00,1,2.897500097751617e-01,5.200999975204468e-01,2.897500097751617e-01,5.000000000000000e-01
6.924105237730213e-01,1.980825754486152e-01,5753,16033,3.939207486273957e-01,-4.097923949608999e-01,0.000000000000000e+00,1.866158222820816e+00,9.428987126681054e-01,-2.558149379518506e-02,0.000000000000000e+00,1.325564532195139e+00,5.084343831338725e+00,1,2.899999916553497e-01,5.200999975204468e-01,2.899999916553497e-01,5.000000000000000e-01
6.924882103130562e-01,1.974328983347970e-01,5758,16038,3.914518627746464e-01,-4.089634685547085e-01,0.000000000000000e+00,1.866062983629483e+00,9.429909609832098e-01,-2.552713621399055e-02,0.000000000000000e+00,1.325522538240333e+00,5.084282689165794e+00,1,2.902500033378601e-01,5.200999975204468e-01,2.902500033378601e-01,5.000000000000000e-01
6.925658878217136e-01,1.967833077451521e-01,5763,16043,3.889833092659740e-01,-4.081346526044615e-01,0.000000000000000e+00,1.865967756272534e+00,9.430831985845723e-01,-2.547278507956583e-02,0.000000000000000e+00,1.325480549228286e+00,5.084221554338168e+00,1,2.904999852180481e-01,5.200999975204468e-01,2.904999852180481e-01,5.000000000000000e-01
6.926435745909224e-01,1.961336397126600e-01,5768,16048,3.865144614614970e-01,-4.073057378444943e-01,0.000000000000000e+00,1.865872517562776e+00,9.431754471823104e-01,-2.541842746551142e-02,0.000000000000000e+00,1.325438555210397e+00,5.084160412222174e+00,1,2.907499969005585e-01,5.200999975204468e-01,2.907499969005585e-01,5.000000000000000e-01
6.927212613601315e-01,1.954839716801695e-01,5773,16053,3.840456136569850e-01,-4.064768230845253e-01,0.000000000000000e+00,1.865777278853018e+00,9.432676957800488e-01,-2.536406985145695e-02,0.000000000000000e+00,1.325396561192506e+00,5.084099270106181e+00,1,2.910000085830688e-01,5.200999975204468e-01,2.910000085830688e-01,5.000000000000000e-01
6.927989388687888e-01,1.948343810905245e-01,5778,16058,3.815770601483128e-01,-4.056480071342782e-01,0.000000000000000e+00,1.865682051496069e+00,9.433599333814111e-01,-2.530971871703223e-02,0.000000000000000e+00,1.325354572180460e+00,5.084038135278554e+00,1,2.912499904632568e-01,5.200999975204468e-01,2.912499904632568e-01,5.000000000000000e-01
6.928766256379979e-01,1.941847130580333e-01,5783,16063,3.791082123438251e-01,-4.048190923743109e-01,0.000000000000000e+00,1.865586812786312e+00,9.434521819791495e-01,-2.525536110297783e-02,0.000000000000000e+00,1.325312578162570e+00,5.083976993162563e+00,1,2.915000021457672e-01,5.200999975204468e-01,2.915000021457672e-01,5.000000000000000e-01
6.929543124072070e-01,1.935350450255416e-01,5788,16068,3.766393645393357e-01,-4.039901776143430e-01,0.000000000000000e+00,1.865491574076554e+00,9.435444305768877e-01,-2.520100348892339e-02,0.000000000000000e+00,1.325270584144680e+00,5.083915851046568e+00,1,2.917500138282776e-01,5.200999975204468e-01,2.917500138282776e-01,5.000000000000000e-01
6.930319899158643e-01,1.928854544358963e-01,5793,16073,3.741708110306757e-01,-4.031613616640968e-01,0.000000000000000e+00,1.865396346719605e+00,9.436366681782503e-01,-2.514665235449870e-02,0.000000000000000e+00,1.325228595132633e+00,5.083854716218942e+00,1,2.919999957084656e-01,5.200999975204468e-01,2.919999957084656e-01,5.000000000000000e-01
6.931096766850734e-01,1.922357864034054e-01,5798,16078,3.717019632261758e-01,-4.023324469041285e-01,0.000000000000000e+00,1.865301108009847e+00,9.437289167759884e-01,-2.509229474044427e-02,0.000000000000000e+00,1.325186601114743e+00,5.083793574102948e+00,1,2.922500073909760e-01,5.200999975204468e-01,2.922500073909760e-01,5.000000000000000e-01
6.931873541937308e-01,1.915861958137605e-01,5803,16083,3.692334097175038e-01,-4.015036309538815e-01,0.000000000000000e+00,1.865205880652898e+00,9.438211543773508e-01,-2.503794360601954e-02,0.000000000000000e+00,1.325144612102696e+00,5.083732439275324e+00,1,2.924999892711639e-01,5.200999975204468e-01,2.924999892711639e-01,5.000000000000000e-01
6.932650409629398e-01,1.909365277812694e-01,5808,16088,3.667645619130034e-01,-4.006747161939130e-01,0.000000000000000e+00,1.865110641943140e+00,9.439134029750891e-01,-2.498358599196510e-02,0.000000000000000e+00,1.325102618084806e+00,5.083671297159330e+00,1,2.927500009536743e-01,5.200999975204468e-01,2.927500009536743e-01,5.000000000000000e-01
6.933427277321489e-01,1.902868597487783e-01,5813,16093,3.642957141085031e-01,-3.998458014339445e-01,0.000000000000000e+00,1.865015403233383e+00,9.440056515728273e-01,-2.492922837791065e-02,0.000000000000000e+00,1.325060624066916e+00,5.083610155043337e+00,1,2.930000126361847e-01,5.200999975204468e-01,2.930000126361847e-01,5.000000000000000e-01
6.934204052408062e-01,1.896372691591331e-01,5818,16098,3.618271605998431e-01,-3.990169854836984e-01,0.000000000000000e+00,1.864920175876433e+00,9.440978891741897e-01,-2.487487724348596e-02,0.000000000000000e+00,1.325018635054870e+00,5.083549020215711e+00,1,2.932499945163727e-01,5.200999975204468e-01,2.932499945163727e-01,5.000000000000000e-01
6.934980920100153e-01,1.889876011266425e-01,5823,16103,3.593583127953315e-01,-3.981880707237292e-01,0.000000000000000e+00,1.864824937166675e+00,9.441901377719283e-01,-2.482051962943149e-02,0.000000000000000e+00,1.324976641036979e+00,5.083487878099717e+00,1,2.935000061988831e-01,5.200999975204468e-01,2.935000061988831e-01,5.000000000000000e-01
6.935757695186726e-01,1.883380105369963e-01,5828,16108,3.568897592866943e-01,-3.973592547734848e-01,0.000000000000000e+00,1.864729709809727e+00,9.442823753732904e-01,-2.476616849500686e-02,0.000000000000000e+00,1.324934652024933e+00,5.083426743272092e+00,1,2.937499880790710e-01,5.200999975204468e-01,2.937499880790710e-01,5.000000000000000e-01
6.936534562878818e-01,1.876883425045057e-01,5833,16113,3.544209114821822e-01,-3.965303400135154e-01,0.000000000000000e+00,1.864634471099969e+00,9.443746239710288e-01,-2.471181088095238e-02,0.000000000000000e+00,1.324892658007043e+00,5.083365601156099e+00,1,2.939999997615814e-01,5.200999975204468e-01,2.939999997615814e-01,5.000000000000000e-01
6.937311430570906e-01,1.870386744720146e-01,5838,16118,3.519520636776819e-01,-3.957014252535470e-01,0.000000000000000e+00,1.864539232390211e+00,9.444668725687670e-01,-2.465745326689793e-02,0.000000000000000e+00,1.324850663989153e+00,5.083304459040106e+00,1,2.942500114440918e-01,5.200999975204468e-01,2.942500114440918e-01,5.000000000000000e-01
6.938088205657481e-01,1.863890838823693e-01,5843,16123,3.494835101690220e-01,-3.948726093033008e-01,0.000000000000000e+00,1.864444005033262e+00,9.445591101701294e-01,-2.460310213247324e-02,0.000000000000000e+00,1.324808674977106e+00,5.083243324212479e+00,1,2.944999933242798e-01,5.200999975204468e-01,2.944999933242798e-01,5.000000000000000e-01
6.938865073349572e-01,1.857394158498788e-01,5848,16128,3.470146623645106e-01,-3.940436945433315e-01,0.000000000000000e+00,1.864348766323504e+00,9.446513587678678e-01,-2.454874451841877e-02,0.000000000000000e+00,1.324766680959216e+00,5.083182182096486e+00,1,2.947500050067902e-01,5.200999975204468e-01,2.947500050067902e-01,5.000000000000000e-01
6.939641848436143e-01,1.850898252602329e-01,5853,16133,3.445461088558615e-01,-3.932148785930862e-01,0.000000000000000e+00,1.864253538966555e+00,9.447435963692301e-01,-2.449439338399410e-02,0.000000000000000e+00,1.324724691947170e+00,5.083121047268861e+00,1,2.949999868869781e-01,5.200999975204468e-01,2.949999868869781e-01,5.000000000000000e-01
6.940418716128236e-01,1.844401572277419e-01,5858,16138,3.420772610513612e-01,-3.923859638331177e-01,0.000000000000000e+00,1.864158300256797e+00,9.448358449669685e-01,-2.444003576993966e-02,0.000000000000000e+00,1.324682697929279e+00,5.083059905152867e+00,1,2.952499985694885e-01,5.200999975204468e-01,2.952499985694885e-01,5.000000000000000e-01
6.941195583820328e-01,1.837904891952509e-01,5863,16143,3.396084132468608e-01,-3.915570490731494e-01,0.000000000000000e+00,1.864063061547040e+00,9.449280935647069e-01,-2.438567815588521e-02,0.000000000000000e+00,1.324640703911390e+00,5.082998763036874e+00,1,2.955000102519989e-01,5.200999975204468e-01,2.955000102519989e-01,5.000000000000000e-01
6.941972358906898e-01,1.831408986056055e-01,5868,16148,3.371398597382007e-01,-3.907282331229032e-01,0.000000000000000e+00,1.863967834190090e+00,9.450203311660692e-01,-2.433132702146052e-02,0.000000000000000e+00,1.324598714899343e+00,5.082937628209248e+00,1,2.957499921321869e-01,5.200999975204468e-01,2.957499921321869e-01,5.000000000000000e-01
6.942749226598990e-01,1.824912305731145e-01,5873,16153,3.346710119337004e-01,-3.898993183629347e-01,0.000000000000000e+00,1.863872595480333e+00,9.451125797638074e-01,-2.427696940740608e-02,0.000000000000000e+00,1.324556720881453e+00,5.082876486093255e+00,1,2.960000038146973e-01,5.200999975204468e-01,2.960000038146973e-01,5.000000000000000e-01
6.943526001685564e-01,1.818416399834692e-01,5878,16158,3.322024584250404e-01,-3.890705024126886e-01,0.000000000000000e+00,1.863777368123384e+00,9.452048173651698e-01,-2.422261827298139e-02,0.000000000000000e+00,1.324514731869406e+00,5.082815351265629e+00,1,2.962499856948853e-01,5.200999975204468e-01,2.962499856948853e-01,5.000000000000000e-01
6.944302869377654e-01,1.811919719509781e-01,5883,16163,3.297336106205400e-01,-3.882415876527202e-01,0.000000000000000e+00,1.863682129413626e+00,9.452970659629082e-01,-2.416826065892694e-02,0.000000000000000e+00,1.324472737851516e+00,5.082754209149636e+00,1,2.964999973773956e-01,5.200999975204468e-01,2.964999973773956e-01,5.000000000000000e-01
6.945079737069746e-01,1.805423039184871e-01,5888,16168,3.272647628160396e-01,-3.874126728927517e-01,0.000000000000000e+00,1.863586890703869e+00,9.453893145606465e-01,-2.411390304487249e-02,0.000000000000000e+00,1.324430743833626e+00,5.082693067033643e+00,1,2.967500090599060e-01,5.200999975204468e-01,2.967500090599060e-01,5.000000000000000e-01
6.945856512156318e-01,1.798927133288418e-01,5893,16173,3.247962093073796e-01,-3.865838569425055e-01,0.000000000000000e+00,1.863491663346919e+00,9.454815521620088e-01,-2.405955191044781e-02,0.000000000000000e+00,1.324388754821580e+00,5.082631932206017e+00,1,2.969999909400940e-01,5.200999975204468e-01,2.969999909400940e-01,5.000000000000000e-01
6.946633379848408e-01,1.792430452963508e-01,5898,16178,3.223273615028792e-01,-3.857549421825371e-01,0.000000000000000e+00,1.863396424637161e+00,9.455738007597472e-01,-2.400519429639336e-02,0.000000000000000e+00,1.324346760803689e+00,5.082570790090023e+00,1,2.972500026226044e-01,5.200999975204468e-01,2.972500026226044e-01,5.000000000000000e-01
6.947410247540500e-01,1.785933772638597e-01,5903,16183,3.198585136983789e-01,-3.849260274225687e-01,0.000000000000000e+00,1.863301185927404e+00,9.456660493574855e-01,-2.395083668233891e-02,0.000000000000000e+00,1.324304766785800e+00,5.082509647974030e+00,1,2.975000143051147e-01,5.200999975204468e-01,2.975000143051147e-01,5.000000000000000e-01
6.948187022627073e-01,1.779437866742144e-01,5908,16188,3.173899601897188e-01,-3.840972114723225e-01,0.000000000000000e+00,1.863205958570455e+00,9.457582869588478e-01,-2.389648554791422e-02,0.000000000000000e+00,1.324262777773753e+00,5.082448513146405e+00,1,2.977499961853027e-01,5.200999975204468e-01,2.977499961853027e-01,5.000000000000000e-01
6.948963890319164e-01,1.772941186417239e-01,5913,16193,3.149211123852081e-01,-3.832682967123532e-01,0.000000000000000e+00,1.863110719860697e+00,9.458505355565862e-01,-2.384212793385976e-02,0.000000000000000e+00,1.324220783755863e+00,5.082387371030411e+00,1,2.980000078678131e-01,5.200999975204468e-01,2.980000078678131e-01,5.000000000000000e-01
6.949740665405737e-01,1.766445280520780e-01,5918,16198,3.124525588765584e-01,-3.824394807621080e-01,0.000000000000000e+00,1.863015492503748e+00,9.459427731579485e-01,-2.378777679943509e-02,0.000000000000000e+00,1.324178794743816e+00,5.082326236202785e+00,1,2.982499897480011e-01,5.200999975204468e-01,2.982499897480011e-01,5.000000000000000e-01
6.950517533097827e-01,1.759948600195870e-01,5923,16203,3.099837110720580e-01,-3.816105660021395e-01,0.000000000000000e+00,1.862920253793990e+00,9.460350217556869e-01,-2.373341918538064e-02,0.000000000000000e+00,1.324136800725926e+00,5.082265094086792e+00,1,2.985000014305115e-01,5.200999975204468e-01,2.985000014305115e-01,5.000000000000000e-01
6.951294400789919e-01,1.753451919870960e-01,5928,16208,3.075148632675577e-01,-3.807816512421711e-01,0.000000000000000e+00,1.862825015084232e+00,9.461272703534251e-01,-2.367906157132620e-02,0.000000000000000e+00,1.324094806708036e+00,5.082203951970799e+00,1,2.987500131130219e-01,5.200999975204468e-01,2.987500131130219e-01,5.000000000000000e-01
6.952071175876491e-01,1.746956013974507e-01,5933,16213,3.050463097588977e-01,-3.799528352919249e-01,0.000000000000000e+00,1.862729787727283e+00,9.462195079547875e-01,-2.362471043690150e-02,0.000000000000000e+00,1.324052817695990e+00,5.082142817143173e+00,1,2.989999949932098e-01,5.200999975204468e-01,2.989999949932098e-01,5.000000000000000e-01
6.952848043568581e-01,1.740459333649593e-01,5938,16218,3.025774619544078e-01,-3.791239205319576e-01,0.000000000000000e+00,1.862634549017526e+00,9.463117565525255e-01,-2.357035282284708e-02,0.000000000000000e+00,1.324010823678099e+00,5.082081675027180e+00,1,2.992500066757202e-01,5.200999975204468e-01,2.992500066757202e-01,5.000000000000000e-01
6.953624818655155e-01,1.733963427753143e-01,5943,16223,3.001089084457372e-01,-3.782951045817103e-01,0.000000000000000e+00,1.862539321660577e+00,9.464039941538882e-01,-2.351600168842237e-02,0.000000000000000e+00,1.323968834666053e+00,5.082020540199554e+00,1,2.994999885559082e-01,5.200999975204468e-01,2.994999885559082e-01,5.000000000000000e-01
6.954401686347247e-01,1.727466747428233e-01,5948,16228,2.976400606412369e-01,-3.774661898217418e-01,0.000000000000000e+00,1.862444082950819e+00,9.464962427516264e-01,-2.346164407436793e-02,0.000000000000000e+00,1.323926840648163e+00,5.081959398083560e+00,1,2.997500002384186e-01,5.200999975204468e-01,2.997500002384186e-01,5.000000000000000e-01
6.955178555184997e-01,1.720970261115423e-01,5953,16234,2.951712731626184e-01,-3.766373106398556e-01,0.000000000000000e+00,1.862348844343575e+00,9.465884914670766e-01,-2.340728653564312e-02,0.000000000000000e+00,1.323884846566376e+00,5.081898255879899e+00,1,3.000000119209290e-01,5.200999975204468e-01,3.000000119209290e-01,5.000000000000000e-01
6.955979354747468e-01,1.718542789032783e-01,5958,16239,2.939677531780227e-01,-3.765545670467834e-01,0.000000000000000e+00,1.862255766692426e+00,9.466831974877258e-01,-2.335451506337672e-02,0.000000000000000e+00,1.323841517629105e+00,5.081835282662973e+00,1,3.002499938011169e-01,5.200999975204468e-01,3.002499938011169e-01,5.000000000000000e-01
6.956780249779603e-01,1.716115027551933e-01,5963,16244,2.927640897122952e-01,-3.764718135891942e-01,0.000000000000000e+00,1.862162677944752e+00,9.467779147990303e-01,-2.330173729980468e-02,0.000000000000000e+00,1.323798183526248e+00,5.081772301938508e+00,1,3.005000054836273e-01,5.200999975204468e-01,3.005000054836273e-01,5.000000000000000e-01
6.957581049342074e-01,1.713687555469283e-01,5968,16249,2.915605697277189e-01,-3.763890699961240e-01,0.000000000000000e+00,1.862069600293603e+00,9.468726208196793e-01,-2.324896582753830e-02,0.000000000000000e+00,1.323754854588978e+00,5.081709328721582e+00,1,3.007499873638153e-01,5.200999975204468e-01,3.007499873638153e-01,5.000000000000000e-01
6.958381944374209e-01,1.711259793988437e-01,5973,16254,2.903569062619816e-01,-3.763063165385338e-01,0.000000000000000e+00,1.861976511545929e+00,9.469673381309839e-01,-2.319618806396624e-02,0.000000000000000e+00,1.323711520486121e+00,5.081646347997118e+00,1,3.009999990463257e-01,5.200999975204468e-01,3.009999990463257e-01,5.000000000000000e-01
6.959182839406346e-01,1.708832032507591e-01,5978,16259,2.891532427962441e-01,-3.762235630809437e-01,0.000000000000000e+00,1.861883422798255e+00,9.470620554422886e-01,-2.314341030039417e-02,0.000000000000000e+00,1.323668186383264e+00,5.081583367272653e+00,1,3.012500107288361e-01,5.200999975204468e-01,3.012500107288361e-01,5.000000000000000e-01
6.959983638968814e-01,1.706404560424942e-01,5983,16264,2.879497228116683e-01,-3.761408194878735e-01,0.000000000000000e+00,1.861790345147106e+00,9.471567614629375e-01,-2.309063882812781e-02,0.000000000000000e+00,1.323624857445993e+00,5.081520394055726e+00,1,3.014999926090240e-01,5.200999975204468e-01,3.014999926090240e-01,5.000000000000000e-01
6.960784534000952e-01,1.703976798944096e-01,5988,16269,2.867460593459308e-01,-3.760580660302834e-01,0.000000000000000e+00,1.861697256399432e+00,9.472514787742423e-01,-2.303786106455575e-02,0.000000000000000e+00,1.323581523343137e+00,5.081457413331261e+00,1,3.017500042915344e-01,5.200999975204468e-01,3.017500042915344e-01,5.000000000000000e-01
6.961585333563421e-01,1.701549326861447e-01,5993,16274,2.855425393613549e-01,-3.759753224372131e-01,0.000000000000000e+00,1.861604178748283e+00,9.473461847948910e-01,-2.298508959228938e-02,0.000000000000000e+00,1.323538194405866e+00,5.081394440114335e+00,1,3.019999861717224e-01,5.200999975204468e-01,3.019999861717224e-01,5.000000000000000e-01
6.962386228595558e-01,1.699121565380601e-01,5998,16279,2.843388758956173e-01,-3.758925689796230e-01,0.000000000000000e+00,1.861511090000610e+00,9.474409021061958e-01,-2.293231182871732e-02,0.000000000000000e+00,1.323494860303009e+00,5.081331459389872e+00,1,3.022499978542328e-01,5.200999975204468e-01,3.022499978542328e-01,5.000000000000000e-01
6.963187123627695e-01,1.696693803899750e-01,6003,16284,2.831352124298892e-01,-3.758098155220337e-01,0.000000000000000e+00,1.861418001252936e+00,9.475356194175004e-01,-2.287953406514527e-02,0.000000000000000e+00,1.323451526200152e+00,5.081268478665407e+00,1,3.025000095367432e-01,5.200999975204468e-01,3.025000095367432e-01,5.000000000000000e-01
6.963987923190165e-01,1.694266331817101e-01,6008,16289,2.819316924453131e-01,-3.757270719289636e-01,0.000000000000000e+00,1.861324923601786e+00,9.476303254381493e-01,-2.282676259287890e-02,0.000000000000000e+00,1.323408197262882e+00,5.081205505448480e+00,1,3.027499914169312e-01,5.200999975204468e-01,3.027499914169312e-01,5.000000000000000e-01
6.964788818222301e-01,1.691838570336260e-01,6013,16294,2.807280289795667e-01,-3.756443184713724e-01,0.000000000000000e+00,1.861231834854113e+00,9.477250427494539e-01,-2.277398482930684e-02,0.000000000000000e+00,1.323364863160025e+00,5.081142524724015e+00,1,3.030000030994415e-01,5.200999975204468e-01,3.030000030994415e-01,5.000000000000000e-01
6.965589713254436e-01,1.689410808855417e-01,6018,16299,2.795243655138197e-01,-3.755615650137812e-01,0.000000000000000e+00,1.861138746106439e+00,9.478197600607585e-01,-2.272120706573474e-02,0.000000000000000e+00,1.323321529057168e+00,5.081079543999552e+00,1,3.032500147819519e-01,5.200999975204468e-01,3.032500147819519e-01,5.000000000000000e-01
6.966390512816907e-01,1.686983336772764e-01,6023,16304,2.783208455292531e-01,-3.754788214207120e-01,0.000000000000000e+00,1.861045668455290e+00,9.479144660814076e-01,-2.266843559346840e-02,0.000000000000000e+00,1.323278200119898e+00,5.081016570782625e+00,1,3.034999966621399e-01,5.200999975204468e-01,3.034999966621399e-01,5.000000000000000e-01
6.967191407849044e-01,1.684555575291918e-01,6028,16309,2.771171820635156e-01,-3.753960679631219e-01,0.000000000000000e+00,1.860952579707616e+00,9.480091833927123e-01,-2.261565782989633e-02,0.000000000000000e+00,1.323234866017041e+00,5.080953590058161e+00,1,3.037500083446503e-01,5.200999975204468e-01,3.037500083446503e-01,5.000000000000000e-01
6.967992207411513e-01,1.682128103209269e-01,6033,16314,2.759136620789396e-01,-3.753133243700517e-01,0.000000000000000e+00,1.860859502056468e+00,9.481038894133614e-01,-2.256288635762996e-02,0.000000000000000e+00,1.323191537079770e+00,5.080890616841234e+00,1,3.039999902248383e-01,5.200999975204468e-01,3.039999902248383e-01,5.000000000000000e-01
6.968793102443649e-01,1.679700341728423e-01,6038,16319,2.747099986132022e-01,-3.752305709124615e-01,0.000000000000000e+00,1.860766413308794e+00,9.481986067246657e-01,-2.251010859405791e-02,0.000000000000000e+00,1.323148202976913e+00,5.080827636116771e+00,1,3.042500019073486e-01,5.200999975204468e-01,3.042500019073486e-01,5.000000000000000e-01
6.969593997475785e-01,1.677272580247577e-01,6043,16324,2.735063351474647e-01,-3.751478174548713e-01,0.000000000000000e+00,1.860673324561120e+00,9.482933240359704e-01,-2.245733083048583e-02,0.000000000000000e+00,1.323104868874057e+00,5.080764655392305e+00,1,3.045000135898590e-01,5.200999975204468e-01,3.045000135898590e-01,5.000000000000000e-01
6.970394797038255e-01,1.674845108164928e-01,6048,16329,2.723028151628889e-01,-3.750650738618011e-01,0.000000000000000e+00,1.860580246909970e+00,9.483880300566194e-01,-2.240455935821948e-02,0.000000000000000e+00,1.323061539936786e+00,5.080701682175379e+00,1,3.047499954700470e-01,5.200999975204468e-01,3.047499954700470e-01,5.000000000000000e-01
6.971195692070392e-01,1.672417346684082e-01,6053,16334,2.710991516971514e-01,-3.749823204042110e-01,0.000000000000000e+00,1.860487158162297e+00,9.484827473679240e-01,-2.235178159464741e-02,0.000000000000000e+00,1.323018205833929e+00,5.080638701450915e+00,1,3.050000071525574e-01,5.200999975204468e-01,3.050000071525574e-01,5.000000000000000e-01
6.971996491632864e-01,1.669989874601433e-01,6058,16339,2.698956317125756e-01,-3.748995768111407e-01,0.000000000000000e+00,1.860394080511148e+00,9.485774533885729e-01,-2.229901012238105e-02,0.000000000000000e+00,1.322974876896658e+00,5.080575728233987e+00,1,3.052499890327454e-01,5.200999975204468e-01,3.052499890327454e-01,5.000000000000000e-01
6.972797386664997e-01,1.667562113120586e-01,6063,16344,2.686919682468381e-01,-3.748168233535505e-01,0.000000000000000e+00,1.860300991763474e+00,9.486721706998775e-01,-2.224623235880898e-02,0.000000000000000e+00,1.322931542793802e+00,5.080512747509523e+00,1,3.055000007152557e-01,5.200999975204468e-01,3.055000007152557e-01,5.000000000000000e-01
6.973598281697135e-01,1.665134351639740e-01,6068,16349,2.674883047811005e-01,-3.747340698959605e-01,0.000000000000000e+00,1.860207903015801e+00,9.487668880111824e-01,-2.219345459523692e-02,0.000000000000000e+00,1.322888208690945e+00,5.080449766785060e+00,1,3.057500123977661e-01,5.200999975204468e-01,3.057500123977661e-01,5.000000000000000e-01
6.974399081259605e-01,1.662706879557092e-01,6073,16354,2.662847847965247e-01,-3.746513263028903e-01,0.000000000000000e+00,1.860114825364651e+00,9.488615940318312e-01,-2.214068312297055e-02,0.000000000000000e+00,1.322844879753674e+00,5.080386793568133e+00,1,3.059999942779541e-01,5.200999975204468e-01,3.059999942779541e-01,5.000000000000000e-01
6.975199976291740e-01,1.660279118076245e-01,6078,16359,2.650811213307871e-01,-3.745685728453001e-01,0.000000000000000e+00,1.860021736616977e+00,9.489563113431357e-01,-2.208790535939849e-02,0.000000000000000e+00,1.322801545650817e+00,5.080323812843668e+00,1,3.062500059604645e-01,5.200999975204468e-01,3.062500059604645e-01,5.000000000000000e-01
6.976000775854211e-01,1.657851645993597e-01,6083,16364,2.638776013462113e-01,-3.744858292522298e-01,0.000000000000000e+00,1.859928658965829e+00,9.490510173637847e-01,-2.203513388713212e-02,0.000000000000000e+00,1.322758216713547e+00,5.080260839626741e+00,1,3.064999878406525e-01,5.200999975204468e-01,3.064999878406525e-01,5.000000000000000e-01
6.976801670886347e-01,1.655423884512750e-01,6088,16369,2.626739378804738e-01,-3.744030757946397e-01,0.000000000000000e+00,1.859835570218154e+00,9.491457346750894e-01,-2.198235612356006e-02,0.000000000000000e+00,1.322714882610690e+00,5.080197858902277e+00,1,3.067499995231628e-01,5.200999975204468e-01,3.067499995231628e-01,5.000000000000000e-01
6.977602565918484e-01,1.652996123031904e-01,6093,16374,2.614702744147363e-01,-3.743203223370496e-01,0.000000000000000e+00,1.859742481470481e+00,9.492404519863944e-01,-2.192957835998800e-02,0.000000000000000e+00,1.322671548507833e+00,5.080134878177813e+00,1,3.070000112056732e-01,5.200999975204468e-01,3.070000112056732e-01,5.000000000000000e-01
6.978403365480954e-01,1.650568650949252e-01,6098,16379,2.602667544301689e-01,-3.742375787439806e-01,0.000000000000000e+00,1.859649403819332e+00,9.493351580070430e-01,-2.187680688772164e-02,0.000000000000000e+00,1.322628219570563e+00,5.080071904960887e+00,1,3.072499930858612e-01,5.200999975204468e-01,3.072499930858612e-01,5.000000000000000e-01
6.979204260513090e-01,1.648140889468409e-01,6103,16384,2.590630909644229e-01,-3.741548252863892e-01,0.000000000000000e+00,1.859556315071658e+00,9.494298753183479e-01,-2.182402912414956e-02,0.000000000000000e+00,1.322584885467706e+00,5.080008924236422e+00,1,3.075000047683716e-01,5.200999975204468e-01,3.075000047683716e-01,5.000000000000000e-01
6.980005060075559e-01,1.645713417385760e-01,6108,16389,2.578595709798471e-01,-3.740720816933190e-01,0.000000000000000e+00,1.859463237420509e+00,9.495245813389968e-01,-2.177125765188321e-02,0.000000000000000e+00,1.322541556530435e+00,5.079945951019495e+00,1,3.077499866485596e-01,5.200999975204468e-01,3.077499866485596e-01,5.000000000000000e-01
6.980805955107696e-01,1.643285655904914e-01,6113,16394,2.566559075141095e-01,-3.739893282357288e-01,0.000000000000000e+00,1.859370148672835e+00,9.496192986503014e-01,-2.171847988831114e-02,0.000000000000000e+00,1.322498222427578e+00,5.079882970295031e+00,1,3.079999983310699e-01,5.200999975204468e-01,3.079999983310699e-01,5.000000000000000e-01
6.981606850139833e-01,1.640857894424068e-01,6118,16399,2.554522440483720e-01,-3.739065747781386e-01,0.000000000000000e+00,1.859277059925161e+00,9.497140159616061e-01,-2.166570212473907e-02,0.000000000000000e+00,1.322454888324721e+00,5.079819989570566e+00,1,3.082500100135803e-01,5.200999975204468e-01,3.082500100135803e-01,5.000000000000000e-01
6.982407649702302e-01,1.638430422341419e-01,6123,16404,2.542487240637962e-01,-3.738238311850684e-01,0.000000000000000e+00,1.859183982274012e+00,9.498087219822549e-01,-2.161293065247271e-02,0.000000000000000e+00,1.322411559387451e+00,5.079757016353640e+00,1,3.084999918937683e-01,5.200999975204468e-01,3.084999918937683e-01,5.000000000000000e-01
6.983208544734438e-01,1.636002660860572e-01,6128,16409,2.530450605980586e-01,-3.737410777274783e-01,0.000000000000000e+00,1.859090893526338e+00,9.499034392935596e-01,-2.156015288890064e-02,0.000000000000000e+00,1.322368225284594e+00,5.079694035629176e+00,1,3.087500035762787e-01,5.200999975204468e-01,3.087500035762787e-01,5.000000000000000e-01
6.984009344296909e-01,1.633575188777924e-01,6133,16414,2.518415406134829e-01,-3.736583341344081e-01,0.000000000000000e+00,1.858997815875189e+00,9.499981453142087e-01,-2.150738141663428e-02,0.000000000000000e+00,1.322324896347323e+00,5.079631062412249e+00,1,3.089999854564667e-01,5.200999975204468e-01,3.089999854564667e-01,5.000000000000000e-01
6.984810239329045e-01,1.631147427297077e-01,6138,16419,2.506378771477453e-01,-3.735755806768180e-01,0.000000000000000e+00,1.858904727127516e+00,9.500928626255134e-01,-2.145460365306221e-02,0.000000000000000e+00,1.322281562244466e+00,5.079568081687785e+00,1,3.092499971389771e-01,5.200999975204468e-01,3.092499971389771e-01,5.000000000000000e-01
6.985611134361183e-01,1.628719665816231e-01,6143,16424,2.494342136820078e-01,-3.734928272192278e-01,0.000000000000000e+00,1.858811638379842e+00,9.501875799368180e-01,-2.140182588949015e-02,0.000000000000000e+00,1.322238228141610e+00,5.079505100963321e+00,1,3.095000088214874e-01,5.200999975204468e-01,3.095000088214874e-01,5.000000000000000e-01
6.986411933923651e-01,1.626292193733583e-01,6148,16429,2.482306936974322e-01,-3.734100836261576e-01,0.000000000000000e+00,1.858718560728693e+00,9.502822859574669e-01,-2.134905441722380e-02,0.000000000000000e+00,1.322194899204339e+00,5.079442127746394e+00,1,3.097499907016754e-01,5.200999975204468e-01,3.097499907016754e-01,5.000000000000000e-01
6.987212828955788e-01,1.623864432252739e-01,6153,16435,2.470270302316864e-01,-3.733273301685662e-01,0.000000000000000e+00,1.858625471981019e+00,9.503770032687715e-01,-2.129627665365171e-02,0.000000000000000e+00,1.322151565101482e+00,5.079379147021929e+00,1,3.100000023841858e-01,5.200999975204468e-01,3.100000023841858e-01,5.000000000000000e-01
6.987939682613367e-01,1.623519043471737e-01,6158,16440,2.465089385052922e-01,-3.735640789082468e-01,0.000000000000000e+00,1.858531888335694e+00,9.504631080303699e-01,-2.124589762363448e-02,0.000000000000000e+00,1.322113146152687e+00,5.079325640839671e+00,1,3.102500140666962e-01,5.200999975204468e-01,3.102500140666962e-01,5.000000000000000e-01
6.988666450333275e-01,1.623173676006803e-01,6163,16445,2.459909020003524e-01,-3.738007963801164e-01,0.000000000000000e+00,1.858438315850606e+00,9.505492026100820e-01,-2.119552457611286e-02,0.000000000000000e+00,1.322074731736707e+00,5.079272140945209e+00,1,3.104999959468842e-01,5.200999975204468e-01,3.104999959468842e-01,5.000000000000000e-01
6.989393304696926e-01,1.622828267367868e-01,6168,16450,2.454728037361964e-01,-3.740375420729568e-01,0.000000000000000e+00,1.858344732210000e+00,9.506353074538112e-01,-2.114514552322080e-02,0.000000000000000e+00,1.322036312741041e+00,5.079218634672601e+00,1,3.107500076293945e-01,5.200999975204468e-01,3.107500076293945e-01,5.000000000000000e-01
6.990120072416836e-01,1.622482899902931e-01,6173,16455,2.449547672312645e-01,-3.742742595448276e-01,0.000000000000000e+00,1.858251159724912e+00,9.507214020335233e-01,-2.109477247569920e-02,0.000000000000000e+00,1.321997898325061e+00,5.079165134778139e+00,1,3.109999895095825e-01,5.200999975204468e-01,3.109999895095825e-01,5.000000000000000e-01
6.990846926780487e-01,1.622137491263995e-01,6178,16460,2.444366689671084e-01,-3.745110052376679e-01,0.000000000000000e+00,1.858157576084307e+00,9.508075068772528e-01,-2.104439342280715e-02,0.000000000000000e+00,1.321959479329395e+00,5.079111628505530e+00,1,3.112500011920929e-01,5.200999975204468e-01,3.112500011920929e-01,5.000000000000000e-01
6.991573781144141e-01,1.621792082625062e-01,6183,16465,2.439185707029445e-01,-3.747477509305072e-01,0.000000000000000e+00,1.858063992443701e+00,9.508936117209825e-01,-2.099401436991508e-02,0.000000000000000e+00,1.321921060333727e+00,5.079058122232921e+00,1,3.115000128746033e-01,5.200999975204468e-01,3.115000128746033e-01,5.000000000000000e-01
6.992300548864051e-01,1.621446715160123e-01,6188,16470,2.434005341980205e-01,-3.749844684023792e-01,0.000000000000000e+00,1.857970419958613e+00,9.509797063006944e-01,-2.094364132239349e-02,0.000000000000000e+00,1.321882645917748e+00,5.079004622338459e+00,1,3.117499947547913e-01,5.200999975204468e-01,3.117499947547913e-01,5.000000000000000e-01
6.993027403227703e-01,1.621101306521190e-01,6193,16475,2.428824359338566e-01,-3.752212140952184e-01,0.000000000000000e+00,1.857876836318007e+00,9.510658111444239e-01,-2.089326226950142e-02,0.000000000000000e+00,1.321844226922081e+00,5.078951116065850e+00,1,3.120000064373016e-01,5.200999975204468e-01,3.120000064373016e-01,5.000000000000000e-01
6.993754170947611e-01,1.620755939056251e-01,6198,16480,2.423643994289325e-01,-3.754579315670904e-01,0.000000000000000e+00,1.857783263832919e+00,9.511519057241357e-01,-2.084288922197982e-02,0.000000000000000e+00,1.321805812506101e+00,5.078897616171388e+00,1,3.122499883174896e-01,5.200999975204468e-01,3.122499883174896e-01,5.000000000000000e-01
6.994481025311263e-01,1.620410530417318e-01,6203,16485,2.418463011647685e-01,-3.756946772599294e-01,0.000000000000000e+00,1.857689680192313e+00,9.512380105678652e-01,-2.079251016908775e-02,0.000000000000000e+00,1.321767393510434e+00,5.078844109898779e+00,1,3.125000000000000e-01,5.200999975204468e-01,3.125000000000000e-01,5.000000000000000e-01
6.995207879674916e-01,1.620065121778385e-01,6208,16490,2.413282029006045e-01,-3.759314229527687e-01,0.000000000000000e+00,1.857596096551708e+00,9.513241154115949e-01,-2.074213111619568e-02,0.000000000000000e+00,1.321728974514768e+00,5.078790603626171e+00,1,3.127500116825104e-01,5.200999975204468e-01,3.127500116825104e-01,5.000000000000000e-01
6.995934647394825e-01,1.619719754313446e-01,6213,16495,2.408101663956806e-01,-3.761681404246408e-01,0.000000000000000e+00,1.857502524066620e+00,9.514102099913067e-01,-2.069175806867410e-02,0.000000000000000e+00,1.321690560098788e+00,5.078737103731709e+00,1,3.129999935626984e-01,5.200999975204468e-01,3.129999935626984e-01,5.000000000000000e-01
6.996661501758477e-01,1.619374345674512e-01,6218,16500,2.402920681315167e-01,-3.764048861174798e-01,0.000000000000000e+00,1.857408940426014e+00,9.514963148350362e-01,-2.064137901578203e-02,0.000000000000000e+00,1.321652141103121e+00,5.078683597459099e+00,1,3.132500052452087e-01,5.200999975204468e-01,3.132500052452087e-01,5.000000000000000e-01
6.997388269478385e-01,1.619028978209574e-01,6223,16505,2.397740316265926e-01,-3.766416035893520e-01,0.000000000000000e+00,1.857315367940926e+00,9.515824094147479e-01,-2.059100596826042e-02,0.000000000000000e+00,1.321613726687141e+00,5.078630097564638e+00,1,3.134999871253967e-01,5.200999975204468e-01,3.134999871253967e-01,5.000000000000000e-01
6.998115123842037e-01,1.618683569570641e-01,6228,16510,2.392559333624287e-01,-3.768783492821910e-01,0.000000000000000e+00,1.857221784300320e+00,9.516685142584778e-01,-2.054062691536836e-02,0.000000000000000e+00,1.321575307691474e+00,5.078576591292029e+00,1,3.137499988079071e-01,5.200999975204468e-01,3.137499988079071e-01,5.000000000000000e-01
6.998841978205690e-01,1.618338160931707e-01,6233,16515,2.387378350982647e-01,-3.771150949750302e-01,0.000000000000000e+00,1.857128200659714e+00,9.517546191022073e-01,-2.049024786247629e-02,0.000000000000000e+00,1.321536888695808e+00,5.078523085019420e+00,1,3.140000104904175e-01,5.200999975204468e-01,3.140000104904175e-01,5.000000000000000e-01
6.999568745925600e-01,1.617992793466768e-01,6238,16520,2.382197985933408e-01,-3.773518124469023e-01,0.000000000000000e+00,1.857034628174627e+00,9.518407136819190e-01,-2.043987481495470e-02,0.000000000000000e+00,1.321498474279828e+00,5.078469585124958e+00,1,3.142499923706055e-01,5.200999975204468e-01,3.142499923706055e-01,5.000000000000000e-01
7.000295600289250e-01,1.617647384827835e-01,6243,16525,2.377017003291768e-01,-3.775885581397413e-01,0.000000000000000e+00,1.856941044534021e+00,9.519268185256486e-01,-2.038949576206264e-02,0.000000000000000e+00,1.321460055284161e+00,5.078416078852349e+00,1,3.145000040531158e-01,5.200999975204468e-01,3.145000040531158e-01,5.000000000000000e-01
7.001022368009160e-01,1.617302017362897e-01,6248,16530,2.371836638242528e-01,-3.778252756116135e-01,0.000000000000000e+00,1.856847472048933e+00,9.520129131053605e-01,-2.033912271454103e-02,0.000000000000000e+00,1.321421640868181e+00,5.078362578957886e+00,1,3.147499859333038e-01,5.200999975204468e-01,3.147499859333038e-01,5.000000000000000e-01
7.001749222372813e-01,1.616956608723963e-01,6253,16535,2.366655655600888e-01,-3.780620213044525e-01,0.000000000000000e+00,1.856753888408327e+00,9.520990179490901e-01,-2.028874366164897e-02,0.000000000000000e+00,1.321383221872515e+00,5.078309072685278e+00,1,3.149999976158142e-01,5.200999975204468e-01,3.149999976158142e-01,5.000000000000000e-01
7.002476076736465e-01,1.616611200085031e-01,6258,16540,2.361474672959176e-01,-3.782987669972905e-01,0.000000000000000e+00,1.856660304767721e+00,9.521851227928195e-01,-2.023836460875688e-02,0.000000000000000e+00,1.321344802876848e+00,5.078255566412670e+00,1,3.152500092983246e-01,5.200999975204468e-01,3.152500092983246e-01,5.000000000000000e-01
7.003202844456373e-01,1.616265832620092e-01,6263,16545,2.356294307909935e-01,-3.785354844691625e-01,0.000000000000000e+00,1.856566732282633e+00,9.522712173725314e-01,-2.018799156123529e-02,0.000000000000000e+00,1.321306388460868e+00,5.078202066518207e+00,1,3.154999911785126e-01,5.200999975204468e-01,3.154999911785126e-01,5.000000000000000e-01
7.003929698820026e-01,1.615920423981158e-01,6268,16550,2.351113325268369e-01,-3.787722301620030e-01,0.000000000000000e+00,1.856473148642027e+00,9.523573222162609e-01,-2.013761250834324e-02,0.000000000000000e+00,1.321267969465202e+00,5.078148560245598e+00,1,3.157500028610229e-01,5.200999975204468e-01,3.157500028610229e-01,5.000000000000000e-01
7.004656553183679e-01,1.615575015342225e-01,6273,16555,2.345932342626729e-01,-3.790089758548421e-01,0.000000000000000e+00,1.856379565001421e+00,9.524434270599905e-01,-2.008723345545117e-02,0.000000000000000e+00,1.321229550469534e+00,5.078095053972989e+00,1,3.160000145435333e-01,5.200999975204468e-01,3.160000145435333e-01,5.000000000000000e-01
7.005383320903587e-01,1.615229647877286e-01,6278,16560,2.340751977577490e-01,-3.792456933267142e-01,0.000000000000000e+00,1.856285992516334e+00,9.525295216397025e-01,-2.003686040792958e-02,0.000000000000000e+00,1.321191136053555e+00,5.078041554078528e+00,1,3.162499964237213e-01,5.200999975204468e-01,3.162499964237213e-01,5.000000000000000e-01
7.006110175267239e-01,1.614884239238353e-01,6283,16565,2.335570994935850e-01,-3.794824390195533e-01,0.000000000000000e+00,1.856192408875728e+00,9.526156264834320e-01,-1.998648135503751e-02,0.000000000000000e+00,1.321152717057888e+00,5.077988047805919e+00,1,3.165000081062317e-01,5.200999975204468e-01,3.165000081062317e-01,5.000000000000000e-01
7.006836942987148e-01,1.614538871773414e-01,6288,16570,2.330390629886609e-01,-3.797191564914253e-01,0.000000000000000e+00,1.856098836390640e+00,9.527017210631437e-01,-1.993610830751592e-02,0.000000000000000e+00,1.321114302641908e+00,5.077934547911456e+00,1,3.167499899864197e-01,5.200999975204468e-01,3.167499899864197e-01,5.000000000000000e-01
7.007563797350802e-01,1.614193463134481e-01,6293,16575,2.325209647244970e-01,-3.799559021842645e-01,0.000000000000000e+00,1.856005252750034e+00,9.527878259068735e-01,-1.988572925462385e-02,0.000000000000000e+00,1.321075883646242e+00,5.077881041638848e+00,1,3.170000016689301e-01,5.200999975204468e-01,3.170000016689301e-01,5.000000000000000e-01
7.008290651714453e-01,1.613848054495547e-01,6298,16580,2.320028664603331e-01,-3.801926478771036e-01,0.000000000000000e+00,1.855911669109429e+00,9.528739307506029e-01,-1.983535020173178e-02,0.000000000000000e+00,1.321037464650574e+00,5.077827535366239e+00,1,3.172500133514404e-01,5.200999975204468e-01,3.172500133514404e-01,5.000000000000000e-01
7.009017419434362e-01,1.613502687030609e-01,6303,16585,2.314848299554091e-01,-3.804293653489757e-01,0.000000000000000e+00,1.855818096624341e+00,9.529600253303149e-01,-1.978497715421019e-02,0.000000000000000e+00,1.320999050234595e+00,5.077774035471777e+00,1,3.174999952316284e-01,5.200999975204468e-01,3.174999952316284e-01,5.000000000000000e-01
7.009744273798013e-01,1.613157278391676e-01,6308,16590,2.309667316912381e-01,-3.806661110418136e-01,0.000000000000000e+00,1.855724512983735e+00,9.530461301740443e-01,-1.973459810131810e-02,0.000000000000000e+00,1.320960631238928e+00,5.077720529199167e+00,1,3.177500069141388e-01,5.200999975204468e-01,3.177500069141388e-01,5.000000000000000e-01
7.010471041517923e-01,1.612811910926737e-01,6313,16595,2.304486951863211e-01,-3.809028285136868e-01,0.000000000000000e+00,1.855630940498647e+00,9.531322247537561e-01,-1.968422505379652e-02,0.000000000000000e+00,1.320922216822948e+00,5.077667029304706e+00,1,3.179999887943268e-01,5.200999975204468e-01,3.179999887943268e-01,5.000000000000000e-01
7.011197895881576e-01,1.612466502287803e-01,6318,16600,2.299305969221571e-01,-3.811395742065260e-01,0.000000000000000e+00,1.855537356858041e+00,9.532183295974858e-01,-1.963384600090445e-02,0.000000000000000e+00,1.320883797827281e+00,5.077613523032097e+00,1,3.182500004768372e-01,5.200999975204468e-01,3.182500004768372e-01,5.000000000000000e-01
7.011924750245229e-01,1.612121093648870e-01,6323,16605,2.294124986579932e-01,-3.813763198993651e-01,0.000000000000000e+00,1.855443773217435e+00,9.533044344412152e-01,-1.958346694801238e-02,0.000000000000000e+00,1.320845378831614e+00,5.077560016759488e+00,1,3.185000121593475e-01,5.200999975204468e-01,3.185000121593475e-01,5.000000000000000e-01
7.012651517965136e-01,1.611775726183931e-01,6328,16610,2.288944621530692e-01,-3.816130373712373e-01,0.000000000000000e+00,1.855350200732347e+00,9.533905290209272e-01,-1.953309390049079e-02,0.000000000000000e+00,1.320806964415635e+00,5.077506516865027e+00,1,3.187499940395355e-01,5.200999975204468e-01,3.187499940395355e-01,5.000000000000000e-01
7.013378372328789e-01,1.611430317544998e-01,6333,16615,2.283763638889052e-01,-3.818497830640764e-01,0.000000000000000e+00,1.855256617091742e+00,9.534766338646569e-01,-1.948271484759873e-02,0.000000000000000e+00,1.320768545419968e+00,5.077453010592417e+00,1,3.190000057220459e-01,5.200999975204468e-01,3.190000057220459e-01,5.000000000000000e-01
7.014105140048699e-01,1.611084950080059e-01,6338,16620,2.278583273839812e-01,-3.820865005359484e-01,0.000000000000000e+00,1.855163044606654e+00,9.535627284443686e-01,-1.943234180007713e-02,0.000000000000000e+00,1.320730131003988e+00,5.077399510697955e+00,1,3.192499876022339e-01,5.200999975204468e-01,3.192499876022339e-01,5.000000000000000e-01
7.014831994412351e-01,1.610739541441126e-01,6343,16625,2.273402291198173e-01,-3.823232462287875e-01,0.000000000000000e+00,1.855069460966048e+00,9.536488332880981e-01,-1.938196274718506e-02,0.000000000000000e+00,1.320691712008322e+00,5.077346004425346e+00,1,3.194999992847443e-01,5.200999975204468e-01,3.194999992847443e-01,5.000000000000000e-01
7.015558848776002e-01,1.610394132802193e-01,6348,16630,2.268221308556600e-01,-3.825599919216279e-01,0.000000000000000e+00,1.854975877325442e+00,9.537349381318276e-01,-1.933158369429301e-02,0.000000000000000e+00,1.320653293012655e+00,5.077292498152738e+00,1,3.197500109672546e-01,5.200999975204468e-01,3.197500109672546e-01,5.000000000000000e-01
7.016285616495911e-01,1.610048765337254e-01,6353,16636,2.263040943507294e-01,-3.827967093934987e-01,0.000000000000000e+00,1.854882304840355e+00,9.538210327115396e-01,-1.928121064677141e-02,0.000000000000000e+00,1.320614878596675e+00,5.077238998258276e+00,1,3.199999928474426e-01,5.200999975204468e-01,3.199999928474426e-01,5.000000000000000e-01
7.016872595210623e-01,1.610797061512662e-01,6358,16641,2.263777381505481e-01,-3.830838507989039e-01,0.000000000000000e+00,1.854784481300126e+00,9.538903874442004e-01,-1.923617087445892e-02,0.000000000000000e+00,1.320583590716687e+00,5.077194913785081e+00,1,3.202500045299530e-01,5.200999975204468e-01,3.202500045299530e-01,5.000000000000000e-01
7.017459499953962e-01,1.611545299775231e-01,6363,16646,2.264513900992901e-01,-3.833709594176181e-01,0.000000000000000e+00,1.854686669299539e+00,9.539597334303601e-01,-1.919113662379182e-02,0.000000000000000e+00,1.320552306770326e+00,5.077150834836440e+00,1,3.204999864101410e-01,5.200999975204468e-01,3.204999864101410e-01,5.000000000000000e-01
7.018046474666871e-01,1.612293627241218e-01,6368,16651,2.265250508286651e-01,-3.836581022648277e-01,0.000000000000000e+00,1.854588845638009e+00,9.540290876838052e-01,-1.914609700423454e-02,0.000000000000000e+00,1.320521019094357e+00,5.077106750632800e+00,1,3.207499980926514e-01,5.200999975204468e-01,3.207499980926514e-01,5.000000000000000e-01
7.018633449379782e-01,1.613041954707204e-01,6373,16656,2.265987115580532e-01,-3.839452451120397e-01,0.000000000000000e+00,1.854491021976478e+00,9.540984419372499e-01,-1.910105738467734e-02,0.000000000000000e+00,1.320489731418388e+00,5.077062666429158e+00,1,3.210000097751617e-01,5.200999975204468e-01,3.210000097751617e-01,5.000000000000000e-01
7.019220354123121e-01,1.613790192969773e-01,6378,16661,2.266723635068018e-01,-3.842323537307551e-01,0.000000000000000e+00,1.854393209975892e+00,9.541677879234101e-01,-1.905602313401027e-02,0.000000000000000e+00,1.320458447472027e+00,5.077018587480519e+00,1,3.212499916553497e-01,5.200999975204468e-01,3.212499916553497e-01,5.000000000000000e-01
7.019807328836032e-01,1.614538520435760e-01,6383,16666,2.267460242361833e-01,-3.845194965779659e-01,0.000000000000000e+00,1.854295386314361e+00,9.542371421768547e-01,-1.901098351445303e-02,0.000000000000000e+00,1.320427159796058e+00,5.076974503276880e+00,1,3.215000033378601e-01,5.200999975204468e-01,3.215000033378601e-01,5.000000000000000e-01
7.020394233579371e-01,1.615286758698330e-01,6388,16671,2.268196761849320e-01,-3.848066051966813e-01,0.000000000000000e+00,1.854197574313775e+00,9.543064881630149e-01,-1.896594926378595e-02,0.000000000000000e+00,1.320395875849697e+00,5.076930424328239e+00,1,3.217499852180481e-01,5.200999975204468e-01,3.217499852180481e-01,5.000000000000000e-01
7.020981208292281e-01,1.616035086164316e-01,6393,16676,2.268933369143135e-01,-3.850937480438919e-01,0.000000000000000e+00,1.854099750652244e+00,9.543758424164596e-01,-1.892090964422874e-02,0.000000000000000e+00,1.320364588173728e+00,5.076886340124598e+00,1,3.219999969005585e-01,5.200999975204468e-01,3.219999969005585e-01,5.000000000000000e-01
7.021568183005189e-01,1.616783413630302e-01,6398,16681,2.269669976436949e-01,-3.853808908911026e-01,0.000000000000000e+00,1.854001926990714e+00,9.544451966699043e-01,-1.887587002467151e-02,0.000000000000000e+00,1.320333300497759e+00,5.076842255920958e+00,1,3.222500085830688e-01,5.200999975204468e-01,3.222500085830688e-01,5.000000000000000e-01
7.022155087748532e-01,1.617531651892871e-01,6403,16686,2.270406495924372e-01,-3.856679995098167e-01,0.000000000000000e+00,1.853904114990127e+00,9.545145426560644e-01,-1.883083577400442e-02,0.000000000000000e+00,1.320302016551398e+00,5.076798176972318e+00,1,3.224999904632568e-01,5.200999975204468e-01,3.224999904632568e-01,5.000000000000000e-01
7.022742062461440e-01,1.618279979358858e-01,6408,16691,2.271143103218251e-01,-3.859551423570288e-01,0.000000000000000e+00,1.853806291328597e+00,9.545838969095093e-01,-1.878579615444721e-02,0.000000000000000e+00,1.320270728875429e+00,5.076754092768677e+00,1,3.227500021457672e-01,5.200999975204468e-01,3.227500021457672e-01,5.000000000000000e-01
7.023329037174348e-01,1.619028306824845e-01,6413,16696,2.271879710512066e-01,-3.862422852042396e-01,0.000000000000000e+00,1.853708467667066e+00,9.546532511629543e-01,-1.874075653488996e-02,0.000000000000000e+00,1.320239441199460e+00,5.076710008565037e+00,1,3.230000138282776e-01,5.200999975204468e-01,3.230000138282776e-01,5.000000000000000e-01
7.023915941917689e-01,1.619776545087414e-01,6418,16701,2.272616229999553e-01,-3.865293938229549e-01,0.000000000000000e+00,1.853610655666480e+00,9.547225971491140e-01,-1.869572228422289e-02,0.000000000000000e+00,1.320208157253099e+00,5.076665929616397e+00,1,3.232499957084656e-01,5.200999975204468e-01,3.232499957084656e-01,5.000000000000000e-01
7.024502916630597e-01,1.620524872553400e-01,6423,16706,2.273352837293368e-01,-3.868165366701657e-01,0.000000000000000e+00,1.853512832004949e+00,9.547919514025589e-01,-1.865068266466566e-02,0.000000000000000e+00,1.320176869577130e+00,5.076621845412757e+00,1,3.235000073909760e-01,5.200999975204468e-01,3.235000073909760e-01,5.000000000000000e-01
7.025089821373939e-01,1.621273110815969e-01,6428,16711,2.274089356780855e-01,-3.871036452888811e-01,0.000000000000000e+00,1.853415020004363e+00,9.548612973887188e-01,-1.860564841399858e-02,0.000000000000000e+00,1.320145585630768e+00,5.076577766464117e+00,1,3.237499892711639e-01,5.200999975204468e-01,3.237499892711639e-01,5.000000000000000e-01
7.025676796086847e-01,1.622021438281956e-01,6433,16716,2.274825964074670e-01,-3.873907881360918e-01,0.000000000000000e+00,1.853317196342832e+00,9.549306516421638e-01,-1.856060879444135e-02,0.000000000000000e+00,1.320114297954800e+00,5.076533682260477e+00,1,3.240000009536743e-01,5.200999975204468e-01,3.240000009536743e-01,5.000000000000000e-01
7.026263770799757e-01,1.622769765747944e-01,6438,16721,2.275562571368547e-01,-3.876779309833039e-01,0.000000000000000e+00,1.853219372681302e+00,9.550000058956087e-01,-1.851556917488413e-02,0.000000000000000e+00,1.320083010278831e+00,5.076489598056837e+00,1,3.242500126361847e-01,5.200999975204468e-01,3.242500126361847e-01,5.000000000000000e-01
7.026850675543097e-01,1.623518004010512e-01,6443,16726,2.276299090855972e-01,-3.879650396020181e-01,0.000000000000000e+00,1.853121560680715e+00,9.550693518817687e-01,-1.847053492421704e-02,0.000000000000000e+00,1.320051726332470e+00,5.076445519108196e+00,1,3.244999945163727e-01,5.200999975204468e-01,3.244999945163727e-01,5.000000000000000e-01
7.027437650256005e-01,1.624266331476497e-01,6448,16731,2.277035698149726e-01,-3.882521824492274e-01,0.000000000000000e+00,1.853023737019184e+00,9.551387061352135e-01,-1.842549530465978e-02,0.000000000000000e+00,1.320020438656501e+00,5.076401434904556e+00,1,3.247500061988831e-01,5.200999975204468e-01,3.247500061988831e-01,5.000000000000000e-01
7.028024554999347e-01,1.625014569739068e-01,6453,16736,2.277772217637273e-01,-3.885392910679442e-01,0.000000000000000e+00,1.852925925018598e+00,9.552080521213734e-01,-1.838046105399273e-02,0.000000000000000e+00,1.319989154710139e+00,5.076357355955916e+00,1,3.249999880790710e-01,5.200999975204468e-01,3.249999880790710e-01,5.000000000000000e-01
7.028611529712254e-01,1.625762897205054e-01,6458,16741,2.278508824931088e-01,-3.888264339151549e-01,0.000000000000000e+00,1.852828101357067e+00,9.552774063748184e-01,-1.833542143443550e-02,0.000000000000000e+00,1.319957867034171e+00,5.076313271752275e+00,1,3.252499997615814e-01,5.200999975204468e-01,3.252499997615814e-01,5.000000000000000e-01
7.029198504425165e-01,1.626511224671041e-01,6463,16746,2.279245432224903e-01,-3.891135767623657e-01,0.000000000000000e+00,1.852730277695537e+00,9.553467606282631e-01,-1.829038181487825e-02,0.000000000000000e+00,1.319926579358202e+00,5.076269187548634e+00,1,3.255000114440918e-01,5.200999975204468e-01,3.255000114440918e-01,5.000000000000000e-01
7.029785409168505e-01,1.627259462933610e-01,6468,16751,2.279981951712390e-01,-3.894006853810811e-01,0.000000000000000e+00,1.852632465694950e+00,9.554161066144231e-01,-1.824534756421119e-02,0.000000000000000e+00,1.319895295411841e+00,5.076225108599996e+00,1,3.257499933242798e-01,5.200999975204468e-01,3.257499933242798e-01,5.000000000000000e-01
7.030372383881414e-01,1.628007790399597e-01,6473,16756,2.280718559006205e-01,-3.896878282282917e-01,0.000000000000000e+00,1.852534642033420e+00,9.554854608678680e-01,-1.820030794465395e-02,0.000000000000000e+00,1.319864007735872e+00,5.076181024396354e+00,1,3.260000050067902e-01,5.200999975204468e-01,3.260000050067902e-01,5.000000000000000e-01
7.030959288624755e-01,1.628756028662166e-01,6478,16761,2.281455078493692e-01,-3.899749368470072e-01,0.000000000000000e+00,1.852436830032833e+00,9.555548068540280e-01,-1.815527369398688e-02,0.000000000000000e+00,1.319832723789510e+00,5.076136945447715e+00,1,3.262499868869781e-01,5.200999975204468e-01,3.262499868869781e-01,5.000000000000000e-01
7.031546263337665e-01,1.629504356128152e-01,6483,16766,2.282191685787507e-01,-3.902620796942179e-01,0.000000000000000e+00,1.852339006371303e+00,9.556241611074728e-01,-1.811023407442964e-02,0.000000000000000e+00,1.319801436113542e+00,5.076092861244074e+00,1,3.264999985694885e-01,5.200999975204468e-01,3.264999985694885e-01,5.000000000000000e-01
7.032133238050573e-01,1.630252683594139e-01,6488,16771,2.282928293081322e-01,-3.905492225414288e-01,0.000000000000000e+00,1.852241182709772e+00,9.556935153609177e-01,-1.806519445487241e-02,0.000000000000000e+00,1.319770148437573e+00,5.076048777040433e+00,1,3.267500102519989e-01,5.200999975204468e-01,3.267500102519989e-01,5.000000000000000e-01
7.032720142793913e-01,1.631000921856708e-01,6493,16776,2.283664812568808e-01,-3.908363311601440e-01,0.000000000000000e+00,1.852143370709186e+00,9.557628613470777e-01,-1.802016020420534e-02,0.000000000000000e+00,1.319738864491212e+00,5.076004698091793e+00,1,3.269999921321869e-01,5.200999975204468e-01,3.269999921321869e-01,5.000000000000000e-01
7.033307117506822e-01,1.631749249322695e-01,6498,16781,2.284401419862623e-01,-3.911234740073548e-01,0.000000000000000e+00,1.852045547047655e+00,9.558322156005226e-01,-1.797512058464810e-02,0.000000000000000e+00,1.319707576815243e+00,5.075960613888153e+00,1,3.272500038146973e-01,5.200999975204468e-01,3.272500038146973e-01,5.000000000000000e-01
7.033894022250164e-01,1.632497487585264e-01,6503,16786,2.285137939350110e-01,-3.914105826260703e-01,0.000000000000000e+00,1.851947735047069e+00,9.559015615866825e-01,-1.793008633398103e-02,0.000000000000000e+00,1.319676292868881e+00,5.075916534939514e+00,1,3.274999856948853e-01,5.200999975204468e-01,3.274999856948853e-01,5.000000000000000e-01
7.034480996963073e-01,1.633245815051250e-01,6508,16791,2.285874546643925e-01,-3.916977254732810e-01,0.000000000000000e+00,1.851849911385538e+00,9.559709158401274e-01,-1.788504671442379e-02,0.000000000000000e+00,1.319645005192913e+00,5.075872450735873e+00,1,3.277499973773956e-01,5.200999975204468e-01,3.277499973773956e-01,5.000000000000000e-01
7.035067971675981e-01,1.633994142517237e-01,6513,16796,2.286611153937740e-01,-3.919848683204917e-01,0.000000000000000e+00,1.851752087724007e+00,9.560402700935722e-01,-1.784000709486656e-02,0.000000000000000e+00,1.319613717516944e+00,5.075828366532232e+00,1,3.280000090599060e-01,5.200999975204468e-01,3.280000090599060e-01,5.000000000000000e-01
7.035654876419323e-01,1.634742380779806e-01,6518,16801,2.287347673425227e-01,-3.922719769392072e-01,0.000000000000000e+00,1.851654275723421e+00,9.561096160797322e-01,-1.779497284419949e-02,0.000000000000000e+00,1.319582433570583e+00,5.075784287583593e+00,1,3.282499909400940e-01,5.200999975204468e-01,3.282499909400940e-01,5.000000000000000e-01
7.036241851132231e-01,1.635490708245793e-01,6523,16806,2.288084280719042e-01,-3.925591197864179e-01,0.000000000000000e+00,1.851556452061890e+00,9.561789703331771e-01,-1.774993322464225e-02,0.000000000000000e+00,1.319551145894613e+00,5.075740203379953e+00,1,3.285000026226044e-01,5.200999975204468e-01,3.285000026226044e-01,5.000000000000000e-01
7.036828825845141e-01,1.636239035711779e-01,6528,16811,2.288820888012857e-01,-3.928462626336287e-01,0.000000000000000e+00,1.851458628400359e+00,9.562483245866220e-01,-1.770489360508502e-02,0.000000000000000e+00,1.319519858218645e+00,5.075696119176311e+00,1,3.287500143051147e-01,5.200999975204468e-01,3.287500143051147e-01,5.000000000000000e-01
7.037415730588481e-01,1.636987273974349e-01,6533,16816,2.289557407500343e-01,-3.931333712523440e-01,0.000000000000000e+00,1.851360816399773e+00,9.563176705727819e-01,-1.765985935441795e-02,0.000000000000000e+00,1.319488574272283e+00,5.075652040227672e+00,1,3.289999961853027e-01,5.200999975204468e-01,3.289999961853027e-01,5.000000000000000e-01
7.038002705301389e-01,1.637735601440335e-01,6538,16821,2.290294014794159e-01,-3.934205140995548e-01,0.000000000000000e+00,1.851262992738242e+00,9.563870248262267e-01,-1.761481973486071e-02,0.000000000000000e+00,1.319457286596315e+00,5.075607956024031e+00,1,3.292500078678131e-01,5.200999975204468e-01,3.292500078678131e-01,5.000000000000000e-01
7.038589610044730e-01,1.638483839702904e-01,6543,16826,2.291030534281644e-01,-3.937076227182701e-01,0.000000000000000e+00,1.851165180737656e+00,9.564563708123865e-01,-1.756978548419364e-02,0.000000000000000e+00,1.319426002649953e+00,5.075563877075391e+00,1,3.294999897480011e-01,5.200999975204468e-01,3.294999897480011e-01,5.000000000000000e-01
7.039176584757638e-01,1.639232167168891e-01,6548,16831,2.291767141575460e-01,-3.939947655654809e-01,0.000000000000000e+00,1.851067357076126e+00,9.565257250658317e-01,-1.752474586463641e-02,0.000000000000000e+00,1.319394714973985e+00,5.075519792871751e+00,1,3.297500014305115e-01,5.200999975204468e-01,3.297500014305115e-01,5.000000000000000e-01
7.039763555937504e-01,1.639980408675761e-01,6553,16837,2.292503801135677e-01,-3.942818715454036e-01,0.000000000000000e+00,1.850969533335771e+00,9.565950789011330e-01,-1.747970656782280e-02,0.000000000000000e+00,1.319363427505306e+00,5.075475709011349e+00,1,3.300000131130219e-01,5.200999975204468e-01,3.300000131130219e-01,5.000000000000000e-01
7.040283108016211e-01,1.639089953662885e-01,6558,16842,2.294236709328209e-01,-3.938661556183887e-01,0.000000000000000e+00,1.850870218678309e+00,9.566564535556080e-01,-1.744082498484838e-02,0.000000000000000e+00,1.319336095267047e+00,5.075438173429563e+00,1,3.302499949932098e-01,5.200999975204468e-01,3.302499949932098e-01,5.000000000000000e-01
7.040802722034841e-01,1.638199392491806e-01,6563,16847,2.295969824114470e-01,-3.934503901305814e-01,0.000000000000000e+00,1.850770892180759e+00,9.567178355270419e-01,-1.740193876649210e-02,0.000000000000000e+00,1.319308759770296e+00,5.075400633372864e+00,1,3.305000066757202e-01,5.200999975204468e-01,3.305000066757202e-01,5.000000000000000e-01
7.041322274113548e-01,1.637308937478925e-01,6568,16852,2.297702732306894e-01,-3.930346742035637e-01,0.000000000000000e+00,1.850671577523297e+00,9.567792101815166e-01,-1.736305718351764e-02,0.000000000000000e+00,1.319281427532037e+00,5.075363097791080e+00,1,3.307499885559082e-01,5.200999975204468e-01,3.307499885559082e-01,5.000000000000000e-01
7.041841888132180e-01,1.636418376307842e-01,6573,16857,2.299435847093100e-01,-3.926189087157550e-01,0.000000000000000e+00,1.850572251025747e+00,9.568405921529507e-01,-1.732417096516133e-02,0.000000000000000e+00,1.319254092035285e+00,5.075325557734379e+00,1,3.310000002384186e-01,5.200999975204468e-01,3.310000002384186e-01,5.000000000000000e-01
7.042361502150809e-01,1.635527815136760e-01,6578,16862,2.301168961879305e-01,-3.922031432279464e-01,0.000000000000000e+00,1.850472924528197e+00,9.569019741243849e-01,-1.728528474680505e-02,0.000000000000000e+00,1.319226756538533e+00,5.075288017677680e+00,1,3.312500119209290e-01,5.200999975204468e-01,3.312500119209290e-01,5.000000000000000e-01
7.042881054229515e-01,1.634637360123882e-01,6583,16867,2.302901870071783e-01,-3.917874273009302e-01,0.000000000000000e+00,1.850373609870735e+00,9.569633487788597e-01,-1.724640316383061e-02,0.000000000000000e+00,1.319199424300274e+00,5.075250482095894e+00,1,3.314999938011169e-01,5.200999975204468e-01,3.314999938011169e-01,5.000000000000000e-01
7.043400668248148e-01,1.633746798952800e-01,6588,16872,2.304634984857989e-01,-3.913716618131216e-01,0.000000000000000e+00,1.850274283373185e+00,9.570247307502937e-01,-1.720751694547432e-02,0.000000000000000e+00,1.319172088803523e+00,5.075212942039196e+00,1,3.317500054836273e-01,5.200999975204468e-01,3.317500054836273e-01,5.000000000000000e-01
7.043920220326854e-01,1.632856343939921e-01,6593,16877,2.306367893050467e-01,-3.909559458861053e-01,0.000000000000000e+00,1.850174968715723e+00,9.570861054047687e-01,-1.716863536249987e-02,0.000000000000000e+00,1.319144756565264e+00,5.075175406457411e+00,1,3.319999873638153e-01,5.200999975204468e-01,3.319999873638153e-01,5.000000000000000e-01
7.044439834345485e-01,1.631965782768839e-01,6598,16882,2.308101007836673e-01,-3.905401803982965e-01,0.000000000000000e+00,1.850075642218173e+00,9.571474873762026e-01,-1.712974914414357e-02,0.000000000000000e+00,1.319117421068512e+00,5.075137866400710e+00,1,3.322499990463257e-01,5.200999975204468e-01,3.322499990463257e-01,5.000000000000000e-01
7.044959448364113e-01,1.631075221597757e-01,6603,16887,2.309834122622880e-01,-3.901244149104878e-01,0.000000000000000e+00,1.849976315720623e+00,9.572088693476366e-01,-1.709086292578726e-02,0.000000000000000e+00,1.319090085571760e+00,5.075100326344011e+00,1,3.325000107288361e-01,5.200999975204468e-01,3.325000107288361e-01,5.000000000000000e-01
7.045479000442820e-01,1.630184766584878e-01,6608,16892,2.311567030815358e-01,-3.897086989834715e-01,0.000000000000000e+00,1.849877001063161e+00,9.572702440021114e-01,-1.705198134281282e-02,0.000000000000000e+00,1.319062753333501e+00,5.075062790762226e+00,1,3.327499926090240e-01,5.200999975204468e-01,3.327499926090240e-01,5.000000000000000e-01
7.045998614461452e-01,1.629294205413800e-01,6613,16897,2.313300145601616e-01,-3.892929334956643e-01,0.000000000000000e+00,1.849777674565611e+00,9.573316259735455e-01,-1.701309512445655e-02,0.000000000000000e+00,1.319035417836750e+00,5.075025250705528e+00,1,3.330000042915344e-01,5.200999975204468e-01,3.330000042915344e-01,5.000000000000000e-01
7.046518166540158e-01,1.628403750400918e-01,6618,16902,2.315033053794042e-01,-3.888772175686466e-01,0.000000000000000e+00,1.849678359908149e+00,9.573930006280201e-01,-1.697421354148208e-02,0.000000000000000e+00,1.319008085598491e+00,5.074987715123742e+00,1,3.332499861717224e-01,5.200999975204468e-01,3.332499861717224e-01,5.000000000000000e-01
7.047037780558787e-01,1.627513189229836e-01,6623,16907,2.316766168580248e-01,-3.884614520808379e-01,0.000000000000000e+00,1.849579033410599e+00,9.574543825994544e-01,-1.693532732312579e-02,0.000000000000000e+00,1.318980750101739e+00,5.074950175067041e+00,1,3.334999978542328e-01,5.200999975204468e-01,3.334999978542328e-01,5.000000000000000e-01
7.047557394577419e-01,1.626622628058754e-01,6628,16912,2.318499283366454e-01,-3.880456865930291e-01,0.000000000000000e+00,1.849479706913048e+00,9.575157645708884e-01,-1.689644110476948e-02,0.000000000000000e+00,1.318953414604987e+00,5.074912635010342e+00,1,3.337500095367432e-01,5.200999975204468e-01,3.337500095367432e-01,5.000000000000000e-01
7.048076946656125e-01,1.625732173045875e-01,6633,16917,2.320232191558932e-01,-3.876299706660129e-01,0.000000000000000e+00,1.849380392255586e+00,9.575771392253632e-01,-1.685755952179504e-02,0.000000000000000e+00,1.318926082366728e+00,5.074875099428557e+00,1,3.339999914169312e-01,5.200999975204468e-01,3.339999914169312e-01,5.000000000000000e-01
7.048596560674758e-01,1.624841611874793e-01,6638,16922,2.321965306345139e-01,-3.872142051782043e-01,0.000000000000000e+00,1.849281065758036e+00,9.576385211967975e-01,-1.681867330343875e-02,0.000000000000000e+00,1.318898746869977e+00,5.074837559371859e+00,1,3.342500030994415e-01,5.200999975204468e-01,3.342500030994415e-01,5.000000000000000e-01
7.049116174693385e-01,1.623951050703711e-01,6643,16927,2.323698421131345e-01,-3.867984396903955e-01,0.000000000000000e+00,1.849181739260486e+00,9.576999031682314e-01,-1.677978708508245e-02,0.000000000000000e+00,1.318871411373225e+00,5.074800019315159e+00,1,3.345000147819519e-01,5.200999975204468e-01,3.345000147819519e-01,5.000000000000000e-01
7.049635726772093e-01,1.623060595690832e-01,6648,16932,2.325431329323823e-01,-3.863827237633793e-01,0.000000000000000e+00,1.849082424603024e+00,9.577612778227060e-01,-1.674090550210800e-02,0.000000000000000e+00,1.318844079134966e+00,5.074762483733373e+00,1,3.347499966621399e-01,5.200999975204468e-01,3.347499966621399e-01,5.000000000000000e-01
7.050155340790724e-01,1.622170034519750e-01,6653,16937,2.327164444110029e-01,-3.859669582755706e-01,0.000000000000000e+00,1.848983098105474e+00,9.578226597941402e-01,-1.670201928375170e-02,0.000000000000000e+00,1.318816743638215e+00,5.074724943676674e+00,1,3.350000083446503e-01,5.200999975204468e-01,3.350000083446503e-01,5.000000000000000e-01
7.050674892869431e-01,1.621279579506876e-01,6658,16942,2.328897352302556e-01,-3.855512423485558e-01,0.000000000000000e+00,1.848883783448012e+00,9.578840344486150e-01,-1.666313770077728e-02,0.000000000000000e+00,1.318789411399956e+00,5.074687408094888e+00,1,3.352499902248383e-01,5.200999975204468e-01,3.352499902248383e-01,5.000000000000000e-01
7.051194506888061e-01,1.620389018335789e-01,6663,16947,2.330630467088713e-01,-3.851354768607457e-01,0.000000000000000e+00,1.848784456950462e+00,9.579454164200489e-01,-1.662425148242096e-02,0.000000000000000e+00,1.318762075903204e+00,5.074649868038189e+00,1,3.355000019073486e-01,5.200999975204468e-01,3.355000019073486e-01,5.000000000000000e-01
7.051714120906691e-01,1.619498457164707e-01,6668,16952,2.332363581874919e-01,-3.847197113729369e-01,0.000000000000000e+00,1.848685130452912e+00,9.580067983914831e-01,-1.658536526406467e-02,0.000000000000000e+00,1.318734740406452e+00,5.074612327981490e+00,1,3.357500135898590e-01,5.200999975204468e-01,3.357500135898590e-01,5.000000000000000e-01
7.052233672985397e-01,1.618608002151829e-01,6673,16957,2.334096490067397e-01,-3.843039954459206e-01,0.000000000000000e+00,1.848585815795450e+00,9.580681730459577e-01,-1.654648368109022e-02,0.000000000000000e+00,1.318707408168193e+00,5.074574792399703e+00,1,3.359999954700470e-01,5.200999975204468e-01,3.359999954700470e-01,5.000000000000000e-01
7.052753287004028e-01,1.617717440980747e-01,6678,16962,2.335829604853603e-01,-3.838882299581121e-01,0.000000000000000e+00,1.848486489297900e+00,9.581295550173918e-01,-1.650759746273393e-02,0.000000000000000e+00,1.318680072671442e+00,5.074537252343005e+00,1,3.362500071525574e-01,5.200999975204468e-01,3.362500071525574e-01,5.000000000000000e-01
7.053272839082736e-01,1.616826985967868e-01,6683,16967,2.337562513046081e-01,-3.834725140310957e-01,0.000000000000000e+00,1.848387174640437e+00,9.581909296718668e-01,-1.646871587975948e-02,0.000000000000000e+00,1.318652740433182e+00,5.074499716761220e+00,1,3.364999890327454e-01,5.200999975204468e-01,3.364999890327454e-01,5.000000000000000e-01
7.053792453101366e-01,1.615936424796786e-01,6688,16972,2.339295627832287e-01,-3.830567485432871e-01,0.000000000000000e+00,1.848287848142887e+00,9.582523116433008e-01,-1.642982966140318e-02,0.000000000000000e+00,1.318625404936431e+00,5.074462176704521e+00,1,3.367500007152557e-01,5.200999975204468e-01,3.367500007152557e-01,5.000000000000000e-01
7.054312067119997e-01,1.615045863625704e-01,6693,16977,2.341028742618494e-01,-3.826409830554783e-01,0.000000000000000e+00,1.848188521645338e+00,9.583136936147347e-01,-1.639094344304689e-02,0.000000000000000e+00,1.318598069439679e+00,5.074424636647821e+00,1,3.370000123977661e-01,5.200999975204468e-01,3.370000123977661e-01,5.000000000000000e-01
7.054831619198703e-01,1.614155408612825e-01,6698,16982,2.342761650810972e-01,-3.822252671284621e-01,0.000000000000000e+00,1.848089206987875e+00,9.583750682692096e-01,-1.635206186007244e-02,0.000000000000000e+00,1.318570737201420e+00,5.074387101066035e+00,1,3.372499942779541e-01,5.200999975204468e-01,3.372499942779541e-01,5.000000000000000e-01
7.055351233217333e-01,1.613264847441743e-01,6703,16987,2.344494765597178e-01,-3.818095016406534e-01,0.000000000000000e+00,1.847989880490325e+00,9.584364502406436e-01,-1.631317564171614e-02,0.000000000000000e+00,1.318543401704669e+00,5.074349561009337e+00,1,3.375000059604645e-01,5.200999975204468e-01,3.375000059604645e-01,5.000000000000000e-01
7.055870785296040e-01,1.612374392428865e-01,6708,16992,2.346227673789656e-01,-3.813937857136371e-01,0.000000000000000e+00,1.847890565832863e+00,9.584978248951184e-01,-1.627429405874170e-02,0.000000000000000e+00,1.318516069466410e+00,5.074312025427551e+00,1,3.377499878406525e-01,5.200999975204468e-01,3.377499878406525e-01,5.000000000000000e-01
7.056390399314669e-01,1.611483831257783e-01,6713,16997,2.347960788575862e-01,-3.809780202258285e-01,0.000000000000000e+00,1.847791239335313e+00,9.585592068665525e-01,-1.623540784038540e-02,0.000000000000000e+00,1.318488733969658e+00,5.074274485370852e+00,1,3.379999995231628e-01,5.200999975204468e-01,3.379999995231628e-01,5.000000000000000e-01
7.056910013333300e-01,1.610593270086700e-01,6718,17002,2.349693903362068e-01,-3.805622547380197e-01,0.000000000000000e+00,1.847691912837763e+00,9.586205888379865e-01,-1.619652162202910e-02,0.000000000000000e+00,1.318461398472906e+00,5.074236945314152e+00,1,3.382500112056732e-01,5.200999975204468e-01,3.382500112056732e-01,5.000000000000000e-01
7.057429565412008e-01,1.609702815073822e-01,6723,17007,2.351426811554546e-01,-3.801465388110035e-01,0.000000000000000e+00,1.847592598180301e+00,9.586819634924613e-01,-1.615764003905466e-02,0.000000000000000e+00,1.318434066234647e+00,5.074199409732367e+00,1,3.384999930858612e-01,5.200999975204468e-01,3.384999930858612e-01,5.000000000000000e-01
7.057949179430638e-01,1.608812253902740e-01,6728,17012,2.353159926340753e-01,-3.797307733231947e-01,0.000000000000000e+00,1.847493271682751e+00,9.587433454638955e-01,-1.611875382069836e-02,0.000000000000000e+00,1.318406730737895e+00,5.074161869675667e+00,1,3.387500047683716e-01,5.200999975204468e-01,3.387500047683716e-01,5.000000000000000e-01
7.058468731509344e-01,1.607921798889861e-01,6733,17017,2.354892834533230e-01,-3.793150573961785e-01,0.000000000000000e+00,1.847393957025289e+00,9.588047201183701e-01,-1.607987223772392e-02,0.000000000000000e+00,1.318379398499637e+00,5.074124334093883e+00,1,3.389999866485596e-01,5.200999975204468e-01,3.389999866485596e-01,5.000000000000000e-01
7.058988345527976e-01,1.607031237718780e-01,6738,17022,2.356625949319436e-01,-3.788992919083699e-01,0.000000000000000e+00,1.847294630527739e+00,9.588661020898042e-01,-1.604098601936762e-02,0.000000000000000e+00,1.318352063002885e+00,5.074086794037183e+00,1,3.392499983310699e-01,5.200999975204468e-01,3.392499983310699e-01,5.000000000000000e-01
7.059507959546605e-01,1.606140676547697e-01,6743,17027,2.358359064105643e-01,-3.784835264205612e-01,0.000000000000000e+00,1.847195304030189e+00,9.589274840612383e-01,-1.600209980101133e-02,0.000000000000000e+00,1.318324727506133e+00,5.074049253980483e+00,1,3.395000100135803e-01,5.200999975204468e-01,3.395000100135803e-01,5.000000000000000e-01
7.060027511625311e-01,1.605250221534819e-01,6748,17032,2.360091972298120e-01,-3.780678104935449e-01,0.000000000000000e+00,1.847095989372726e+00,9.589888587157132e-01,-1.596321821803688e-02,0.000000000000000e+00,1.318297395267874e+00,5.074011718398698e+00,1,3.397499918937683e-01,5.200999975204468e-01,3.397499918937683e-01,5.000000000000000e-01
7.060547125643943e-01,1.604359660363737e-01,6753,17038,2.361825087084327e-01,-3.776520450057362e-01,0.000000000000000e+00,1.846996662875176e+00,9.590502406871473e-01,-1.592433199968058e-02,0.000000000000000e+00,1.318270059771123e+00,5.073974178341999e+00,1,3.400000035762787e-01,5.200999975204468e-01,3.400000035762787e-01,5.000000000000000e-01
7.061057757935437e-01,1.602021395889305e-01,6758,17043,2.365019981748052e-01,-3.765242454420888e-01,0.000000000000000e+00,1.846907165333574e+00,9.591098904551724e-01,-1.588719971187373e-02,0.000000000000000e+00,1.318241725242142e+00,5.073931685702059e+00,1,3.402499854564667e-01,5.200999975204468e-01,3.402499854564667e-01,5.000000000000000e-01
7.061568451231082e-01,1.599682873366572e-01,6763,17048,2.368215236382871e-01,-3.753963216127557e-01,0.000000000000000e+00,1.846817656981799e+00,9.591695473591981e-01,-1.585006297220405e-02,0.000000000000000e+00,1.318213387349517e+00,5.073889188067156e+00,1,3.404999971389771e-01,5.200999975204468e-01,3.404999971389771e-01,5.000000000000000e-01
7.062079144526723e-01,1.597344350843856e-01,6768,17053,2.371410491017816e-01,-3.742683977834270e-01,0.000000000000000e+00,1.846728148630024e+00,9.592292042632241e-01,-1.581292623253444e-02,0.000000000000000e+00,1.318185049456893e+00,5.073846690432256e+00,1,3.407500088214874e-01,5.200999975204468e-01,3.407500088214874e-01,5.000000000000000e-01
7.062589776945826e-01,1.595006107081704e-01,6773,17058,2.374605364766399e-01,-3.731406084068090e-01,0.000000000000000e+00,1.846638650947978e+00,9.592888540559253e-01,-1.577579391970223e-02,0.000000000000000e+00,1.318156714942251e+00,5.073804197863229e+00,1,3.409999907016754e-01,5.200999975204468e-01,3.409999907016754e-01,5.000000000000000e-01
7.063100470241468e-01,1.592667584558977e-01,6778,17063,2.377800619401259e-01,-3.720126845774774e-01,0.000000000000000e+00,1.846549142596204e+00,9.593485109599514e-01,-1.573865718003258e-02,0.000000000000000e+00,1.318128377049627e+00,5.073761700228328e+00,1,3.412500023841858e-01,5.200999975204468e-01,3.412500023841858e-01,5.000000000000000e-01
7.063611163537111e-01,1.590329062036249e-01,6783,17068,2.380995874036120e-01,-3.708847607481454e-01,0.000000000000000e+00,1.846459634244430e+00,9.594081678639775e-01,-1.570152044036291e-02,0.000000000000000e+00,1.318100039157003e+00,5.073719202593427e+00,1,3.415000140666962e-01,5.200999975204468e-01,3.415000140666962e-01,5.000000000000000e-01
7.064121795956212e-01,1.587990818274104e-01,6788,17073,2.384190747784744e-01,-3.697569713715292e-01,0.000000000000000e+00,1.846370136562383e+00,9.594678176566788e-01,-1.566438812753074e-02,0.000000000000000e+00,1.318071704642360e+00,5.073676710024402e+00,1,3.417499959468842e-01,5.200999975204468e-01,3.417499959468842e-01,5.000000000000000e-01
7.064632489251853e-01,1.585652295751377e-01,6793,17078,2.387386002419604e-01,-3.686290475421977e-01,0.000000000000000e+00,1.846280628210609e+00,9.595274745607049e-01,-1.562725138786109e-02,0.000000000000000e+00,1.318043366749736e+00,5.073634212389501e+00,1,3.420000076293945e-01,5.200999975204468e-01,3.420000076293945e-01,5.000000000000000e-01
7.065143121670956e-01,1.583314051989231e-01,6798,17083,2.390580876168230e-01,-3.675012581655810e-01,0.000000000000000e+00,1.846191130528563e+00,9.595871243534061e-01,-1.559011907502891e-02,0.000000000000000e+00,1.318015032235094e+00,5.073591719820476e+00,1,3.422499895095825e-01,5.200999975204468e-01,3.422499895095825e-01,5.000000000000000e-01
7.065653814966598e-01,1.580975529466503e-01,6803,17088,2.393776130803091e-01,-3.663733343362492e-01,0.000000000000000e+00,1.846101622176789e+00,9.596467812574320e-01,-1.555298233535924e-02,0.000000000000000e+00,1.317986694342469e+00,5.073549222185573e+00,1,3.425000011920929e-01,5.200999975204468e-01,3.425000011920929e-01,5.000000000000000e-01
7.066164508262239e-01,1.578637006943775e-01,6808,17093,2.396971385437951e-01,-3.652454105069174e-01,0.000000000000000e+00,1.846012113825014e+00,9.597064381614580e-01,-1.551584559568958e-02,0.000000000000000e+00,1.317958356449845e+00,5.073506724550672e+00,1,3.427500128746033e-01,5.200999975204468e-01,3.427500128746033e-01,5.000000000000000e-01
7.066675140681342e-01,1.576298763181629e-01,6813,17098,2.400166259186576e-01,-3.641176211303011e-01,0.000000000000000e+00,1.845922616142968e+00,9.597660879541592e-01,-1.547871328285741e-02,0.000000000000000e+00,1.317930021935203e+00,5.073464231981647e+00,1,3.429999947547913e-01,5.200999975204468e-01,3.429999947547913e-01,5.000000000000000e-01
7.067185833976984e-01,1.573960240658901e-01,6818,17103,2.403361513821438e-01,-3.629896973009690e-01,0.000000000000000e+00,1.845833107791194e+00,9.598257448581852e-01,-1.544157654318774e-02,0.000000000000000e+00,1.317901684042579e+00,5.073421734346745e+00,1,3.432500064373016e-01,5.200999975204468e-01,3.432500064373016e-01,5.000000000000000e-01
7.067696466396087e-01,1.571621996896762e-01,6823,17108,2.406556387570102e-01,-3.618619079243540e-01,0.000000000000000e+00,1.845743610109148e+00,9.598853946508865e-01,-1.540444423035558e-02,0.000000000000000e+00,1.317873349527937e+00,5.073379241777721e+00,1,3.434999883174896e-01,5.200999975204468e-01,3.434999883174896e-01,5.000000000000000e-01
7.068207159691730e-01,1.569283474374034e-01,6828,17113,2.409751642204962e-01,-3.607339840950222e-01,0.000000000000000e+00,1.845654101757373e+00,9.599450515549124e-01,-1.536730749068592e-02,0.000000000000000e+00,1.317845011635312e+00,5.073336744142819e+00,1,3.437500000000000e-01,5.200999975204468e-01,3.437500000000000e-01,5.000000000000000e-01
7.068717852987372e-01,1.566944951851300e-01,6833,17118,2.412946896839784e-01,-3.596060602656890e-01,0.000000000000000e+00,1.845564593405599e+00,9.600047084589385e-01,-1.533017075101624e-02,0.000000000000000e+00,1.317816673742688e+00,5.073294246507917e+00,1,3.440000116825104e-01,5.200999975204468e-01,3.440000116825104e-01,5.000000000000000e-01
7.069228485406474e-01,1.564606708089155e-01,6838,17123,2.416141770588408e-01,-3.584782708890726e-01,0.000000000000000e+00,1.845475095723552e+00,9.600643582516397e-01,-1.529303843818406e-02,0.000000000000000e+00,1.317788339228046e+00,5.073251753938893e+00,1,3.442499935626984e-01,5.200999975204468e-01,3.442499935626984e-01,5.000000000000000e-01
7.069739178702117e-01,1.562268185566427e-01,6843,17128,2.419337025223269e-01,-3.573503470597408e-01,0.000000000000000e+00,1.845385587371778e+00,9.601240151556657e-01,-1.525590169851440e-02,0.000000000000000e+00,1.317760001335422e+00,5.073209256303991e+00,1,3.445000052452087e-01,5.200999975204468e-01,3.445000052452087e-01,5.000000000000000e-01
7.070249811121218e-01,1.559929941804281e-01,6848,17133,2.422531898971894e-01,-3.562225576831245e-01,0.000000000000000e+00,1.845296089689732e+00,9.601836649483668e-01,-1.521876938568223e-02,0.000000000000000e+00,1.317731666820779e+00,5.073166763734966e+00,1,3.447499871253967e-01,5.200999975204468e-01,3.447499871253967e-01,5.000000000000000e-01
7.070760504416860e-01,1.557591419281553e-01,6853,17138,2.425727153606755e-01,-3.550946338537927e-01,0.000000000000000e+00,1.845206581337957e+00,9.602433218523927e-01,-1.518163264601256e-02,0.000000000000000e+00,1.317703328928155e+00,5.073124266100064e+00,1,3.449999988079071e-01,5.200999975204468e-01,3.449999988079071e-01,5.000000000000000e-01
7.071271197712502e-01,1.555252896758826e-01,6858,17143,2.428922408241616e-01,-3.539667100244608e-01,0.000000000000000e+00,1.845117072986183e+00,9.603029787564189e-01,-1.514449590634290e-02,0.000000000000000e+00,1.317674991035531e+00,5.073081768465162e+00,1,3.452500104904175e-01,5.200999975204468e-01,3.452500104904175e-01,5.000000000000000e-01
7.071781830131605e-01,1.552914652996680e-01,6863,17148,2.432117281990240e-01,-3.528389206478445e-01,0.000000000000000e+00,1.845027575304137e+00,9.603626285491201e-01,-1.510736359351073e-02,0.000000000000000e+00,1.317646656520889e+00,5.073039275896138e+00,1,3.454999923706055e-01,5.200999975204468e-01,3.454999923706055e-01,5.000000000000000e-01
7.072292523427245e-01,1.550576130473946e-01,6868,17153,2.435312536625063e-01,-3.517109968185113e-01,0.000000000000000e+00,1.844938066952362e+00,9.604222854531461e-01,-1.507022685384105e-02,0.000000000000000e+00,1.317618318628264e+00,5.072996778261235e+00,1,3.457500040531158e-01,5.200999975204468e-01,3.457500040531158e-01,5.000000000000000e-01
7.072803155846348e-01,1.548237886711807e-01,6873,17158,2.438507410373725e-01,-3.505832074418963e-01,0.000000000000000e+00,1.844848569270316e+00,9.604819352458472e-01,-1.503309454100889e-02,0.000000000000000e+00,1.317589984113622e+00,5.072954285692211e+00,1,3.459999859333038e-01,5.200999975204468e-01,3.459999859333038e-01,5.000000000000000e-01
7.073313849141991e-01,1.545899364189079e-01,6878,17163,2.441702665008587e-01,-3.494552836125644e-01,0.000000000000000e+00,1.844759060918542e+00,9.605415921498733e-01,-1.499595780133923e-02,0.000000000000000e+00,1.317561646220998e+00,5.072911788057310e+00,1,3.462499976158142e-01,5.200999975204468e-01,3.462499976158142e-01,5.000000000000000e-01
7.073824542437633e-01,1.543560841666352e-01,6883,17168,2.444897919643447e-01,-3.483273597832327e-01,0.000000000000000e+00,1.844669552566767e+00,9.606012490538993e-01,-1.495882106166957e-02,0.000000000000000e+00,1.317533308328373e+00,5.072869290422408e+00,1,3.465000092983246e-01,5.200999975204468e-01,3.465000092983246e-01,5.000000000000000e-01
7.074335174856735e-01,1.541222597904206e-01,6888,17173,2.448092793392072e-01,-3.471995704066163e-01,0.000000000000000e+00,1.844580054884722e+00,9.606608988466006e-01,-1.492168874883739e-02,0.000000000000000e+00,1.317504973813731e+00,5.072826797853383e+00,1,3.467499911785126e-01,5.200999975204468e-01,3.467499911785126e-01,5.000000000000000e-01
7.074845868152377e-01,1.538884075381478e-01,6893,17178,2.451288048026933e-01,-3.460716465772845e-01,0.000000000000000e+00,1.844490546532947e+00,9.607205557506265e-01,-1.488455200916773e-02,0.000000000000000e+00,1.317476635921107e+00,5.072784300218481e+00,1,3.470000028610229e-01,5.200999975204468e-01,3.470000028610229e-01,5.000000000000000e-01
7.075356561448021e-01,1.536545552858750e-01,6898,17183,2.454483302661793e-01,-3.449437227479527e-01,0.000000000000000e+00,1.844401038181172e+00,9.607802126546525e-01,-1.484741526949807e-02,0.000000000000000e+00,1.317448298028483e+00,5.072741802583579e+00,1,3.472500145435333e-01,5.200999975204468e-01,3.472500145435333e-01,5.000000000000000e-01
7.075867193867122e-01,1.534207309096605e-01,6903,17188,2.457678176410418e-01,-3.438159333713363e-01,0.000000000000000e+00,1.844311540499126e+00,9.608398624473539e-01,-1.481028295666589e-02,0.000000000000000e+00,1.317419963513840e+00,5.072699310014555e+00,1,3.474999964237213e-01,5.200999975204468e-01,3.474999964237213e-01,5.000000000000000e-01
7.076377887162764e-01,1.531868786573877e-01,6908,17193,2.460873431045279e-01,-3.426880095420045e-01,0.000000000000000e+00,1.844222032147352e+00,9.608995193513798e-01,-1.477314621699623e-02,0.000000000000000e+00,1.317391625621216e+00,5.072656812379653e+00,1,3.477500081062317e-01,5.200999975204468e-01,3.477500081062317e-01,5.000000000000000e-01
7.076888519581866e-01,1.529530542811732e-01,6913,17198,2.464068304793904e-01,-3.415602201653881e-01,0.000000000000000e+00,1.844132534465306e+00,9.609591691440811e-01,-1.473601390416406e-02,0.000000000000000e+00,1.317363291106574e+00,5.072614319810627e+00,1,3.479999899864197e-01,5.200999975204468e-01,3.479999899864197e-01,5.000000000000000e-01
7.077399212877508e-01,1.527192020289004e-01,6918,17203,2.467263559428764e-01,-3.404322963360563e-01,0.000000000000000e+00,1.844043026113531e+00,9.610188260481070e-01,-1.469887716449439e-02,0.000000000000000e+00,1.317334953213950e+00,5.072571822175727e+00,1,3.482500016689301e-01,5.200999975204468e-01,3.482500016689301e-01,5.000000000000000e-01
7.077909906173150e-01,1.524853497766276e-01,6923,17208,2.470458814063625e-01,-3.393043725067245e-01,0.000000000000000e+00,1.843953517761757e+00,9.610784829521331e-01,-1.466174042482473e-02,0.000000000000000e+00,1.317306615321325e+00,5.072529324540824e+00,1,3.485000133514404e-01,5.200999975204468e-01,3.485000133514404e-01,5.000000000000000e-01
7.078420538592254e-01,1.522515254004131e-01,6928,17213,2.473653687812250e-01,-3.381765831301082e-01,0.000000000000000e+00,1.843864020079711e+00,9.611381327448343e-01,-1.462460811199255e-02,0.000000000000000e+00,1.317278280806683e+00,5.072486831971800e+00,1,3.487499952316284e-01,5.200999975204468e-01,3.487499952316284e-01,5.000000000000000e-01
7.078931231887895e-01,1.520176731481402e-01,6933,17218,2.476848942447111e-01,-3.370486593007763e-01,0.000000000000000e+00,1.843774511727936e+00,9.611977896488603e-01,-1.458747137232289e-02,0.000000000000000e+00,1.317249942914059e+00,5.072444334336897e+00,1,3.490000069141388e-01,5.200999975204468e-01,3.490000069141388e-01,5.000000000000000e-01
7.079441864306997e-01,1.517838487719257e-01,6938,17223,2.480043816195735e-01,-3.359208699241599e-01,0.000000000000000e+00,1.843685014045890e+00,9.612574394415616e-01,-1.455033905949072e-02,0.000000000000000e+00,1.317221608399417e+00,5.072401841767872e+00,1,3.492499887943268e-01,5.200999975204468e-01,3.492499887943268e-01,5.000000000000000e-01
7.079952557602639e-01,1.515499965196530e-01,6943,17228,2.483239070830596e-01,-3.347929460948281e-01,0.000000000000000e+00,1.843595505694116e+00,9.613170963455875e-01,-1.451320231982105e-02,0.000000000000000e+00,1.317193270506792e+00,5.072359344132972e+00,1,3.495000004768372e-01,5.200999975204468e-01,3.495000004768372e-01,5.000000000000000e-01
7.080463250898281e-01,1.513161442673802e-01,6948,17233,2.486434325465457e-01,-3.336650222654963e-01,0.000000000000000e+00,1.843505997342341e+00,9.613767532496135e-01,-1.447606558015139e-02,0.000000000000000e+00,1.317164932614168e+00,5.072316846498069e+00,1,3.497500121593475e-01,5.200999975204468e-01,3.497500121593475e-01,5.000000000000000e-01
7.080973883317383e-01,1.510823198911656e-01,6953,17239,2.489629199214082e-01,-3.325372328888800e-01,0.000000000000000e+00,1.843416499660295e+00,9.614364030423148e-01,-1.443893326731922e-02,0.000000000000000e+00,1.317136598099526e+00,5.072274353929044e+00,1,3.499999940395355e-01,5.200999975204468e-01,3.499999940395355e-01,5.000000000000000e-01
7.081440503807420e-01,1.509771667539777e-01,6958,17244,2.499208732527301e-01,-3.312595511562023e-01,0.000000000000000e+00,1.843339731335593e+00,9.614896354725460e-01,-1.440243613197029e-02,0.000000000000000e+00,1.317107359431024e+00,5.072222675498836e+00,1,3.502500057220459e-01,5.200999975204468e-01,3.502500057220459e-01,5.000000000000000e-01
7.081907067623932e-01,1.508720292194240e-01,6963,17249,2.508787276115924e-01,-3.299820181579384e-01,0.000000000000000e+00,1.843262972465663e+00,9.615428614041238e-01,-1.436594336246281e-02,0.000000000000000e+00,1.317078124226408e+00,5.072171003010030e+00,1,3.504999876022339e-01,5.200999975204468e-01,3.504999876022339e-01,5.000000000000000e-01
7.082373687063215e-01,1.507668791505926e-01,6968,17254,2.518366961638761e-01,-3.287043328548368e-01,0.000000000000000e+00,1.843186204444700e+00,9.615960936811870e-01,-1.432944624236289e-02,0.000000000000000e+00,1.317048885536431e+00,5.072119324360938e+00,1,3.507499992847443e-01,5.200999975204468e-01,3.507499992847443e-01,5.000000000000000e-01
7.082840306502498e-01,1.506617290817604e-01,6973,17259,2.527946647161559e-01,-3.274266475517346e-01,0.000000000000000e+00,1.843109436423736e+00,9.616493259582507e-01,-1.429294912226298e-02,0.000000000000000e+00,1.317019646846454e+00,5.072067645711847e+00,1,3.510000109672546e-01,5.200999975204468e-01,3.510000109672546e-01,5.000000000000000e-01
7.083306870319008e-01,1.505565915472075e-01,6978,17264,2.537525190750218e-01,-3.261491145534717e-01,0.000000000000000e+00,1.843032677553807e+00,9.617025518898286e-01,-1.425645635275550e-02,0.000000000000000e+00,1.316990411641837e+00,5.072015973223043e+00,1,3.512499928474426e-01,5.200999975204468e-01,3.512499928474426e-01,5.000000000000000e-01
7.083773489758292e-01,1.504514414783754e-01,6983,17269,2.547104876273016e-01,-3.248714292503693e-01,0.000000000000000e+00,1.842955909532843e+00,9.617557841668919e-01,-1.421995923265558e-02,0.000000000000000e+00,1.316961172951860e+00,5.071964294573951e+00,1,3.515000045299530e-01,5.200999975204468e-01,3.515000045299530e-01,5.000000000000000e-01
7.084240053574804e-01,1.503463039438224e-01,6988,17274,2.556683419861676e-01,-3.235938962521064e-01,0.000000000000000e+00,1.842879150662913e+00,9.618090100984700e-01,-1.418346646314811e-02,0.000000000000000e+00,1.316931937747244e+00,5.071912622085146e+00,1,3.517499864101410e-01,5.200999975204468e-01,3.517499864101410e-01,5.000000000000000e-01
7.084706673014087e-01,1.502411538749903e-01,6993,17279,2.566263105384474e-01,-3.223162109490041e-01,0.000000000000000e+00,1.842802382641950e+00,9.618622423755333e-01,-1.414696934304819e-02,0.000000000000000e+00,1.316902699057267e+00,5.071860943436056e+00,1,3.519999980926514e-01,5.200999975204468e-01,3.519999980926514e-01,5.000000000000000e-01
7.085173292453371e-01,1.501360038061581e-01,6998,17284,2.575842790907276e-01,-3.210385256459013e-01,0.000000000000000e+00,1.842725614620986e+00,9.619154746525965e-01,-1.411047222294826e-02,0.000000000000000e+00,1.316873460367289e+00,5.071809264786964e+00,1,3.522500097751617e-01,5.200999975204468e-01,3.522500097751617e-01,5.000000000000000e-01
7.085639856269879e-01,1.500308662716052e-01,7003,17289,2.585421334495931e-01,-3.197609926476390e-01,0.000000000000000e+00,1.842648855751056e+00,9.619687005841745e-01,-1.407397945344080e-02,0.000000000000000e+00,1.316844225162673e+00,5.071757592298159e+00,1,3.524999916553497e-01,5.200999975204468e-01,3.524999916553497e-01,5.000000000000000e-01
7.086106475709163e-01,1.499257162027723e-01,7008,17294,2.595001020018701e-01,-3.184833073445348e-01,0.000000000000000e+00,1.842572087730093e+00,9.620219328612379e-01,-1.403748233334086e-02,0.000000000000000e+00,1.316814986472696e+00,5.071705913649067e+00,1,3.527500033378601e-01,5.200999975204468e-01,3.527500033378601e-01,5.000000000000000e-01
7.086573039525674e-01,1.498205786682201e-01,7013,17299,2.604579563607389e-01,-3.172057743462738e-01,0.000000000000000e+00,1.842495328860164e+00,9.620751587928158e-01,-1.400098956383341e-02,0.000000000000000e+00,1.316785751268079e+00,5.071654241160263e+00,1,3.529999852180481e-01,5.200999975204468e-01,3.529999852180481e-01,5.000000000000000e-01
7.087039658964958e-01,1.497154285993880e-01,7018,17304,2.614159249130189e-01,-3.159280890431712e-01,0.000000000000000e+00,1.842418560839200e+00,9.621283910698790e-01,-1.396449244373349e-02,0.000000000000000e+00,1.316756512578102e+00,5.071602562511171e+00,1,3.532499969005585e-01,5.200999975204468e-01,3.532499969005585e-01,5.000000000000000e-01
7.087506278404241e-01,1.496102785305558e-01,7023,17309,2.623738934652989e-01,-3.146504037400685e-01,0.000000000000000e+00,1.842341792818237e+00,9.621816233469425e-01,-1.392799532363357e-02,0.000000000000000e+00,1.316727273888125e+00,5.071550883862080e+00,1,3.535000085830688e-01,5.200999975204468e-01,3.535000085830688e-01,5.000000000000000e-01
7.087972842220750e-01,1.495051409960029e-01,7028,17314,2.633317478241647e-01,-3.133728707418061e-01,0.000000000000000e+00,1.842265033948307e+00,9.622348492785205e-01,-1.389150255412610e-02,0.000000000000000e+00,1.316698038683509e+00,5.071499211373276e+00,1,3.537499904632568e-01,5.200999975204468e-01,3.537499904632568e-01,5.000000000000000e-01
7.088439461660034e-01,1.493999909271707e-01,7033,17319,2.642897163764447e-01,-3.120951854387034e-01,0.000000000000000e+00,1.842188265927344e+00,9.622880815555838e-01,-1.385500543402618e-02,0.000000000000000e+00,1.316668799993531e+00,5.071447532724184e+00,1,3.540000021457672e-01,5.200999975204468e-01,3.540000021457672e-01,5.000000000000000e-01
7.088906081099318e-01,1.492948408583394e-01,7038,17324,2.652476849287280e-01,-3.108175001356021e-01,0.000000000000000e+00,1.842111497906380e+00,9.623413138326472e-01,-1.381850831392627e-02,0.000000000000000e+00,1.316639561303555e+00,5.071395854075094e+00,1,3.542500138282776e-01,5.200999975204468e-01,3.542500138282776e-01,5.000000000000000e-01
7.089372644915830e-01,1.491897033237865e-01,7043,17329,2.662055392875937e-01,-3.095399671373394e-01,0.000000000000000e+00,1.842034739036450e+00,9.623945397642253e-01,-1.378201554441880e-02,0.000000000000000e+00,1.316610326098938e+00,5.071344181586289e+00,1,3.544999957084656e-01,5.200999975204468e-01,3.544999957084656e-01,5.000000000000000e-01
7.089839264355113e-01,1.490845532549535e-01,7048,17334,2.671635078398705e-01,-3.082622818342357e-01,0.000000000000000e+00,1.841957971015487e+00,9.624477720412885e-01,-1.374551842431886e-02,0.000000000000000e+00,1.316581087408961e+00,5.071292502937197e+00,1,3.547500073909760e-01,5.200999975204468e-01,3.547500073909760e-01,5.000000000000000e-01
7.090305828171622e-01,1.489794157204006e-01,7053,17339,2.681213621987362e-01,-3.069847488359730e-01,0.000000000000000e+00,1.841881212145557e+00,9.625009979728665e-01,-1.370902565481139e-02,0.000000000000000e+00,1.316551852204344e+00,5.071240830448392e+00,1,3.549999892711639e-01,5.200999975204468e-01,3.549999892711639e-01,5.000000000000000e-01
7.090772447610907e-01,1.488742656515684e-01,7058,17344,2.690793307510162e-01,-3.057070635328704e-01,0.000000000000000e+00,1.841804444124594e+00,9.625542302499297e-01,-1.367252853471147e-02,0.000000000000000e+00,1.316522613514367e+00,5.071189151799301e+00,1,3.552500009536743e-01,5.200999975204468e-01,3.552500009536743e-01,5.000000000000000e-01
7.091239067050189e-01,1.487691155827363e-01,7063,17349,2.700372993032965e-01,-3.044293782297676e-01,0.000000000000000e+00,1.841727676103630e+00,9.626074625269931e-01,-1.363603141461154e-02,0.000000000000000e+00,1.316493374824390e+00,5.071137473150209e+00,1,3.555000126361847e-01,5.200999975204468e-01,3.555000126361847e-01,5.000000000000000e-01
7.091705630866700e-01,1.486639780481834e-01,7068,17354,2.709951536621620e-01,-3.031518452315053e-01,0.000000000000000e+00,1.841650917233701e+00,9.626606884585710e-01,-1.359953864510408e-02,0.000000000000000e+00,1.316464139619774e+00,5.071085800661405e+00,1,3.557499945163727e-01,5.200999975204468e-01,3.557499945163727e-01,5.000000000000000e-01
7.092172250305983e-01,1.485588279793512e-01,7073,17359,2.719531222144420e-01,-3.018741599284027e-01,0.000000000000000e+00,1.841574149212737e+00,9.627139207356342e-01,-1.356304152500416e-02,0.000000000000000e+00,1.316434900929796e+00,5.071034122012313e+00,1,3.560000061988831e-01,5.200999975204468e-01,3.560000061988831e-01,5.000000000000000e-01
7.092638814122494e-01,1.484536904447975e-01,7078,17364,2.729109765733045e-01,-3.005966269301389e-01,0.000000000000000e+00,1.841497390342807e+00,9.627671466672123e-01,-1.352654875549667e-02,0.000000000000000e+00,1.316405665725180e+00,5.070982449523509e+00,1,3.562499880790710e-01,5.200999975204468e-01,3.562499880790710e-01,5.000000000000000e-01
7.093105433561777e-01,1.483485403759653e-01,7083,17369,2.738689451255845e-01,-2.993189416270362e-01,0.000000000000000e+00,1.841420622321844e+00,9.628203789442757e-01,-1.349005163539675e-02,0.000000000000000e+00,1.316376427035203e+00,5.070930770874416e+00,1,3.564999997615814e-01,5.200999975204468e-01,3.564999997615814e-01,5.000000000000000e-01
7.093572053001060e-01,1.482433903071340e-01,7088,17374,2.748269136778678e-01,-2.980412563239349e-01,0.000000000000000e+00,1.841343854300880e+00,9.628736112213392e-01,-1.345355451529685e-02,0.000000000000000e+00,1.316347188345226e+00,5.070879092225326e+00,1,3.567500114440918e-01,5.200999975204468e-01,3.567500114440918e-01,5.000000000000000e-01
7.094038616817571e-01,1.481382527725811e-01,7093,17379,2.757847680367335e-01,-2.967637233256723e-01,0.000000000000000e+00,1.841267095430950e+00,9.629268371529169e-01,-1.341706174578938e-02,0.000000000000000e+00,1.316317953140609e+00,5.070827419736521e+00,1,3.569999933242798e-01,5.200999975204468e-01,3.569999933242798e-01,5.000000000000000e-01
7.094505236256854e-01,1.480331027037489e-01,7098,17384,2.767427365890135e-01,-2.954860380225697e-01,0.000000000000000e+00,1.841190327409987e+00,9.629800694299803e-01,-1.338056462568945e-02,0.000000000000000e+00,1.316288714450632e+00,5.070775741087429e+00,1,3.572500050067902e-01,5.200999975204468e-01,3.572500050067902e-01,5.000000000000000e-01
7.094971800073365e-01,1.479279651691960e-01,7103,17389,2.777005909478792e-01,-2.942085050243071e-01,0.000000000000000e+00,1.841113568540057e+00,9.630332953615585e-01,-1.334407185618199e-02,0.000000000000000e+00,1.316259479246016e+00,5.070724068598626e+00,1,3.574999868869781e-01,5.200999975204468e-01,3.574999868869781e-01,5.000000000000000e-01
7.095438419512649e-01,1.478228151003638e-01,7108,17394,2.786585595001593e-01,-2.929308197212045e-01,0.000000000000000e+00,1.841036800519094e+00,9.630865276386218e-01,-1.330757473608206e-02,0.000000000000000e+00,1.316230240556039e+00,5.070672389949533e+00,1,3.577499985694885e-01,5.200999975204468e-01,3.577499985694885e-01,5.000000000000000e-01
7.095905038951933e-01,1.477176650315317e-01,7113,17399,2.796165280524393e-01,-2.916531344181019e-01,0.000000000000000e+00,1.840960032498131e+00,9.631397599156851e-01,-1.327107761598214e-02,0.000000000000000e+00,1.316201001866061e+00,5.070620711300442e+00,1,3.580000102519989e-01,5.200999975204468e-01,3.580000102519989e-01,5.000000000000000e-01
7.096371602768443e-01,1.476125274969788e-01,7118,17404,2.805743824113051e-01,-2.903756014198393e-01,0.000000000000000e+00,1.840883273628201e+00,9.631929858472630e-01,-1.323458484647467e-02,0.000000000000000e+00,1.316171766661445e+00,5.070569038811637e+00,1,3.582499921321869e-01,5.200999975204468e-01,3.582499921321869e-01,5.000000000000000e-01
7.096838222207726e-01,1.475073774281466e-01,7123,17409,2.815323509635850e-01,-2.890979161167367e-01,0.000000000000000e+00,1.840806505607237e+00,9.632462181243262e-01,-1.319808772637475e-02,0.000000000000000e+00,1.316142527971468e+00,5.070517360162546e+00,1,3.585000038146973e-01,5.200999975204468e-01,3.585000038146973e-01,5.000000000000000e-01
7.097304786024237e-01,1.474022398935937e-01,7128,17414,2.824902053224508e-01,-2.878203831184742e-01,0.000000000000000e+00,1.840729746737308e+00,9.632994440559042e-01,-1.316159495686728e-02,0.000000000000000e+00,1.316113292766851e+00,5.070465687673742e+00,1,3.587499856948853e-01,5.200999975204468e-01,3.587499856948853e-01,5.000000000000000e-01
7.097771405463520e-01,1.472970898247615e-01,7133,17419,2.834481738747308e-01,-2.865426978153716e-01,0.000000000000000e+00,1.840652978716344e+00,9.633526763329676e-01,-1.312509783676736e-02,0.000000000000000e+00,1.316084054076874e+00,5.070414009024650e+00,1,3.589999973773956e-01,5.200999975204468e-01,3.589999973773956e-01,5.000000000000000e-01
7.098238024902803e-01,1.471919397559294e-01,7138,17424,2.844061424270108e-01,-2.852650125122690e-01,0.000000000000000e+00,1.840576210695381e+00,9.634059086100308e-01,-1.308860071666744e-02,0.000000000000000e+00,1.316054815386897e+00,5.070362330375559e+00,1,3.592500090599060e-01,5.200999975204468e-01,3.592500090599060e-01,5.000000000000000e-01
7.098704588719313e-01,1.470868022213765e-01,7143,17429,2.853639967858766e-01,-2.839874795140064e-01,0.000000000000000e+00,1.840499451825451e+00,9.634591345416089e-01,-1.305210794715997e-02,0.000000000000000e+00,1.316025580182281e+00,5.070310657886754e+00,1,3.594999909400940e-01,5.200999975204468e-01,3.594999909400940e-01,5.000000000000000e-01
7.099171208158597e-01,1.469816521525443e-01,7148,17434,2.863219653381566e-01,-2.827097942109038e-01,0.000000000000000e+00,1.840422683804487e+00,9.635123668186721e-01,-1.301561082706004e-02,0.000000000000000e+00,1.315996341492303e+00,5.070258979237662e+00,1,3.597500026226044e-01,5.200999975204468e-01,3.597500026226044e-01,5.000000000000000e-01
7.099637823660838e-01,1.468765085624021e-01,7153,17440,2.872799325605612e-01,-2.814321218436310e-01,0.000000000000000e+00,1.840345916516677e+00,9.635655986171421e-01,-1.297911362437840e-02,0.000000000000000e+00,1.315967102971200e+00,5.070207300727366e+00,1,3.600000143051147e-01,5.200999975204468e-01,3.600000143051147e-01,5.000000000000000e-01
7.100035587663166e-01,1.468845861493672e-01,7158,17445,2.882145474016913e-01,-2.803806424914330e-01,0.000000000000000e+00,1.840281969494596e+00,9.636104611256627e-01,-1.294117773953621e-02,0.000000000000000e+00,1.315940818834778e+00,5.070158053698544e+00,1,3.602499961853027e-01,5.200999975204468e-01,3.602499961853027e-01,5.000000000000000e-01
7.100433399086092e-01,1.468926646993247e-01,7163,17450,2.891492736656650e-01,-2.793290377840421e-01,0.000000000000000e+00,1.840218014848884e+00,9.636553289825988e-01,-1.290323733205635e-02,0.000000000000000e+00,1.315914531564816e+00,5.070108800798595e+00,1,3.605000078678131e-01,5.200999975204468e-01,3.605000078678131e-01,5.000000000000000e-01
7.100831163088420e-01,1.469007422862890e-01,7168,17455,2.900838885067920e-01,-2.782775584318429e-01,0.000000000000000e+00,1.840154067826803e+00,9.637001914911193e-01,-1.286530144721414e-02,0.000000000000000e+00,1.315888247428394e+00,5.070059553769775e+00,1,3.607499897480011e-01,5.200999975204468e-01,3.607499897480011e-01,5.000000000000000e-01
7.101228974511349e-01,1.469088208362466e-01,7173,17460,2.910186147707657e-01,-2.772259537244517e-01,0.000000000000000e+00,1.840090113181091e+00,9.637450593480557e-01,-1.282736103973427e-02,0.000000000000000e+00,1.315861960158432e+00,5.070010300869822e+00,1,3.610000014305115e-01,5.200999975204468e-01,3.610000014305115e-01,5.000000000000000e-01
7.101626785934275e-01,1.469168993862041e-01,7178,17465,2.919533410347394e-01,-2.761743490170609e-01,0.000000000000000e+00,1.840026158535378e+00,9.637899272049916e-01,-1.278942063225441e-02,0.000000000000000e+00,1.315835672888470e+00,5.069961047969874e+00,1,3.612500131130219e-01,5.200999975204468e-01,3.612500131130219e-01,5.000000000000000e-01
7.102024549936602e-01,1.469249769731684e-01,7183,17470,2.928879558758660e-01,-2.751228696648622e-01,0.000000000000000e+00,1.839962211513297e+00,9.638347897135123e-01,-1.275148474741222e-02,0.000000000000000e+00,1.315809388752049e+00,5.069911800941052e+00,1,3.614999949932098e-01,5.200999975204468e-01,3.614999949932098e-01,5.000000000000000e-01
7.102422361359532e-01,1.469330555231259e-01,7188,17475,2.938226821398400e-01,-2.740712649574709e-01,0.000000000000000e+00,1.839898256867585e+00,9.638796575704485e-01,-1.271354433993234e-02,0.000000000000000e+00,1.315783101482086e+00,5.069862548041102e+00,1,3.617500066757202e-01,5.200999975204468e-01,3.617500066757202e-01,5.000000000000000e-01
7.102820125361858e-01,1.469411331100903e-01,7193,17480,2.947572969809667e-01,-2.730197856052719e-01,0.000000000000000e+00,1.839834309845504e+00,9.639245200789692e-01,-1.267560845509015e-02,0.000000000000000e+00,1.315756817345665e+00,5.069813301012283e+00,1,3.619999885559082e-01,5.200999975204468e-01,3.619999885559082e-01,5.000000000000000e-01
7.103217936784787e-01,1.469492116600478e-01,7198,17485,2.956920232449405e-01,-2.719681808978808e-01,0.000000000000000e+00,1.839770355199792e+00,9.639693879359053e-01,-1.263766804761027e-02,0.000000000000000e+00,1.315730530075703e+00,5.069764048112331e+00,1,3.622500002384186e-01,5.200999975204468e-01,3.622500002384186e-01,5.000000000000000e-01
7.103615748207714e-01,1.469572902100053e-01,7203,17490,2.966267495089144e-01,-2.709165761904896e-01,0.000000000000000e+00,1.839706400554079e+00,9.640142557928413e-01,-1.259972764013040e-02,0.000000000000000e+00,1.315704242805740e+00,5.069714795212380e+00,1,3.625000119209290e-01,5.200999975204468e-01,3.625000119209290e-01,5.000000000000000e-01
7.104013512210041e-01,1.469653677969696e-01,7208,17495,2.975613643500412e-01,-2.698650968382907e-01,0.000000000000000e+00,1.839642453531999e+00,9.640591183013619e-01,-1.256179175528821e-02,0.000000000000000e+00,1.315677958669318e+00,5.069665548183560e+00,1,3.627499938011169e-01,5.200999975204468e-01,3.627499938011169e-01,5.000000000000000e-01
7.104411323632970e-01,1.469734463469272e-01,7213,17500,2.984960906140152e-01,-2.688134921308994e-01,0.000000000000000e+00,1.839578498886286e+00,9.641039861582980e-01,-1.252385134780833e-02,0.000000000000000e+00,1.315651671399356e+00,5.069616295283609e+00,1,3.630000054836273e-01,5.200999975204468e-01,3.630000054836273e-01,5.000000000000000e-01
7.104809087635297e-01,1.469815239338906e-01,7218,17505,2.994307054551387e-01,-2.677620127786995e-01,0.000000000000000e+00,1.839514551864205e+00,9.641488486668185e-01,-1.248591546296613e-02,0.000000000000000e+00,1.315625387262934e+00,5.069567048254788e+00,1,3.632499873638153e-01,5.200999975204468e-01,3.632499873638153e-01,5.000000000000000e-01
7.105206899058224e-01,1.469896024838482e-01,7223,17510,3.003654317191126e-01,-2.667104080713084e-01,0.000000000000000e+00,1.839450597218493e+00,9.641937165237547e-01,-1.244797505548626e-02,0.000000000000000e+00,1.315599099992972e+00,5.069517795354837e+00,1,3.634999990463257e-01,5.200999975204468e-01,3.634999990463257e-01,5.000000000000000e-01
7.105604710481151e-01,1.469976810338065e-01,7228,17515,3.013001579830895e-01,-2.656588033639184e-01,0.000000000000000e+00,1.839386642572781e+00,9.642385843806909e-01,-1.241003464800640e-02,0.000000000000000e+00,1.315572812723010e+00,5.069468542454887e+00,1,3.637500107288361e-01,5.200999975204468e-01,3.637500107288361e-01,5.000000000000000e-01
7.106002474483479e-01,1.470057586207709e-01,7233,17520,3.022347728242163e-01,-2.646073240117195e-01,0.000000000000000e+00,1.839322695550700e+00,9.642834468892116e-01,-1.237209876316420e-02,0.000000000000000e+00,1.315546528586588e+00,5.069419295426066e+00,1,3.639999926090240e-01,5.200999975204468e-01,3.639999926090240e-01,5.000000000000000e-01
7.106400285906408e-01,1.470138371707284e-01,7238,17525,3.031694990881899e-01,-2.635557193043286e-01,0.000000000000000e+00,1.839258740904987e+00,9.643283147461478e-01,-1.233415835568434e-02,0.000000000000000e+00,1.315520241316626e+00,5.069370042526115e+00,1,3.642500042915344e-01,5.200999975204468e-01,3.642500042915344e-01,5.000000000000000e-01
7.106798049908736e-01,1.470219147576927e-01,7243,17530,3.041041139293169e-01,-2.625042399521295e-01,0.000000000000000e+00,1.839194793882907e+00,9.643731772546684e-01,-1.229622247084213e-02,0.000000000000000e+00,1.315493957180204e+00,5.069320795497294e+00,1,3.644999861717224e-01,5.200999975204468e-01,3.644999861717224e-01,5.000000000000000e-01
7.107195861331662e-01,1.470299933076502e-01,7248,17535,3.050388401932907e-01,-2.614526352447383e-01,0.000000000000000e+00,1.839130839237193e+00,9.644180451116043e-01,-1.225828206336226e-02,0.000000000000000e+00,1.315467669910242e+00,5.069271542597344e+00,1,3.647499978542328e-01,5.200999975204468e-01,3.647499978542328e-01,5.000000000000000e-01
7.107593672754591e-01,1.470380718576078e-01,7253,17540,3.059735664572648e-01,-2.604010305373469e-01,0.000000000000000e+00,1.839066884591481e+00,9.644629129685405e-01,-1.222034165588238e-02,0.000000000000000e+00,1.315441382640280e+00,5.069222289697395e+00,1,3.650000095367432e-01,5.200999975204468e-01,3.650000095367432e-01,5.000000000000000e-01
7.107991436756917e-01,1.470461494445721e-01,7258,17545,3.069081812983915e-01,-2.593495511851480e-01,0.000000000000000e+00,1.839002937569401e+00,9.645077754770611e-01,-1.218240577104019e-02,0.000000000000000e+00,1.315415098503858e+00,5.069173042668572e+00,1,3.652499914169312e-01,5.200999975204468e-01,3.652499914169312e-01,5.000000000000000e-01
7.108389248179846e-01,1.470542279945305e-01,7263,17550,3.078429075623684e-01,-2.582979464777578e-01,0.000000000000000e+00,1.838938982923688e+00,9.645526433339974e-01,-1.214446536356032e-02,0.000000000000000e+00,1.315388811233896e+00,5.069123789768621e+00,1,3.655000030994415e-01,5.200999975204468e-01,3.655000030994415e-01,5.000000000000000e-01
7.108787059602774e-01,1.470623065444880e-01,7268,17555,3.087776338263420e-01,-2.572463417703669e-01,0.000000000000000e+00,1.838875028277976e+00,9.645975111909335e-01,-1.210652495608046e-02,0.000000000000000e+00,1.315362523963934e+00,5.069074536868673e+00,1,3.657500147819519e-01,5.200999975204468e-01,3.657500147819519e-01,5.000000000000000e-01
7.109184823605101e-01,1.470703841314515e-01,7273,17560,3.097122486674658e-01,-2.561948624181670e-01,0.000000000000000e+00,1.838811081255895e+00,9.646423736994540e-01,-1.206858907123825e-02,0.000000000000000e+00,1.315336239827512e+00,5.069025289839852e+00,1,3.659999966621399e-01,5.200999975204468e-01,3.659999966621399e-01,5.000000000000000e-01
7.109582635028029e-01,1.470784626814090e-01,7278,17565,3.106469749314396e-01,-2.551432577107758e-01,0.000000000000000e+00,1.838747126610183e+00,9.646872415563901e-01,-1.203064866375838e-02,0.000000000000000e+00,1.315309952557550e+00,5.068976036939901e+00,1,3.662500083446503e-01,5.200999975204468e-01,3.662500083446503e-01,5.000000000000000e-01
7.109980399030355e-01,1.470865402683733e-01,7283,17570,3.115815897725663e-01,-2.540917783585769e-01,0.000000000000000e+00,1.838683179588102e+00,9.647321040649108e-01,-1.199271277891619e-02,0.000000000000000e+00,1.315283668421128e+00,5.068926789911078e+00,1,3.664999902248383e-01,5.200999975204468e-01,3.664999902248383e-01,5.000000000000000e-01
7.110378210453284e-01,1.470946188183308e-01,7288,17575,3.125163160365402e-01,-2.530401736511859e-01,0.000000000000000e+00,1.838619224942390e+00,9.647769719218471e-01,-1.195477237143631e-02,0.000000000000000e+00,1.315257381151166e+00,5.068877537011129e+00,1,3.667500019073486e-01,5.200999975204468e-01,3.667500019073486e-01,5.000000000000000e-01
7.110776021876212e-01,1.471026973682883e-01,7293,17580,3.134510423005140e-01,-2.519885689437947e-01,0.000000000000000e+00,1.838555270296677e+00,9.648218397787831e-01,-1.191683196395644e-02,0.000000000000000e+00,1.315231093881204e+00,5.068828284111179e+00,1,3.670000135898590e-01,5.200999975204468e-01,3.670000135898590e-01,5.000000000000000e-01
7.111173785878540e-01,1.471107749552527e-01,7298,17585,3.143856571416409e-01,-2.509370895915958e-01,0.000000000000000e+00,1.838491323274596e+00,9.648667022873036e-01,-1.187889607911425e-02,0.000000000000000e+00,1.315204809744782e+00,5.068779037082358e+00,1,3.672499954700470e-01,5.200999975204468e-01,3.672499954700470e-01,5.000000000000000e-01
7.111571597301467e-01,1.471188535052102e-01,7303,17590,3.153203834056147e-01,-2.498854848842046e-01,0.000000000000000e+00,1.838427368628884e+00,9.649115701442398e-01,-1.184095567163438e-02,0.000000000000000e+00,1.315178522474820e+00,5.068729784182407e+00,1,3.675000071525574e-01,5.200999975204468e-01,3.675000071525574e-01,5.000000000000000e-01
7.111969361303794e-01,1.471269310921745e-01,7308,17595,3.162549982467414e-01,-2.488340055320057e-01,0.000000000000000e+00,1.838363421606803e+00,9.649564326527605e-01,-1.180301978679218e-02,0.000000000000000e+00,1.315152238338398e+00,5.068680537153586e+00,1,3.677499890327454e-01,5.200999975204468e-01,3.677499890327454e-01,5.000000000000000e-01
7.112367172726721e-01,1.471350096421320e-01,7313,17600,3.171897245107153e-01,-2.477824008246146e-01,0.000000000000000e+00,1.838299466961091e+00,9.650013005096967e-01,-1.176507937931231e-02,0.000000000000000e+00,1.315125951068436e+00,5.068631284253636e+00,1,3.680000007152557e-01,5.200999975204468e-01,3.680000007152557e-01,5.000000000000000e-01
7.112764984149649e-01,1.471430881920895e-01,7318,17605,3.181244507746891e-01,-2.467307961172234e-01,0.000000000000000e+00,1.838235512315378e+00,9.650461683666326e-01,-1.172713897183244e-02,0.000000000000000e+00,1.315099663798474e+00,5.068582031353685e+00,1,3.682500123977661e-01,5.200999975204468e-01,3.682500123977661e-01,5.000000000000000e-01
7.113162748151978e-01,1.471511657790539e-01,7323,17610,3.190590656158159e-01,-2.456793167650245e-01,0.000000000000000e+00,1.838171565293298e+00,9.650910308751534e-01,-1.168920308699024e-02,0.000000000000000e+00,1.315073379662052e+00,5.068532784324864e+00,1,3.684999942779541e-01,5.200999975204468e-01,3.684999942779541e-01,5.000000000000000e-01
7.113560559574904e-01,1.471592443290114e-01,7328,17615,3.199937918797897e-01,-2.446277120576334e-01,0.000000000000000e+00,1.838107610647585e+00,9.651358987320893e-01,-1.165126267951037e-02,0.000000000000000e+00,1.315047092392090e+00,5.068483531424914e+00,1,3.687500059604645e-01,5.200999975204468e-01,3.687500059604645e-01,5.000000000000000e-01
7.113958323577232e-01,1.471673219159757e-01,7333,17620,3.209284067209165e-01,-2.435762327054344e-01,0.000000000000000e+00,1.838043663625504e+00,9.651807612406100e-01,-1.161332679466817e-02,0.000000000000000e+00,1.315020808255668e+00,5.068434284396092e+00,1,3.689999878406525e-01,5.200999975204468e-01,3.689999878406525e-01,5.000000000000000e-01
7.114356135000159e-01,1.471754004659332e-01,7338,17625,3.218631329848906e-01,-2.425246279980431e-01,0.000000000000000e+00,1.837979708979792e+00,9.652256290975461e-01,-1.157538638718829e-02,0.000000000000000e+00,1.314994520985706e+00,5.068385031496143e+00,1,3.692499995231628e-01,5.200999975204468e-01,3.692499995231628e-01,5.000000000000000e-01
7.114753946423087e-01,1.471834790158907e-01,7343,17630,3.227978592488642e-01,-2.414730232906522e-01,0.000000000000000e+00,1.837915754334079e+00,9.652704969544822e-01,-1.153744597970843e-02,0.000000000000000e+00,1.314968233715744e+00,5.068335778596191e+00,1,3.695000112056732e-01,5.200999975204468e-01,3.695000112056732e-01,5.000000000000000e-01
7.115151710425416e-01,1.471915566028551e-01,7348,17635,3.237324740899910e-01,-2.404215439384533e-01,0.000000000000000e+00,1.837851807311999e+00,9.653153594630031e-01,-1.149951009486623e-02,0.000000000000000e+00,1.314941949579322e+00,5.068286531567372e+00,1,3.697499930858612e-01,5.200999975204468e-01,3.697499930858612e-01,5.000000000000000e-01
7.115549521848343e-01,1.471996351528126e-01,7353,17641,3.246672003539647e-01,-2.393699392310621e-01,0.000000000000000e+00,1.837787852666286e+00,9.653602273199391e-01,-1.146156968738636e-02,0.000000000000000e+00,1.314915662309360e+00,5.068237278667421e+00,1,3.700000047683716e-01,5.200999975204468e-01,3.700000047683716e-01,5.000000000000000e-01
7.116015839217000e-01,1.473242734243451e-01,7358,17646,3.255385758194513e-01,-2.388032892171612e-01,0.000000000000000e+00,1.837732123540153e+00,9.654148453253928e-01,-1.141752683342354e-02,0.000000000000000e+00,1.314890799860634e+00,5.068202550246539e+00,1,3.702499866485596e-01,5.200999975204468e-01,3.702499866485596e-01,5.000000000000000e-01
7.116482210871272e-01,1.474489243313920e-01,7363,17651,3.264100563749212e-01,-2.382365623994362e-01,0.000000000000000e+00,1.837676387613337e+00,9.654694696561889e-01,-1.137347884526411e-02,0.000000000000000e+00,1.314865934420737e+00,5.068167817408439e+00,1,3.704999983310699e-01,5.200999975204468e-01,3.704999983310699e-01,5.000000000000000e-01
7.116948582525545e-01,1.475735752384388e-01,7368,17656,3.272815369303907e-01,-2.376698355817112e-01,0.000000000000000e+00,1.837620651686521e+00,9.655240939869849e-01,-1.132943085710469e-02,0.000000000000000e+00,1.314841068980841e+00,5.068133084570339e+00,1,3.707500100135803e-01,5.200999975204468e-01,3.707500100135803e-01,5.000000000000000e-01
7.117414898586581e-01,1.476982112866339e-01,7373,17661,3.281529136021371e-01,-2.371031763199307e-01,0.000000000000000e+00,1.837564922403635e+00,9.655787118063577e-01,-1.128538811962928e-02,0.000000000000000e+00,1.314816206504997e+00,5.068098355872523e+00,1,3.709999918937683e-01,5.200999975204468e-01,3.709999918937683e-01,5.000000000000000e-01
7.117881270240854e-01,1.478228621936807e-01,7378,17666,3.290243941576066e-01,-2.365364495022058e-01,0.000000000000000e+00,1.837509186476820e+00,9.656333361371536e-01,-1.124134013146986e-02,0.000000000000000e+00,1.314791341065100e+00,5.068063623034423e+00,1,3.712500035762787e-01,5.200999975204468e-01,3.712500035762787e-01,5.000000000000000e-01
7.118347586301890e-01,1.479474982418758e-01,7383,17671,3.298957708293531e-01,-2.359697902404251e-01,0.000000000000000e+00,1.837453457193934e+00,9.656879539565263e-01,-1.119729739399444e-02,0.000000000000000e+00,1.314766478589257e+00,5.068028894336606e+00,1,3.714999854564667e-01,5.200999975204468e-01,3.714999854564667e-01,5.000000000000000e-01
7.118813957956164e-01,1.480721491489226e-01,7388,17676,3.307672513848227e-01,-2.354030634227003e-01,0.000000000000000e+00,1.837397721267118e+00,9.657425782873222e-01,-1.115324940583503e-02,0.000000000000000e+00,1.314741613149360e+00,5.067994161498507e+00,1,3.717499971389771e-01,5.200999975204468e-01,3.717499971389771e-01,5.000000000000000e-01
7.119280329610436e-01,1.481968000559695e-01,7393,17681,3.316387319402924e-01,-2.348363366049754e-01,0.000000000000000e+00,1.837341985340303e+00,9.657972026181185e-01,-1.110920141767561e-02,0.000000000000000e+00,1.314716747709463e+00,5.067959428660407e+00,1,3.720000088214874e-01,5.200999975204468e-01,3.720000088214874e-01,5.000000000000000e-01
7.119746645671472e-01,1.483214361041646e-01,7398,17686,3.325101086120386e-01,-2.342696773431948e-01,0.000000000000000e+00,1.837286256057417e+00,9.658518204374910e-01,-1.106515868020020e-02,0.000000000000000e+00,1.314691885233619e+00,5.067924699962590e+00,1,3.722499907016754e-01,5.200999975204468e-01,3.722499907016754e-01,5.000000000000000e-01
7.120213017325744e-01,1.484460870112115e-01,7403,17691,3.333815891675083e-01,-2.337029505254698e-01,0.000000000000000e+00,1.837230520130602e+00,9.659064447682870e-01,-1.102111069204078e-02,0.000000000000000e+00,1.314667019793722e+00,5.067889967124491e+00,1,3.725000023841858e-01,5.200999975204468e-01,3.725000023841858e-01,5.000000000000000e-01
7.120679388980015e-01,1.485707379182583e-01,7408,17696,3.342530697229777e-01,-2.331362237077450e-01,0.000000000000000e+00,1.837174784203786e+00,9.659610690990831e-01,-1.097706270388137e-02,0.000000000000000e+00,1.314642154353826e+00,5.067855234286390e+00,1,3.727500140666962e-01,5.200999975204468e-01,3.727500140666962e-01,5.000000000000000e-01
7.121145705041052e-01,1.486953739664534e-01,7413,17701,3.351244463947243e-01,-2.325695644459643e-01,0.000000000000000e+00,1.837119054920900e+00,9.660156869184557e-01,-1.093301996640595e-02,0.000000000000000e+00,1.314617291877982e+00,5.067820505588574e+00,1,3.729999959468842e-01,5.200999975204468e-01,3.729999959468842e-01,5.000000000000000e-01
7.121612076695323e-01,1.488200248734993e-01,7418,17706,3.359959269501910e-01,-2.320028376282385e-01,0.000000000000000e+00,1.837063318994084e+00,9.660703112492516e-01,-1.088897197824652e-02,0.000000000000000e+00,1.314592426438085e+00,5.067785772750473e+00,1,3.732500076293945e-01,5.200999975204468e-01,3.732500076293945e-01,5.000000000000000e-01
7.122078392756360e-01,1.489446609216953e-01,7423,17711,3.368673036219402e-01,-2.314361783664588e-01,0.000000000000000e+00,1.837007589711199e+00,9.661249290686242e-01,-1.084492924077111e-02,0.000000000000000e+00,1.314567563962241e+00,5.067751044052656e+00,1,3.734999895095825e-01,5.200999975204468e-01,3.734999895095825e-01,5.000000000000000e-01
7.122544764410633e-01,1.490693118287431e-01,7428,17716,3.377387841774129e-01,-2.308694515487348e-01,0.000000000000000e+00,1.836951853784383e+00,9.661795533994205e-01,-1.080088125261170e-02,0.000000000000000e+00,1.314542698522345e+00,5.067716311214557e+00,1,3.737500011920929e-01,5.200999975204468e-01,3.737500011920929e-01,5.000000000000000e-01
7.123011136064905e-01,1.491939627357890e-01,7433,17721,3.386102647328797e-01,-2.303027247310089e-01,0.000000000000000e+00,1.836896117857568e+00,9.662341777302164e-01,-1.075683326445227e-02,0.000000000000000e+00,1.314517833082448e+00,5.067681578376457e+00,1,3.740000128746033e-01,5.200999975204468e-01,3.740000128746033e-01,5.000000000000000e-01
7.123477452125941e-01,1.493185987839841e-01,7438,17726,3.394816414046260e-01,-2.297360654692284e-01,0.000000000000000e+00,1.836840388574682e+00,9.662887955495891e-01,-1.071279052697686e-02,0.000000000000000e+00,1.314492970606604e+00,5.067646849678640e+00,1,3.742499947547913e-01,5.200999975204468e-01,3.742499947547913e-01,5.000000000000000e-01
7.123943823780213e-01,1.494432496910310e-01,7443,17731,3.403531219600957e-01,-2.291693386515034e-01,0.000000000000000e+00,1.836784652647866e+00,9.663434198803851e-01,-1.066874253881744e-02,0.000000000000000e+00,1.314468105166707e+00,5.067612116840541e+00,1,3.745000064373016e-01,5.200999975204468e-01,3.745000064373016e-01,5.000000000000000e-01
7.124410139841251e-01,1.495678857392261e-01,7448,17736,3.412244986318421e-01,-2.286026793897227e-01,0.000000000000000e+00,1.836728923364980e+00,9.663980376997577e-01,-1.062469980134202e-02,0.000000000000000e+00,1.314443242690864e+00,5.067577388142724e+00,1,3.747499883174896e-01,5.200999975204468e-01,3.747499883174896e-01,5.000000000000000e-01
7.124876511495521e-01,1.496925366462729e-01,7453,17741,3.420959791873116e-01,-2.280359525719979e-01,0.000000000000000e+00,1.836673187438164e+00,9.664526620305538e-01,-1.058065181318261e-02,0.000000000000000e+00,1.314418377250967e+00,5.067542655304623e+00,1,3.750000000000000e-01,5.200999975204468e-01,3.750000000000000e-01,5.000000000000000e-01
7.125342883149794e-01,1.498171875533197e-01,7458,17746,3.429674597427811e-01,-2.274692257542730e-01,0.000000000000000e+00,1.836617451511349e+00,9.665072863613497e-01,-1.053660382502320e-02,0.000000000000000e+00,1.314393511811070e+00,5.067507922466524e+00,1,3.752500116825104e-01,5.200999975204468e-01,3.752500116825104e-01,5.000000000000000e-01
7.125809199210831e-01,1.499418236015148e-01,7463,17751,3.438388364145273e-01,-2.269025664924925e-01,0.000000000000000e+00,1.836561722228463e+00,9.665619041807224e-01,-1.049256108754779e-02,0.000000000000000e+00,1.314368649335226e+00,5.067473193768707e+00,1,3.754999935626984e-01,5.200999975204468e-01,3.754999935626984e-01,5.000000000000000e-01
7.126275570865104e-01,1.500664745085617e-01,7468,17756,3.447103169699972e-01,-2.263358396747674e-01,0.000000000000000e+00,1.836505986301648e+00,9.666165285115184e-01,-1.044851309938835e-02,0.000000000000000e+00,1.314343783895330e+00,5.067438460930607e+00,1,3.757500052452087e-01,5.200999975204468e-01,3.757500052452087e-01,5.000000000000000e-01
7.126741886926140e-01,1.501911105567568e-01,7473,17761,3.455816936417434e-01,-2.257691804129870e-01,0.000000000000000e+00,1.836450257018762e+00,9.666711463308912e-01,-1.040447036191296e-02,0.000000000000000e+00,1.314318921419486e+00,5.067403732232791e+00,1,3.759999871253967e-01,5.200999975204468e-01,3.759999871253967e-01,5.000000000000000e-01
7.127208258580413e-01,1.503157614638045e-01,7478,17766,3.464531741972162e-01,-2.252024535952628e-01,0.000000000000000e+00,1.836394521091946e+00,9.667257706616872e-01,-1.036042237375353e-02,0.000000000000000e+00,1.314294055979589e+00,5.067368999394691e+00,1,3.762499988079071e-01,5.200999975204468e-01,3.762499988079071e-01,5.000000000000000e-01
7.127674630234684e-01,1.504404123708504e-01,7483,17771,3.473246547526829e-01,-2.246357267775369e-01,0.000000000000000e+00,1.836338785165131e+00,9.667803949924831e-01,-1.031637438559410e-02,0.000000000000000e+00,1.314269190539692e+00,5.067334266556591e+00,1,3.765000104904175e-01,5.200999975204468e-01,3.765000104904175e-01,5.000000000000000e-01
7.128140946295721e-01,1.505650484190456e-01,7488,17776,3.481960314244292e-01,-2.240690675157564e-01,0.000000000000000e+00,1.836283055882245e+00,9.668350128118557e-01,-1.027233164811869e-02,0.000000000000000e+00,1.314244328063849e+00,5.067299537858774e+00,1,3.767499923706055e-01,5.200999975204468e-01,3.767499923706055e-01,5.000000000000000e-01
7.128607317949993e-01,1.506896993260924e-01,7493,17781,3.490675119798989e-01,-2.235023406980314e-01,0.000000000000000e+00,1.836227319955429e+00,9.668896371426519e-01,-1.022828365995927e-02,0.000000000000000e+00,1.314219462623952e+00,5.067264805020674e+00,1,3.770000040531158e-01,5.200999975204468e-01,3.770000040531158e-01,5.000000000000000e-01
7.129073634011029e-01,1.508143353742875e-01,7498,17786,3.499388886516452e-01,-2.229356814362509e-01,0.000000000000000e+00,1.836171590672544e+00,9.669442549620245e-01,-1.018424092248386e-02,0.000000000000000e+00,1.314194600148108e+00,5.067230076322858e+00,1,3.772499859333038e-01,5.200999975204468e-01,3.772499859333038e-01,5.000000000000000e-01
7.129540005665302e-01,1.509389862813344e-01,7503,17791,3.508103692071149e-01,-2.223689546185259e-01,0.000000000000000e+00,1.836115854745728e+00,9.669988792928206e-01,-1.014019293432444e-02,0.000000000000000e+00,1.314169734708212e+00,5.067195343484758e+00,1,3.774999976158142e-01,5.200999975204468e-01,3.774999976158142e-01,5.000000000000000e-01
7.130006377319574e-01,1.510636371883812e-01,7508,17796,3.516818497625845e-01,-2.218022278008009e-01,0.000000000000000e+00,1.836060118818912e+00,9.670535036236164e-01,-1.009614494616502e-02,0.000000000000000e+00,1.314144869268315e+00,5.067160610646657e+00,1,3.777500092983246e-01,5.200999975204468e-01,3.777500092983246e-01,5.000000000000000e-01
7.130472693380612e-01,1.511882732365763e-01,7513,17801,3.525532264343308e-01,-2.212355685390204e-01,0.000000000000000e+00,1.836004389536027e+00,9.671081214429892e-01,-1.005210220868961e-02,0.000000000000000e+00,1.314120006792471e+00,5.067125881948840e+00,1,3.779999911785126e-01,5.200999975204468e-01,3.779999911785126e-01,5.000000000000000e-01
7.130939065034883e-01,1.513129241436231e-01,7518,17806,3.534247069898006e-01,-2.206688417212955e-01,0.000000000000000e+00,1.835948653609211e+00,9.671627457737851e-01,-1.000805422053018e-02,0.000000000000000e+00,1.314095141352575e+00,5.067091149110741e+00,1,3.782500028610229e-01,5.200999975204468e-01,3.782500028610229e-01,5.000000000000000e-01
7.131405436689154e-01,1.514375750506700e-01,7523,17811,3.542961875452703e-01,-2.201021149035705e-01,0.000000000000000e+00,1.835892917682395e+00,9.672173701045813e-01,-9.964006232370764e-03,0.000000000000000e+00,1.314070275912678e+00,5.067056416272641e+00,1,3.785000145435333e-01,5.200999975204468e-01,3.785000145435333e-01,5.000000000000000e-01
7.131871752750192e-01,1.515622110988651e-01,7528,17816,3.551675642170166e-01,-2.195354556417899e-01,0.000000000000000e+00,1.835837188399509e+00,9.672719879239540e-01,-9.919963494895354e-03,0.000000000000000e+00,1.314045413436834e+00,5.067021687574824e+00,1,3.787499964237213e-01,5.200999975204468e-01,3.787499964237213e-01,5.000000000000000e-01
7.132338124404463e-01,1.516868620059119e-01,7533,17821,3.560390447724862e-01,-2.189687288240650e-01,0.000000000000000e+00,1.835781452472694e+00,9.673266122547499e-01,-9.875915506735932e-03,0.000000000000000e+00,1.314020547996937e+00,5.066986954736724e+00,1,3.790000081062317e-01,5.200999975204468e-01,3.790000081062317e-01,5.000000000000000e-01
7.132804440465500e-01,1.518114980541070e-01,7538,17826,3.569104214442326e-01,-2.184020695622844e-01,0.000000000000000e+00,1.835725723189808e+00,9.673812300741226e-01,-9.831872769260522e-03,0.000000000000000e+00,1.313995685521093e+00,5.066952226038907e+00,1,3.792499899864197e-01,5.200999975204468e-01,3.792499899864197e-01,5.000000000000000e-01
7.133270812119772e-01,1.519361489611539e-01,7543,17831,3.577819019997022e-01,-2.178353427445595e-01,0.000000000000000e+00,1.835669987262992e+00,9.674358544049184e-01,-9.787824781101099e-03,0.000000000000000e+00,1.313970820081197e+00,5.066917493200808e+00,1,3.795000016689301e-01,5.200999975204468e-01,3.795000016689301e-01,5.000000000000000e-01
7.133737183774045e-01,1.520607998682007e-01,7548,17836,3.586533825551719e-01,-2.172686159268345e-01,0.000000000000000e+00,1.835614251336177e+00,9.674904787357147e-01,-9.743776792941678e-03,0.000000000000000e+00,1.313945954641300e+00,5.066882760362708e+00,1,3.797500133514404e-01,5.200999975204468e-01,3.797500133514404e-01,5.000000000000000e-01
7.134203499835081e-01,1.521854359163958e-01,7553,17842,3.595247592269182e-01,-2.167019566650540e-01,0.000000000000000e+00,1.835558522053291e+00,9.675450965550871e-01,-9.699734055466269e-03,0.000000000000000e+00,1.313921092165456e+00,5.066848031664891e+00,1,3.799999952316284e-01,5.200999975204468e-01,3.799999952316284e-01,5.000000000000000e-01
7.134758816339629e-01,1.524394158237307e-01,7558,17847,3.606979465152918e-01,-2.163131471311873e-01,0.000000000000000e+00,1.835505901884506e+00,9.676112951362359e-01,-9.654657400572936e-03,0.000000000000000e+00,1.313895269977329e+00,5.066821374196590e+00,1,3.802500069141388e-01,5.200999975204468e-01,3.802500069141388e-01,5.000000000000000e-01
7.135314068344624e-01,1.526933679221107e-01,7563,17852,3.618709997091373e-01,-2.159243873378695e-01,0.000000000000000e+00,1.835453288047661e+00,9.676774860469967e-01,-9.609586099367151e-03,0.000000000000000e+00,1.313869450849056e+00,5.066794720059962e+00,1,3.804999887943268e-01,5.200999975204468e-01,3.804999887943268e-01,5.000000000000000e-01
7.135869386545612e-01,1.529473502961333e-01,7568,17857,3.630441927519541e-01,-2.155355811974127e-01,0.000000000000000e+00,1.835400667938303e+00,9.677436848489007e-01,-9.564509424854100e-03,0.000000000000000e+00,1.313843628642681e+00,5.066768062745680e+00,1,3.807500004768372e-01,5.200999975204468e-01,3.807500004768372e-01,5.000000000000000e-01
7.136424704746601e-01,1.532013326701558e-01,7573,17862,3.642173857947707e-01,-2.151467750569560e-01,0.000000000000000e+00,1.835348047828945e+00,9.678098836508047e-01,-9.519432750341056e-03,0.000000000000000e+00,1.313817806436306e+00,5.066741405431401e+00,1,3.810000121593475e-01,5.200999975204468e-01,3.810000121593475e-01,5.000000000000000e-01
7.136979956751593e-01,1.534552847685348e-01,7578,17867,3.653904389886133e-01,-2.147580152636373e-01,0.000000000000000e+00,1.835295433992100e+00,9.678760745615653e-01,-9.474361449135264e-03,0.000000000000000e+00,1.313791987308033e+00,5.066714751294771e+00,1,3.812499940395355e-01,5.200999975204468e-01,3.812499940395355e-01,5.000000000000000e-01
7.137535274952583e-01,1.537092671425573e-01,7583,17872,3.665636320314294e-01,-2.143692091231808e-01,0.000000000000000e+00,1.835242813882742e+00,9.679422733634693e-01,-9.429284774622241e-03,0.000000000000000e+00,1.313766165101658e+00,5.066688093980492e+00,1,3.815000057220459e-01,5.200999975204468e-01,3.815000057220459e-01,5.000000000000000e-01
7.138090526957580e-01,1.539632192409371e-01,7588,17877,3.677366852252747e-01,-2.139804493298630e-01,0.000000000000000e+00,1.835190200045898e+00,9.680084642742299e-01,-9.384213473416468e-03,0.000000000000000e+00,1.313740345973386e+00,5.066661439843863e+00,1,3.817499876022339e-01,5.200999975204468e-01,3.817499876022339e-01,5.000000000000000e-01
7.138645845158567e-01,1.542172016149597e-01,7593,17882,3.689098782680915e-01,-2.135916431894063e-01,0.000000000000000e+00,1.835137579936539e+00,9.680746630761340e-01,-9.339136798903414e-03,0.000000000000000e+00,1.313714523767010e+00,5.066634782529583e+00,1,3.819999992847443e-01,5.200999975204468e-01,3.819999992847443e-01,5.000000000000000e-01
7.139201163359558e-01,1.544711839889822e-01,7598,17887,3.700830713109082e-01,-2.132028370489496e-01,0.000000000000000e+00,1.835084959827181e+00,9.681408618780379e-01,-9.294060124390371e-03,0.000000000000000e+00,1.313688701560635e+00,5.066608125215303e+00,1,3.822500109672546e-01,5.200999975204468e-01,3.822500109672546e-01,5.000000000000000e-01
7.139756415364551e-01,1.547251360873604e-01,7603,17892,3.712561245047480e-01,-2.128140772556298e-01,0.000000000000000e+00,1.835032345990336e+00,9.682070527887984e-01,-9.248988823184562e-03,0.000000000000000e+00,1.313662882432362e+00,5.066581471078674e+00,1,3.824999928474426e-01,5.200999975204468e-01,3.824999928474426e-01,5.000000000000000e-01
7.140311733565541e-01,1.549791184613830e-01,7608,17897,3.724293175475649e-01,-2.124252711151730e-01,0.000000000000000e+00,1.834979725880978e+00,9.682732515907025e-01,-9.203912148671509e-03,0.000000000000000e+00,1.313637060225987e+00,5.066554813764394e+00,1,3.827500045299530e-01,5.200999975204468e-01,3.827500045299530e-01,5.000000000000000e-01
7.140866985570535e-01,1.552330705597619e-01,7613,17902,3.736023707414072e-01,-2.120365113218544e-01,0.000000000000000e+00,1.834927112044133e+00,9.683394425014632e-01,-9.158840847465726e-03,0.000000000000000e+00,1.313611241097714e+00,5.066528159627763e+00,1,3.829999864101410e-01,5.200999975204468e-01,3.829999864101410e-01,5.000000000000000e-01
7.141422303771523e-01,1.554870529337845e-01,7618,17907,3.747755637842241e-01,-2.116477051813976e-01,0.000000000000000e+00,1.834874491934775e+00,9.684056413033671e-01,-9.113764172952675e-03,0.000000000000000e+00,1.313585418891339e+00,5.066501502313485e+00,1,3.832499980926514e-01,5.200999975204468e-01,3.832499980926514e-01,5.000000000000000e-01
7.141977621972513e-01,1.557410353078069e-01,7623,17912,3.759487568270404e-01,-2.112588990409410e-01,0.000000000000000e+00,1.834821871825417e+00,9.684718401052710e-01,-9.068687498439643e-03,0.000000000000000e+00,1.313559596684964e+00,5.066474844999203e+00,1,3.835000097751617e-01,5.200999975204468e-01,3.835000097751617e-01,5.000000000000000e-01
7.142532873977507e-01,1.559949874061859e-01,7628,17917,3.771218100208830e-01,-2.108701392476223e-01,0.000000000000000e+00,1.834769257988572e+00,9.685380310160319e-01,-9.023616197233851e-03,0.000000000000000e+00,1.313533777556691e+00,5.066448190862575e+00,1,3.837499916553497e-01,5.200999975204468e-01,3.837499916553497e-01,5.000000000000000e-01
7.143088192178497e-01,1.562489697802084e-01,7633,17922,3.782950030636993e-01,-2.104813331071657e-01,0.000000000000000e+00,1.834716637879214e+00,9.686042298179358e-01,-8.978539522720817e-03,0.000000000000000e+00,1.313507955350316e+00,5.066421533548295e+00,1,3.840000033378601e-01,5.200999975204468e-01,3.840000033378601e-01,5.000000000000000e-01
7.143643444183491e-01,1.565029218785884e-01,7638,17927,3.794680562575449e-01,-2.100925733138479e-01,0.000000000000000e+00,1.834664024042369e+00,9.686704207286965e-01,-8.933468221515032e-03,0.000000000000000e+00,1.313482136222043e+00,5.066394879411666e+00,1,3.842499852180481e-01,5.200999975204468e-01,3.842499852180481e-01,5.000000000000000e-01
7.144198762384479e-01,1.567569042526110e-01,7643,17932,3.806412493003618e-01,-2.097037671733911e-01,0.000000000000000e+00,1.834611403933011e+00,9.687366195306005e-01,-8.888391547001981e-03,0.000000000000000e+00,1.313456314015668e+00,5.066368222097386e+00,1,3.844999969005585e-01,5.200999975204468e-01,3.844999969005585e-01,5.000000000000000e-01
7.144754080585469e-01,1.570108866266327e-01,7648,17937,3.818144423431756e-01,-2.093149610329334e-01,0.000000000000000e+00,1.834558783823653e+00,9.688028183325045e-01,-8.843314872488921e-03,0.000000000000000e+00,1.313430491809293e+00,5.066341564783106e+00,1,3.847500085830688e-01,5.200999975204468e-01,3.847500085830688e-01,5.000000000000000e-01
7.145309332590462e-01,1.572648387250116e-01,7653,17942,3.829874955370180e-01,-2.089262012396148e-01,0.000000000000000e+00,1.834506169986808e+00,9.688690092432651e-01,-8.798243571283138e-03,0.000000000000000e+00,1.313404672681020e+00,5.066314910646478e+00,1,3.849999904632568e-01,5.200999975204468e-01,3.849999904632568e-01,5.000000000000000e-01
7.145864650791451e-01,1.575188210990341e-01,7658,17947,3.841606885798345e-01,-2.085373950991580e-01,0.000000000000000e+00,1.834453549877449e+00,9.689352080451690e-01,-8.753166896770095e-03,0.000000000000000e+00,1.313378850474645e+00,5.066288253332197e+00,1,3.852500021457672e-01,5.200999975204468e-01,3.852500021457672e-01,5.000000000000000e-01
7.146419968992441e-01,1.577728034730567e-01,7663,17952,3.853338816226511e-01,-2.081485889587014e-01,0.000000000000000e+00,1.834400929768092e+00,9.690014068470729e-01,-8.708090222257055e-03,0.000000000000000e+00,1.313353028268269e+00,5.066261596017917e+00,1,3.855000138282776e-01,5.200999975204468e-01,3.855000138282776e-01,5.000000000000000e-01
7.146975220997435e-01,1.580267555714357e-01,7668,17957,3.865069348164940e-01,-2.077598291653825e-01,0.000000000000000e+00,1.834348315931247e+00,9.690675977578338e-01,-8.663018921051251e-03,0.000000000000000e+00,1.313327209139997e+00,5.066234941881288e+00,1,3.857499957084656e-01,5.200999975204468e-01,3.857499957084656e-01,5.000000000000000e-01
7.147530539198426e-01,1.582807379454581e-01,7673,17962,3.876801278593098e-01,-2.073710230249261e-01,0.000000000000000e+00,1.834295695821889e+00,9.691337965597377e-01,-8.617942246538238e-03,0.000000000000000e+00,1.313301386933622e+00,5.066208284567008e+00,1,3.860000073909760e-01,5.200999975204468e-01,3.860000073909760e-01,5.000000000000000e-01
7.148085791203419e-01,1.585346900438371e-01,7678,17967,3.888531810531527e-01,-2.069822632316073e-01,0.000000000000000e+00,1.834243081985044e+00,9.691999874704984e-01,-8.572870945332435e-03,0.000000000000000e+00,1.313275567805349e+00,5.066181630430379e+00,1,3.862499892711639e-01,5.200999975204468e-01,3.862499892711639e-01,5.000000000000000e-01
7.148641109404407e-01,1.587886724178587e-01,7683,17972,3.900263740959666e-01,-2.065934570911496e-01,0.000000000000000e+00,1.834190461875686e+00,9.692661862724024e-01,-8.527794270819376e-03,0.000000000000000e+00,1.313249745598974e+00,5.066154973116099e+00,1,3.865000009536743e-01,5.200999975204468e-01,3.865000009536743e-01,5.000000000000000e-01
7.149196427605395e-01,1.590426547918813e-01,7688,17977,3.911995671387832e-01,-2.062046509506928e-01,0.000000000000000e+00,1.834137841766327e+00,9.693323850743063e-01,-8.482717596306333e-03,0.000000000000000e+00,1.313223923392598e+00,5.066128315801818e+00,1,3.867500126361847e-01,5.200999975204468e-01,3.867500126361847e-01,5.000000000000000e-01
7.149751679610390e-01,1.592966068902612e-01,7693,17982,3.923726203326287e-01,-2.058158911573751e-01,0.000000000000000e+00,1.834085227929482e+00,9.693985759850668e-01,-8.437646295100548e-03,0.000000000000000e+00,1.313198104264326e+00,5.066101661665190e+00,1,3.869999945163727e-01,5.200999975204468e-01,3.869999945163727e-01,5.000000000000000e-01
7.150306997811380e-01,1.595505892642838e-01,7698,17987,3.935458133754453e-01,-2.054270850169184e-01,0.000000000000000e+00,1.834032607820125e+00,9.694647747869710e-01,-8.392569620587507e-03,0.000000000000000e+00,1.313172282057951e+00,5.066075004350910e+00,1,3.872500061988831e-01,5.200999975204468e-01,3.872500061988831e-01,5.000000000000000e-01
7.150862249816374e-01,1.598045413626628e-01,7703,17992,3.947188665692879e-01,-2.050383252235997e-01,0.000000000000000e+00,1.833979993983279e+00,9.695309656977316e-01,-8.347498319381712e-03,0.000000000000000e+00,1.313146462929678e+00,5.066048350214281e+00,1,3.874999880790710e-01,5.200999975204468e-01,3.874999880790710e-01,5.000000000000000e-01
7.151417568017363e-01,1.600585237366853e-01,7708,17997,3.958920596121045e-01,-2.046495190831430e-01,0.000000000000000e+00,1.833927373873922e+00,9.695971644996355e-01,-8.302421644868670e-03,0.000000000000000e+00,1.313120640723303e+00,5.066021692900000e+00,1,3.877499997615814e-01,5.200999975204468e-01,3.877499997615814e-01,5.000000000000000e-01
7.151972886218353e-01,1.603125061107079e-01,7713,18002,3.970652526549211e-01,-2.042607129426863e-01,0.000000000000000e+00,1.833874753764564e+00,9.696633633015397e-01,-8.257344970355627e-03,0.000000000000000e+00,1.313094818516928e+00,5.065995035585720e+00,1,3.880000114440918e-01,5.200999975204468e-01,3.880000114440918e-01,5.000000000000000e-01
7.152528138223346e-01,1.605664582090868e-01,7718,18007,3.982383058487634e-01,-2.038719531493677e-01,0.000000000000000e+00,1.833822139927718e+00,9.697295542123002e-01,-8.212273669149846e-03,0.000000000000000e+00,1.313068999388655e+00,5.065968381449092e+00,1,3.882499933242798e-01,5.200999975204468e-01,3.882499933242798e-01,5.000000000000000e-01
7.153083456424336e-01,1.608204405831094e-01,7723,18012,3.994114988915803e-01,-2.034831470089108e-01,0.000000000000000e+00,1.833769519818361e+00,9.697957530142043e-01,-8.167196994636793e-03,0.000000000000000e+00,1.313043177182280e+00,5.065941724134811e+00,1,3.885000050067902e-01,5.200999975204468e-01,3.885000050067902e-01,5.000000000000000e-01
7.153638708429331e-01,1.610743926814884e-01,7728,18017,4.005845520854229e-01,-2.030943872155921e-01,0.000000000000000e+00,1.833716905981515e+00,9.698619439249649e-01,-8.122125693431001e-03,0.000000000000000e+00,1.313017358054007e+00,5.065915069998182e+00,1,3.887499868869781e-01,5.200999975204468e-01,3.887499868869781e-01,5.000000000000000e-01
7.154194026630321e-01,1.613283750555110e-01,7733,18022,4.017577451282395e-01,-2.027055810751354e-01,0.000000000000000e+00,1.833664285872157e+00,9.699281427268689e-01,-8.077049018917959e-03,0.000000000000000e+00,1.312991535847632e+00,5.065888412683902e+00,1,3.889999985694885e-01,5.200999975204468e-01,3.889999985694885e-01,5.000000000000000e-01
7.154749344831308e-01,1.615823574295335e-01,7738,18027,4.029309381710561e-01,-2.023167749346788e-01,0.000000000000000e+00,1.833611665762799e+00,9.699943415287730e-01,-8.031972344404916e-03,0.000000000000000e+00,1.312965713641256e+00,5.065861755369623e+00,1,3.892500102519989e-01,5.200999975204468e-01,3.892500102519989e-01,5.000000000000000e-01
7.155304596836303e-01,1.618363095279125e-01,7743,18032,4.041039913648987e-01,-2.019280151413600e-01,0.000000000000000e+00,1.833559051925954e+00,9.700605324395335e-01,-7.986901043199122e-03,0.000000000000000e+00,1.312939894512984e+00,5.065835101232993e+00,1,3.894999921321869e-01,5.200999975204468e-01,3.894999921321869e-01,5.000000000000000e-01
7.155859915037291e-01,1.620902919019351e-01,7748,18037,4.052771844077155e-01,-2.015392090009032e-01,0.000000000000000e+00,1.833506431816596e+00,9.701267312414374e-01,-7.941824368686070e-03,0.000000000000000e+00,1.312914072306609e+00,5.065808443918713e+00,1,3.897500038146973e-01,5.200999975204468e-01,3.897500038146973e-01,5.000000000000000e-01
7.156415167042285e-01,1.623442440003130e-01,7753,18043,4.064502376015549e-01,-2.011504492075837e-01,0.000000000000000e+00,1.833453817979751e+00,9.701929221521981e-01,-7.896753067480281e-03,0.000000000000000e+00,1.312888253178336e+00,5.065781789782084e+00,1,3.899999856948853e-01,5.200999975204468e-01,3.899999856948853e-01,5.000000000000000e-01
7.156782729263669e-01,1.625470311615156e-01,7758,18048,4.074795591408404e-01,-2.005141963088855e-01,0.000000000000000e+00,1.833405857909092e+00,9.702337881016470e-01,-7.855200571097988e-03,0.000000000000000e+00,1.312863179604249e+00,5.065733374618958e+00,1,3.902499973773956e-01,5.200999975204468e-01,3.902499973773956e-01,5.000000000000000e-01
7.157150280741456e-01,1.627498153932728e-01,7763,18053,4.085088724476428e-01,-1.998779292510210e-01,0.000000000000000e+00,1.833357898105086e+00,9.702746526015232e-01,-7.813648276372903e-03,0.000000000000000e+00,1.312838106072999e+00,5.065684958210825e+00,1,3.905000090599060e-01,5.200999975204468e-01,3.905000090599060e-01,5.000000000000000e-01
7.157517788405737e-01,1.629525754523946e-01,7768,18058,4.095380630564684e-01,-1.992417380385549e-01,0.000000000000000e+00,1.833309944018066e+00,9.703155122301991e-01,-7.772100934835861e-03,0.000000000000000e+00,1.312813035530607e+00,5.065636547574107e+00,1,3.907499909400940e-01,5.200999975204468e-01,3.907499909400940e-01,5.000000000000000e-01
7.157885339883527e-01,1.631553596841529e-01,7773,18063,4.105673763632743e-01,-1.986054709806910e-01,0.000000000000000e+00,1.833261984214060e+00,9.703563767300754e-01,-7.730548640110764e-03,0.000000000000000e+00,1.312787961999357e+00,5.065588131165974e+00,1,3.910000026226044e-01,5.200999975204468e-01,3.910000026226044e-01,5.000000000000000e-01
7.158252891361312e-01,1.633581439159091e-01,7778,18068,4.115966896700738e-01,-1.979692039228255e-01,0.000000000000000e+00,1.833214024410054e+00,9.703972412299515e-01,-7.688996345385673e-03,0.000000000000000e+00,1.312762888468107e+00,5.065539714757840e+00,1,3.912500143051147e-01,5.200999975204468e-01,3.912500143051147e-01,5.000000000000000e-01
7.158620399025597e-01,1.635609039750329e-01,7783,18073,4.126258802789055e-01,-1.973330127103613e-01,0.000000000000000e+00,1.833166070323034e+00,9.704381008586276e-01,-7.647449003848646e-03,0.000000000000000e+00,1.312737817925715e+00,5.065491304121124e+00,1,3.914999961853027e-01,5.200999975204468e-01,3.914999961853027e-01,5.000000000000000e-01
7.158987950503384e-01,1.637636882067902e-01,7788,18078,4.136551935857081e-01,-1.966967456524966e-01,0.000000000000000e+00,1.833118110519028e+00,9.704789653585038e-01,-7.605896709123553e-03,0.000000000000000e+00,1.312712744394466e+00,5.065442887712991e+00,1,3.917500078678131e-01,5.200999975204468e-01,3.917500078678131e-01,5.000000000000000e-01
7.159355458167669e-01,1.639664482659128e-01,7793,18083,4.146843841945362e-01,-1.960605544400318e-01,0.000000000000000e+00,1.833070156432008e+00,9.705198249871796e-01,-7.564349367586539e-03,0.000000000000000e+00,1.312687673852074e+00,5.065394477076275e+00,1,3.919999897480011e-01,5.200999975204468e-01,3.919999897480011e-01,5.000000000000000e-01
7.159723009645454e-01,1.641692324976700e-01,7798,18088,4.157136975013386e-01,-1.954242873821672e-01,0.000000000000000e+00,1.833022196628002e+00,9.705606894870558e-01,-7.522797072861453e-03,0.000000000000000e+00,1.312662600320824e+00,5.065346060668141e+00,1,3.922500014305115e-01,5.200999975204468e-01,3.922500014305115e-01,5.000000000000000e-01
7.160090561123242e-01,1.643720167294273e-01,7803,18093,4.167430108081416e-01,-1.947880203243024e-01,0.000000000000000e+00,1.832974236823995e+00,9.706015539869320e-01,-7.481244778136348e-03,0.000000000000000e+00,1.312637526789574e+00,5.065297644260008e+00,1,3.925000131130219e-01,5.200999975204468e-01,3.925000131130219e-01,5.000000000000000e-01
7.160458068787524e-01,1.645747767885500e-01,7808,18098,4.177722014169697e-01,-1.941518291118375e-01,0.000000000000000e+00,1.832926282736975e+00,9.706424136156079e-01,-7.439697436599333e-03,0.000000000000000e+00,1.312612456247182e+00,5.065249233623289e+00,1,3.927499949932098e-01,5.200999975204468e-01,3.927499949932098e-01,5.000000000000000e-01
7.160825620265313e-01,1.647775610203073e-01,7813,18103,4.188015147237729e-01,-1.935155620539726e-01,0.000000000000000e+00,1.832878322932970e+00,9.706832781154842e-01,-7.398145141874221e-03,0.000000000000000e+00,1.312587382715932e+00,5.065200817215156e+00,1,3.930000066757202e-01,5.200999975204468e-01,3.930000066757202e-01,5.000000000000000e-01
7.161193127929595e-01,1.649803210794290e-01,7818,18108,4.198307053325980e-01,-1.928793708415069e-01,0.000000000000000e+00,1.832830368845950e+00,9.707241377441598e-01,-7.356597800337199e-03,0.000000000000000e+00,1.312562312173540e+00,5.065152406578438e+00,1,3.932499885559082e-01,5.200999975204468e-01,3.932499885559082e-01,5.000000000000000e-01
7.161560679407383e-01,1.651831053111863e-01,7823,18113,4.208600186394007e-01,-1.922431037836422e-01,0.000000000000000e+00,1.832782409041943e+00,9.707650022440362e-01,-7.315045505612103e-03,0.000000000000000e+00,1.312537238642290e+00,5.065103990170306e+00,1,3.935000002384186e-01,5.200999975204468e-01,3.935000002384186e-01,5.000000000000000e-01
7.161928230885168e-01,1.653858895429436e-01,7828,18118,4.218893319462034e-01,-1.916068367257775e-01,0.000000000000000e+00,1.832734449237937e+00,9.708058667439122e-01,-7.273493210887009e-03,0.000000000000000e+00,1.312512165111040e+00,5.065055573762171e+00,1,3.937500119209290e-01,5.200999975204468e-01,3.937500119209290e-01,5.000000000000000e-01
7.162295738549453e-01,1.655886496020672e-01,7833,18123,4.229185225550347e-01,-1.909706455133133e-01,0.000000000000000e+00,1.832686495150918e+00,9.708467263725883e-01,-7.231945869349993e-03,0.000000000000000e+00,1.312487094568648e+00,5.065007163125456e+00,1,3.939999938011169e-01,5.200999975204468e-01,3.939999938011169e-01,5.000000000000000e-01
7.162663290027240e-01,1.657914338338254e-01,7838,18128,4.239478358618401e-01,-1.903343784554496e-01,0.000000000000000e+00,1.832638535346911e+00,9.708875908724646e-01,-7.190393574624915e-03,0.000000000000000e+00,1.312462021037399e+00,5.064958746717322e+00,1,3.942500054836273e-01,5.200999975204468e-01,3.942500054836273e-01,5.000000000000000e-01
7.163030797691525e-01,1.659941938929482e-01,7843,18133,4.249770264706688e-01,-1.896981872429844e-01,0.000000000000000e+00,1.832590581259892e+00,9.709284505011406e-01,-7.148846233087881e-03,0.000000000000000e+00,1.312436950495007e+00,5.064910336080605e+00,1,3.944999873638153e-01,5.200999975204468e-01,3.944999873638153e-01,5.000000000000000e-01
7.163398349169310e-01,1.661969781247045e-01,7848,18138,4.260063397774684e-01,-1.890619201851189e-01,0.000000000000000e+00,1.832542621455885e+00,9.709693150010168e-01,-7.107293938362780e-03,0.000000000000000e+00,1.312411876963757e+00,5.064861919672472e+00,1,3.947499990463257e-01,5.200999975204468e-01,3.947499990463257e-01,5.000000000000000e-01
7.163765900647098e-01,1.663997623564618e-01,7853,18143,4.270356530842714e-01,-1.884256531272541e-01,0.000000000000000e+00,1.832494661651879e+00,9.710101795008930e-01,-7.065741643637677e-03,0.000000000000000e+00,1.312386803432507e+00,5.064813503264338e+00,1,3.950000107288361e-01,5.200999975204468e-01,3.950000107288361e-01,5.000000000000000e-01
7.164133408311383e-01,1.666025224155844e-01,7858,18148,4.280648436930994e-01,-1.877894619147893e-01,0.000000000000000e+00,1.832446707564860e+00,9.710510391295688e-01,-7.024194302100661e-03,0.000000000000000e+00,1.312361732890115e+00,5.064765092627622e+00,1,3.952499926090240e-01,5.200999975204468e-01,3.952499926090240e-01,5.000000000000000e-01
7.164500959789168e-01,1.668053066473417e-01,7863,18153,4.290941569999022e-01,-1.871531948569246e-01,0.000000000000000e+00,1.832398747760853e+00,9.710919036294451e-01,-6.982642007375566e-03,0.000000000000000e+00,1.312336659358865e+00,5.064716676219488e+00,1,3.955000042915344e-01,5.200999975204468e-01,3.955000042915344e-01,5.000000000000000e-01
7.164868467453451e-01,1.670080667064644e-01,7868,18158,4.301233476087305e-01,-1.865170036444595e-01,0.000000000000000e+00,1.832350793673833e+00,9.711327632581208e-01,-6.941094665838542e-03,0.000000000000000e+00,1.312311588816474e+00,5.064668265582770e+00,1,3.957499861717224e-01,5.200999975204468e-01,3.957499861717224e-01,5.000000000000000e-01
7.165236018931240e-01,1.672108509382217e-01,7873,18163,4.311526609155333e-01,-1.858807365865949e-01,0.000000000000000e+00,1.832302833869827e+00,9.711736277579972e-01,-6.899542371113448e-03,0.000000000000000e+00,1.312286515285223e+00,5.064619849174638e+00,1,3.959999978542328e-01,5.200999975204468e-01,3.959999978542328e-01,5.000000000000000e-01
7.165603570409025e-01,1.674136351699790e-01,7878,18168,4.321819742223358e-01,-1.852444695287302e-01,0.000000000000000e+00,1.832254874065821e+00,9.712144922578734e-01,-6.857990076388353e-03,0.000000000000000e+00,1.312261441753974e+00,5.064571432766504e+00,1,3.962500095367432e-01,5.200999975204468e-01,3.962500095367432e-01,5.000000000000000e-01
7.165971078073310e-01,1.676163952291017e-01,7883,18173,4.332111648311643e-01,-1.846082783162652e-01,0.000000000000000e+00,1.832206919978801e+00,9.712553518865492e-01,-6.816442734851330e-03,0.000000000000000e+00,1.312236371211582e+00,5.064523022129787e+00,1,3.964999914169312e-01,5.200999975204468e-01,3.964999914169312e-01,5.000000000000000e-01
7.166338629551097e-01,1.678191794608589e-01,7888,18178,4.342404781379670e-01,-1.839720112584005e-01,0.000000000000000e+00,1.832158960174795e+00,9.712962163864255e-01,-6.774890440126234e-03,0.000000000000000e+00,1.312211297680332e+00,5.064474605721654e+00,1,3.967500030994415e-01,5.200999975204468e-01,3.967500030994415e-01,5.000000000000000e-01
7.166706181028883e-01,1.680219636926162e-01,7893,18183,4.352697914447696e-01,-1.833357442005358e-01,0.000000000000000e+00,1.832111000370788e+00,9.713370808863016e-01,-6.733338145401140e-03,0.000000000000000e+00,1.312186224149082e+00,5.064426189313520e+00,1,3.970000147819519e-01,5.200999975204468e-01,3.970000147819519e-01,5.000000000000000e-01
7.167073688693167e-01,1.682247237517379e-01,7898,18188,4.362989820535950e-01,-1.826995529880701e-01,0.000000000000000e+00,1.832063046283769e+00,9.713779405149775e-01,-6.691790803864110e-03,0.000000000000000e+00,1.312161153606690e+00,5.064377778676802e+00,1,3.972499966621399e-01,5.200999975204468e-01,3.972499966621399e-01,5.000000000000000e-01
7.167441240170954e-01,1.684275079834962e-01,7903,18193,4.373282953604007e-01,-1.820632859302061e-01,0.000000000000000e+00,1.832015086479762e+00,9.714188050148538e-01,-6.650238509139022e-03,0.000000000000000e+00,1.312136080075440e+00,5.064329362268669e+00,1,3.975000083446503e-01,5.200999975204468e-01,3.975000083446503e-01,5.000000000000000e-01
7.167808747835238e-01,1.686302680426189e-01,7908,18198,4.383574859692291e-01,-1.814270947177411e-01,0.000000000000000e+00,1.831967132392743e+00,9.714596646435296e-01,-6.608691167601999e-03,0.000000000000000e+00,1.312111009533048e+00,5.064280951631952e+00,1,3.977499902248383e-01,5.200999975204468e-01,3.977499902248383e-01,5.000000000000000e-01
7.168176299313025e-01,1.688330522743762e-01,7913,18203,4.393867992760317e-01,-1.807908276598764e-01,0.000000000000000e+00,1.831919172588736e+00,9.715005291434058e-01,-6.567138872876903e-03,0.000000000000000e+00,1.312085936001798e+00,5.064232535223820e+00,1,3.980000019073486e-01,5.200999975204468e-01,3.980000019073486e-01,5.000000000000000e-01
7.168543850790812e-01,1.690358365061334e-01,7918,18208,4.404161125828344e-01,-1.801545606020117e-01,0.000000000000000e+00,1.831871212784730e+00,9.715413936432821e-01,-6.525586578151808e-03,0.000000000000000e+00,1.312060862470549e+00,5.064184118815685e+00,1,3.982500135898590e-01,5.200999975204468e-01,3.982500135898590e-01,5.000000000000000e-01
7.168911358455096e-01,1.692385965652561e-01,7923,18213,4.414453031916628e-01,-1.795183693895467e-01,0.000000000000000e+00,1.831823258697710e+00,9.715822532719582e-01,-6.484039236614786e-03,0.000000000000000e+00,1.312035791928157e+00,5.064135708178968e+00,1,3.984999954700470e-01,5.200999975204468e-01,3.984999954700470e-01,5.000000000000000e-01
7.169278909932881e-01,1.694413807970134e-01,7928,18218,4.424746164984655e-01,-1.788821023316820e-01,0.000000000000000e+00,1.831775298893704e+00,9.716231177718342e-01,-6.442486941889690e-03,0.000000000000000e+00,1.312010718396907e+00,5.064087291770836e+00,1,3.987500071525574e-01,5.200999975204468e-01,3.987500071525574e-01,5.000000000000000e-01
7.169646417597166e-01,1.696441408561361e-01,7933,18223,4.435038071072939e-01,-1.782459111192171e-01,0.000000000000000e+00,1.831727344806684e+00,9.716639774005101e-01,-6.400939600352666e-03,0.000000000000000e+00,1.311985647854515e+00,5.064038881134119e+00,1,3.989999890327454e-01,5.200999975204468e-01,3.989999890327454e-01,5.000000000000000e-01
7.170013969074953e-01,1.698469250878933e-01,7938,18228,4.445331204140962e-01,-1.776096440613525e-01,0.000000000000000e+00,1.831679385002678e+00,9.717048419003862e-01,-6.359387305627582e-03,0.000000000000000e+00,1.311960574323265e+00,5.063990464725984e+00,1,3.992500007152557e-01,5.200999975204468e-01,3.992500007152557e-01,5.000000000000000e-01
7.170381520552740e-01,1.700497093196507e-01,7943,18233,4.455624337208992e-01,-1.769733770034877e-01,0.000000000000000e+00,1.831631425198672e+00,9.717457064002626e-01,-6.317835010902478e-03,0.000000000000000e+00,1.311935500792015e+00,5.063942048317852e+00,1,3.995000123977661e-01,5.200999975204468e-01,3.995000123977661e-01,5.000000000000000e-01
7.170749028217024e-01,1.702524693787734e-01,7948,18238,4.465916243297276e-01,-1.763371857910227e-01,0.000000000000000e+00,1.831583471111653e+00,9.717865660289384e-01,-6.276287669365454e-03,0.000000000000000e+00,1.311910430249624e+00,5.063893637681134e+00,1,3.997499942779541e-01,5.200999975204468e-01,3.997499942779541e-01,5.000000000000000e-01
7.171116579694812e-01,1.704552536105306e-01,7953,18244,4.476209376365302e-01,-1.757009187331580e-01,0.000000000000000e+00,1.831535511307646e+00,9.718274305288147e-01,-6.234735374640359e-03,0.000000000000000e+00,1.311885356718374e+00,5.063845221273001e+00,1,4.000000059604645e-01,5.200999975204468e-01,4.000000059604645e-01,5.000000000000000e-01
7.171357514151645e-01,1.705868183705554e-01,7958,18249,4.482498385372017e-01,-1.752893236862689e-01,0.000000000000000e+00,1.831495621487327e+00,9.718527928613602e-01,-6.194470018123780e-03,0.000000000000000e+00,1.311865077851869e+00,5.063798675967730e+00,1,4.002499878406525e-01,5.200999975204468e-01,4.002499878406525e-01,5.000000000000000e-01
7.171598480350432e-01,1.707184005131728e-01,7963,18254,4.488788239593926e-01,-1.748776742141821e-01,0.000000000000000e+00,1.831455726719126e+00,9.718781585870969e-01,-6.154199830684692e-03,0.000000000000000e+00,1.311844796453497e+00,5.063752125068941e+00,1,4.004999995231628e-01,5.200999975204468e-01,4.004999995231628e-01,5.000000000000000e-01
7.171839446549222e-01,1.708499826557881e-01,7968,18259,4.495078093815770e-01,-1.744660247420943e-01,0.000000000000000e+00,1.831415831950925e+00,9.719035243128336e-01,-6.113929643245620e-03,0.000000000000000e+00,1.311824515055126e+00,5.063705574170155e+00,1,4.007500112056732e-01,5.200999975204468e-01,4.007500112056732e-01,5.000000000000000e-01
7.172080384023941e-01,1.709815491133237e-01,7973,18264,4.501367198263633e-01,-1.740544243401549e-01,0.000000000000000e+00,1.831375941938329e+00,9.719288870148816e-01,-6.073664256162642e-03,0.000000000000000e+00,1.311804236074373e+00,5.063659028820410e+00,1,4.009999930858612e-01,5.200999975204468e-01,4.009999930858612e-01,5.000000000000000e-01
7.172321350222730e-01,1.711131312559400e-01,7978,18269,4.507657052485508e-01,-1.736427748680676e-01,0.000000000000000e+00,1.831336047170129e+00,9.719542527406184e-01,-6.033394068723566e-03,0.000000000000000e+00,1.311783954676002e+00,5.063612477921621e+00,1,4.012500047683716e-01,5.200999975204468e-01,4.012500047683716e-01,5.000000000000000e-01
7.172562287697453e-01,1.712446977134757e-01,7983,18274,4.513946156933372e-01,-1.732311744661281e-01,0.000000000000000e+00,1.831296157157533e+00,9.719796154426663e-01,-5.993128681640578e-03,0.000000000000000e+00,1.311763675695249e+00,5.063565932571875e+00,1,4.014999866485596e-01,5.200999975204468e-01,4.014999866485596e-01,5.000000000000000e-01
7.172803253896241e-01,1.713762798560921e-01,7988,18279,4.520236011155250e-01,-1.728195249940406e-01,0.000000000000000e+00,1.831256262389332e+00,9.720049811684031e-01,-5.952858494201484e-03,0.000000000000000e+00,1.311743394296878e+00,5.063519381673089e+00,1,4.017499983310699e-01,5.200999975204468e-01,4.017499983310699e-01,5.000000000000000e-01
7.173044220095028e-01,1.715078619987083e-01,7993,18284,4.526525865377125e-01,-1.724078755219535e-01,0.000000000000000e+00,1.831216367621132e+00,9.720303468941399e-01,-5.912588306762418e-03,0.000000000000000e+00,1.311723112898507e+00,5.063472830774302e+00,1,4.020000100135803e-01,5.200999975204468e-01,4.020000100135803e-01,5.000000000000000e-01
7.173285157569749e-01,1.716394284562439e-01,7998,18289,4.532814969824982e-01,-1.719962751200143e-01,0.000000000000000e+00,1.831176477608536e+00,9.720557095961876e-01,-5.872322919679466e-03,0.000000000000000e+00,1.311702833917754e+00,5.063426285424555e+00,1,4.022499918937683e-01,5.200999975204468e-01,4.022499918937683e-01,5.000000000000000e-01
7.173526123768538e-01,1.717710105988603e-01,8003,18294,4.539104824046860e-01,-1.715846256479269e-01,0.000000000000000e+00,1.831136582840335e+00,9.720810753219243e-01,-5.832052732240371e-03,0.000000000000000e+00,1.311682552519383e+00,5.063379734525768e+00,1,4.025000035762787e-01,5.200999975204468e-01,4.025000035762787e-01,5.000000000000000e-01
7.173767061243258e-01,1.719025770563959e-01,8008,18299,4.545393928494721e-01,-1.711730252459874e-01,0.000000000000000e+00,1.831096692827739e+00,9.721064380239721e-01,-5.791787345157392e-03,0.000000000000000e+00,1.311662273538630e+00,5.063333189176021e+00,1,4.027499854564667e-01,5.200999975204468e-01,4.027499854564667e-01,5.000000000000000e-01
7.174008027442047e-01,1.720341591990123e-01,8013,18304,4.551683782716601e-01,-1.707613757738999e-01,0.000000000000000e+00,1.831056798059538e+00,9.721318037497089e-01,-5.751517157718290e-03,0.000000000000000e+00,1.311641992140258e+00,5.063286638277234e+00,1,4.029999971389771e-01,5.200999975204468e-01,4.029999971389771e-01,5.000000000000000e-01
7.174248993640834e-01,1.721657413416286e-01,8018,18309,4.557973636938476e-01,-1.703497263018126e-01,0.000000000000000e+00,1.831016903291338e+00,9.721571694754456e-01,-5.711246970279215e-03,0.000000000000000e+00,1.311621710741887e+00,5.063240087378448e+00,1,4.032500088214874e-01,5.200999975204468e-01,4.032500088214874e-01,5.000000000000000e-01
7.174489931115555e-01,1.722973077991641e-01,8023,18314,4.564262741386336e-01,-1.699381258998734e-01,0.000000000000000e+00,1.830977013278742e+00,9.721825321774936e-01,-5.670981583196253e-03,0.000000000000000e+00,1.311601431761135e+00,5.063193542028701e+00,1,4.034999907016754e-01,5.200999975204468e-01,4.034999907016754e-01,5.000000000000000e-01
7.174730897314343e-01,1.724288899417805e-01,8028,18319,4.570552595608214e-01,-1.695264764277859e-01,0.000000000000000e+00,1.830937118510541e+00,9.722078979032303e-01,-5.630711395757159e-03,0.000000000000000e+00,1.311581150362763e+00,5.063146991129914e+00,1,4.037500023841858e-01,5.200999975204468e-01,4.037500023841858e-01,5.000000000000000e-01
7.174971863513131e-01,1.725604720843969e-01,8033,18324,4.576842449830091e-01,-1.691148269556985e-01,0.000000000000000e+00,1.830897223742341e+00,9.722332636289671e-01,-5.590441208318075e-03,0.000000000000000e+00,1.311560868964392e+00,5.063100440231127e+00,1,4.040000140666962e-01,5.200999975204468e-01,4.040000140666962e-01,5.000000000000000e-01
7.175212800987855e-01,1.726920385419325e-01,8038,18329,4.583131554277950e-01,-1.687032265537593e-01,0.000000000000000e+00,1.830857333729745e+00,9.722586263310149e-01,-5.550175821235115e-03,0.000000000000000e+00,1.311540589983639e+00,5.063053894881380e+00,1,4.042499959468842e-01,5.200999975204468e-01,4.042499959468842e-01,5.000000000000000e-01
7.175453767186641e-01,1.728236206845488e-01,8043,18334,4.589421408499828e-01,-1.682915770816719e-01,0.000000000000000e+00,1.830817438961544e+00,9.722839920567519e-01,-5.509905633796030e-03,0.000000000000000e+00,1.311520308585268e+00,5.063007343982594e+00,1,4.045000076293945e-01,5.200999975204468e-01,4.045000076293945e-01,5.000000000000000e-01
7.175694704661362e-01,1.729551871420844e-01,8048,18339,4.595710512947687e-01,-1.678799766797327e-01,0.000000000000000e+00,1.830777548948948e+00,9.723093547587996e-01,-5.469640246713068e-03,0.000000000000000e+00,1.311500029604515e+00,5.062960798632847e+00,1,4.047499895095825e-01,5.200999975204468e-01,4.047499895095825e-01,5.000000000000000e-01
7.175935670860151e-01,1.730867692847007e-01,8053,18344,4.602000367169565e-01,-1.674683272076452e-01,0.000000000000000e+00,1.830737654180747e+00,9.723347204845363e-01,-5.429370059273975e-03,0.000000000000000e+00,1.311479748206144e+00,5.062914247734060e+00,1,4.050000011920929e-01,5.200999975204468e-01,4.050000011920929e-01,5.000000000000000e-01
7.176176637058937e-01,1.732183514273171e-01,8058,18349,4.608290221391442e-01,-1.670566777355578e-01,0.000000000000000e+00,1.830697759412547e+00,9.723600862102730e-01,-5.389099871834890e-03,0.000000000000000e+00,1.311459466807773e+00,5.062867696835273e+00,1,4.052500128746033e-01,5.200999975204468e-01,4.052500128746033e-01,5.000000000000000e-01
7.176417574533660e-01,1.733499178848527e-01,8063,18354,4.614579325839303e-01,-1.666450773336185e-01,0.000000000000000e+00,1.830657869399951e+00,9.723854489123209e-01,-5.348834484751919e-03,0.000000000000000e+00,1.311439187827020e+00,5.062821151485527e+00,1,4.054999947547913e-01,5.200999975204468e-01,4.054999947547913e-01,5.000000000000000e-01
7.176658540732448e-01,1.734815000274690e-01,8068,18359,4.620869180061179e-01,-1.662334278615311e-01,0.000000000000000e+00,1.830617974631750e+00,9.724108146380577e-01,-5.308564297312836e-03,0.000000000000000e+00,1.311418906428648e+00,5.062774600586739e+00,1,4.057500064373016e-01,5.200999975204468e-01,4.057500064373016e-01,5.000000000000000e-01
7.176899478207168e-01,1.736130664850046e-01,8073,18364,4.627158284509040e-01,-1.658218274595918e-01,0.000000000000000e+00,1.830578084619154e+00,9.724361773401056e-01,-5.268298910229865e-03,0.000000000000000e+00,1.311398627447895e+00,5.062728055236993e+00,1,4.059999883174896e-01,5.200999975204468e-01,4.059999883174896e-01,5.000000000000000e-01
7.177140444405957e-01,1.737446486276219e-01,8078,18369,4.633448138730949e-01,-1.654101779875048e-01,0.000000000000000e+00,1.830538189850954e+00,9.724615430658423e-01,-5.228028722790786e-03,0.000000000000000e+00,1.311378346049525e+00,5.062681504338205e+00,1,4.062500000000000e-01,5.200999975204468e-01,4.062500000000000e-01,5.000000000000000e-01
7.177381410604745e-01,1.738762307702383e-01,8083,18374,4.639737992952825e-01,-1.649985285154175e-01,0.000000000000000e+00,1.830498295082753e+00,9.724869087915791e-01,-5.187758535351703e-03,0.000000000000000e+00,1.311358064651153e+00,5.062634953439419e+00,1,4.065000116825104e-01,5.200999975204468e-01,4.065000116825104e-01,5.000000000000000e-01
7.177622348079467e-01,1.740077972277738e-01,8088,18379,4.646027097400686e-01,-1.645869281134781e-01,0.000000000000000e+00,1.830458405070157e+00,9.725122714936270e-01,-5.147493148268733e-03,0.000000000000000e+00,1.311337785670400e+00,5.062588408089672e+00,1,4.067499935626984e-01,5.200999975204468e-01,4.067499935626984e-01,5.000000000000000e-01
7.177863314278254e-01,1.741393793703892e-01,8093,18384,4.652316951622530e-01,-1.641752786413904e-01,0.000000000000000e+00,1.830418510301957e+00,9.725376372193636e-01,-5.107222960829641e-03,0.000000000000000e+00,1.311317504272029e+00,5.062541857190885e+00,1,4.070000052452087e-01,5.200999975204468e-01,4.070000052452087e-01,5.000000000000000e-01
7.178104251752976e-01,1.742709458279248e-01,8098,18389,4.658606056070392e-01,-1.637636782394511e-01,0.000000000000000e+00,1.830378620289361e+00,9.725629999214116e-01,-5.066957573746672e-03,0.000000000000000e+00,1.311297225291276e+00,5.062495311841138e+00,1,4.072499871253967e-01,5.200999975204468e-01,4.072499871253967e-01,5.000000000000000e-01
7.178345217951765e-01,1.744025279705411e-01,8103,18394,4.664895910292268e-01,-1.633520287673637e-01,0.000000000000000e+00,1.830338725521160e+00,9.725883656471483e-01,-5.026687386307587e-03,0.000000000000000e+00,1.311276943892905e+00,5.062448760942352e+00,1,4.074999988079071e-01,5.200999975204468e-01,4.074999988079071e-01,5.000000000000000e-01
7.178586184150553e-01,1.745341101131575e-01,8108,18399,4.671185764514145e-01,-1.629403792952763e-01,0.000000000000000e+00,1.830298830752960e+00,9.726137313728851e-01,-4.986417198868502e-03,0.000000000000000e+00,1.311256662494534e+00,5.062402210043564e+00,1,4.077500104904175e-01,5.200999975204468e-01,4.077500104904175e-01,5.000000000000000e-01
7.178827121625273e-01,1.746656765706930e-01,8113,18404,4.677474868962006e-01,-1.625287788933370e-01,0.000000000000000e+00,1.830258940740364e+00,9.726390940749328e-01,-4.946151811785532e-03,0.000000000000000e+00,1.311236383513781e+00,5.062355664693818e+00,1,4.079999923706055e-01,5.200999975204468e-01,4.079999923706055e-01,5.000000000000000e-01
7.179068087824061e-01,1.747972587133094e-01,8118,18409,4.683764723183882e-01,-1.621171294212496e-01,0.000000000000000e+00,1.830219045972163e+00,9.726644598006696e-01,-4.905881624346448e-03,0.000000000000000e+00,1.311216102115409e+00,5.062309113795031e+00,1,4.082500040531158e-01,5.200999975204468e-01,4.082500040531158e-01,5.000000000000000e-01
7.179309025298781e-01,1.749288251708450e-01,8123,18414,4.690053827631744e-01,-1.617055290193103e-01,0.000000000000000e+00,1.830179155959567e+00,9.726898225027176e-01,-4.865616237263478e-03,0.000000000000000e+00,1.311195823134657e+00,5.062262568445284e+00,1,4.084999859333038e-01,5.200999975204468e-01,4.084999859333038e-01,5.000000000000000e-01
7.179549991497570e-01,1.750604073134613e-01,8128,18419,4.696343681853621e-01,-1.612938795472229e-01,0.000000000000000e+00,1.830139261191366e+00,9.727151882284542e-01,-4.825346049824393e-03,0.000000000000000e+00,1.311175541736286e+00,5.062216017546498e+00,1,4.087499976158142e-01,5.200999975204468e-01,4.087499976158142e-01,5.000000000000000e-01
7.179790957696358e-01,1.751919894560777e-01,8133,18424,4.702633536075498e-01,-1.608822300751356e-01,0.000000000000000e+00,1.830099366423166e+00,9.727405539541909e-01,-4.785075862385309e-03,0.000000000000000e+00,1.311155260337914e+00,5.062169466647711e+00,1,4.090000092983246e-01,5.200999975204468e-01,4.090000092983246e-01,5.000000000000000e-01
7.180031895171080e-01,1.753235559136133e-01,8138,18429,4.708922640523358e-01,-1.604706296731963e-01,0.000000000000000e+00,1.830059476410570e+00,9.727659166562389e-01,-4.744810475302339e-03,0.000000000000000e+00,1.311134981357161e+00,5.062122921297964e+00,1,4.092499911785126e-01,5.200999975204468e-01,4.092499911785126e-01,5.000000000000000e-01
7.180272861369867e-01,1.754551380562296e-01,8143,18434,4.715212494745235e-01,-1.600589802011088e-01,0.000000000000000e+00,1.830019581642369e+00,9.727912823819755e-01,-4.704540287863254e-03,0.000000000000000e+00,1.311114699958790e+00,5.062076370399177e+00,1,4.095000028610229e-01,5.200999975204468e-01,4.095000028610229e-01,5.000000000000000e-01
7.180513827568655e-01,1.755867201988460e-01,8148,18439,4.721502348967113e-01,-1.596473307290214e-01,0.000000000000000e+00,1.829979686874169e+00,9.728166481077123e-01,-4.664270100424161e-03,0.000000000000000e+00,1.311094418560419e+00,5.062029819500390e+00,1,4.097500145435333e-01,5.200999975204468e-01,4.097500145435333e-01,5.000000000000000e-01
7.180754765043378e-01,1.757182866563816e-01,8153,18445,4.727791453414972e-01,-1.592357303270822e-01,0.000000000000000e+00,1.829939796861573e+00,9.728420108097602e-01,-4.624004713341199e-03,0.000000000000000e+00,1.311074139579666e+00,5.061983274150643e+00,1,4.099999964237213e-01,5.200999975204468e-01,4.099999964237213e-01,5.000000000000000e-01
7.181131905966212e-01,1.758174744575471e-01,8158,18450,4.731267930492979e-01,-1.592823392457027e-01,0.000000000000000e+00,1.829900070044606e+00,9.728870876484800e-01,-4.584271393342088e-03,0.000000000000000e+00,1.311057516930890e+00,5.061968828519248e+00,1,4.102500081062317e-01,5.200999975204468e-01,4.102500081062317e-01,5.000000000000000e-01
7.181509003880144e-01,1.759166499718263e-01,8163,18455,4.734743952922505e-01,-1.593289491628125e-01,0.000000000000000e+00,1.829860347965625e+00,9.729321593958002e-01,-4.544542817381279e-03,0.000000000000000e+00,1.311040896315926e+00,5.061954385069027e+00,1,4.104999899864197e-01,5.200999975204468e-01,4.104999899864197e-01,5.000000000000000e-01
7.181886146750910e-01,1.760158373096021e-01,8168,18460,4.738220389756136e-01,-1.593755646366595e-01,0.000000000000000e+00,1.829820621151060e+00,9.729772365164804e-01,-4.504809505061863e-03,0.000000000000000e+00,1.311024273719487e+00,5.061939939896887e+00,1,4.107500016689301e-01,5.200999975204468e-01,4.107500016689301e-01,5.000000000000000e-01
7.182263289621678e-01,1.761150246473789e-01,8173,18465,4.741696826589797e-01,-1.594221801105066e-01,0.000000000000000e+00,1.829780894336495e+00,9.730223136371609e-01,-4.465076192742441e-03,0.000000000000000e+00,1.311007651123048e+00,5.061925494724748e+00,1,4.110000133514404e-01,5.200999975204468e-01,4.110000133514404e-01,5.000000000000000e-01
7.182640387535613e-01,1.762142001616561e-01,8178,18470,4.745172849019258e-01,-1.594687900276159e-01,0.000000000000000e+00,1.829741172257515e+00,9.730673853844808e-01,-4.425347616781639e-03,0.000000000000000e+00,1.310991030508085e+00,5.061911051274526e+00,1,4.112499952316284e-01,5.200999975204468e-01,4.112499952316284e-01,5.000000000000000e-01
7.183017530406379e-01,1.763133874994329e-01,8183,18475,4.748649285852921e-01,-1.595154055014631e-01,0.000000000000000e+00,1.829701445442950e+00,9.731124625051611e-01,-4.385614304462226e-03,0.000000000000000e+00,1.310974407911645e+00,5.061896606102385e+00,1,4.115000069141388e-01,5.200999975204468e-01,4.115000069141388e-01,5.000000000000000e-01
7.183394628320313e-01,1.764125630137102e-01,8188,18480,4.752125308282382e-01,-1.595620154185724e-01,0.000000000000000e+00,1.829661723363970e+00,9.731575342524813e-01,-4.345885728501417e-03,0.000000000000000e+00,1.310957787296682e+00,5.061882162652164e+00,1,4.117499887943268e-01,5.200999975204468e-01,4.117499887943268e-01,5.000000000000000e-01
7.183771771191080e-01,1.765117503514879e-01,8193,18485,4.755601745116075e-01,-1.596086308924199e-01,0.000000000000000e+00,1.829621996549405e+00,9.732026113731618e-01,-4.306152416182028e-03,0.000000000000000e+00,1.310941164700243e+00,5.061867717480024e+00,1,4.120000004768372e-01,5.200999975204468e-01,4.120000004768372e-01,5.000000000000000e-01
7.184148914061848e-01,1.766109376892648e-01,8198,18490,4.759078181949737e-01,-1.596552463662670e-01,0.000000000000000e+00,1.829582269734840e+00,9.732476884938421e-01,-4.266419103862597e-03,0.000000000000000e+00,1.310924542103804e+00,5.061853272307885e+00,1,4.122500121593475e-01,5.200999975204468e-01,4.122500121593475e-01,5.000000000000000e-01
7.184526011975778e-01,1.767101132035410e-01,8203,18495,4.762554204379166e-01,-1.597018562833761e-01,0.000000000000000e+00,1.829542547655859e+00,9.732927602411618e-01,-4.226690527901780e-03,0.000000000000000e+00,1.310907921488840e+00,5.061838828857663e+00,1,4.124999940395355e-01,5.200999975204468e-01,4.124999940395355e-01,5.000000000000000e-01
7.184903154846545e-01,1.768093005413177e-01,8208,18500,4.766030641212827e-01,-1.597484717572233e-01,0.000000000000000e+00,1.829502820841295e+00,9.733378373618422e-01,-4.186957215582367e-03,0.000000000000000e+00,1.310891298892401e+00,5.061824383685522e+00,1,4.127500057220459e-01,5.200999975204468e-01,4.127500057220459e-01,5.000000000000000e-01
7.185280252760480e-01,1.769084760555950e-01,8213,18505,4.769506663642289e-01,-1.597950816743325e-01,0.000000000000000e+00,1.829463098762314e+00,9.733829091091624e-01,-4.147228639621556e-03,0.000000000000000e+00,1.310874678277437e+00,5.061809940235301e+00,1,4.129999876022339e-01,5.200999975204468e-01,4.129999876022339e-01,5.000000000000000e-01
7.185657395631246e-01,1.770076633933718e-01,8218,18510,4.772983100475952e-01,-1.598416971481798e-01,0.000000000000000e+00,1.829423371947749e+00,9.734279862298427e-01,-4.107495327302145e-03,0.000000000000000e+00,1.310858055680998e+00,5.061795495063161e+00,1,4.132499992847443e-01,5.200999975204468e-01,4.132499992847443e-01,5.000000000000000e-01
7.186034538502013e-01,1.771068507311486e-01,8223,18515,4.776459537309612e-01,-1.598883126220269e-01,0.000000000000000e+00,1.829383645133185e+00,9.734730633505232e-01,-4.067762014982731e-03,0.000000000000000e+00,1.310841433084559e+00,5.061781049891023e+00,1,4.135000109672546e-01,5.200999975204468e-01,4.135000109672546e-01,5.000000000000000e-01
7.186411636415946e-01,1.772060262454258e-01,8228,18520,4.779935559739075e-01,-1.599349225391362e-01,0.000000000000000e+00,1.829343923054204e+00,9.735181350978431e-01,-4.028033439021922e-03,0.000000000000000e+00,1.310824812469595e+00,5.061766606440800e+00,1,4.137499928474426e-01,5.200999975204468e-01,4.137499928474426e-01,5.000000000000000e-01
7.186788779286714e-01,1.773052135832026e-01,8233,18525,4.783411996572735e-01,-1.599815380129834e-01,0.000000000000000e+00,1.829304196239639e+00,9.735632122185234e-01,-3.988300126702508e-03,0.000000000000000e+00,1.310808189873156e+00,5.061752161268660e+00,1,4.140000045299530e-01,5.200999975204468e-01,4.140000045299530e-01,5.000000000000000e-01
7.187165877200647e-01,1.774043890974798e-01,8238,18530,4.786888019002197e-01,-1.600281479300927e-01,0.000000000000000e+00,1.829264474160659e+00,9.736082839658433e-01,-3.948571550741698e-03,0.000000000000000e+00,1.310791569258193e+00,5.061737717818438e+00,1,4.142499864101410e-01,5.200999975204468e-01,4.142499864101410e-01,5.000000000000000e-01
7.187543020071414e-01,1.775035764352567e-01,8243,18535,4.790364455835859e-01,-1.600747634039399e-01,0.000000000000000e+00,1.829224747346094e+00,9.736533610865239e-01,-3.908838238422276e-03,0.000000000000000e+00,1.310774946661754e+00,5.061723272646299e+00,1,4.144999980926514e-01,5.200999975204468e-01,4.144999980926514e-01,5.000000000000000e-01
7.187920162942181e-01,1.776027637730344e-01,8248,18540,4.793840892669553e-01,-1.601213788777873e-01,0.000000000000000e+00,1.829185020531529e+00,9.736984382072043e-01,-3.869104926102879e-03,0.000000000000000e+00,1.310758324065315e+00,5.061708827474160e+00,1,4.147500097751617e-01,5.200999975204468e-01,4.147500097751617e-01,5.000000000000000e-01
7.188297260856114e-01,1.777019392873107e-01,8253,18545,4.797316915098981e-01,-1.601679887948964e-01,0.000000000000000e+00,1.829145298452549e+00,9.737435099545242e-01,-3.829376350142062e-03,0.000000000000000e+00,1.310741703450351e+00,5.061694384023937e+00,1,4.149999916553497e-01,5.200999975204468e-01,4.149999916553497e-01,5.000000000000000e-01
7.188674403726880e-01,1.778011266250884e-01,8258,18550,4.800793351932675e-01,-1.602146042687438e-01,0.000000000000000e+00,1.829105571637984e+00,9.737885870752045e-01,-3.789643037822656e-03,0.000000000000000e+00,1.310725080853912e+00,5.061679938851798e+00,1,4.152500033378601e-01,5.200999975204468e-01,4.152500033378601e-01,5.000000000000000e-01
7.189051501640814e-01,1.779003021393647e-01,8263,18555,4.804269374362105e-01,-1.602612141858528e-01,0.000000000000000e+00,1.829065849559003e+00,9.738336588225243e-01,-3.749914461861840e-03,0.000000000000000e+00,1.310708460238948e+00,5.061665495401576e+00,1,4.154999852180481e-01,5.200999975204468e-01,4.154999852180481e-01,5.000000000000000e-01
7.189428644511581e-01,1.779994894771415e-01,8268,18560,4.807745811195767e-01,-1.603078296597000e-01,0.000000000000000e+00,1.829026122744438e+00,9.738787359432048e-01,-3.710181149542417e-03,0.000000000000000e+00,1.310691837642509e+00,5.061651050229436e+00,1,4.157499969005585e-01,5.200999975204468e-01,4.157499969005585e-01,5.000000000000000e-01
7.189805787382348e-01,1.780986768149183e-01,8273,18565,4.811222248029428e-01,-1.603544451335472e-01,0.000000000000000e+00,1.828986395929874e+00,9.739238130638852e-01,-3.670447837223013e-03,0.000000000000000e+00,1.310675215046070e+00,5.061636605057297e+00,1,4.160000085830688e-01,5.200999975204468e-01,4.160000085830688e-01,5.000000000000000e-01
7.190182885296281e-01,1.781978523291955e-01,8278,18570,4.814698270458889e-01,-1.604010550506565e-01,0.000000000000000e+00,1.828946673850893e+00,9.739688848112051e-01,-3.630719261262203e-03,0.000000000000000e+00,1.310658594431106e+00,5.061622161607074e+00,1,4.162499904632568e-01,5.200999975204468e-01,4.162499904632568e-01,5.000000000000000e-01
7.190560028167048e-01,1.782970396669723e-01,8283,18575,4.818174707292551e-01,-1.604476705245037e-01,0.000000000000000e+00,1.828906947036328e+00,9.740139619318857e-01,-3.590985948942790e-03,0.000000000000000e+00,1.310641971834667e+00,5.061607716434935e+00,1,4.165000021457672e-01,5.200999975204468e-01,4.165000021457672e-01,5.000000000000000e-01
7.190937171037814e-01,1.783962270047491e-01,8288,18580,4.821651144126212e-01,-1.604942859983509e-01,0.000000000000000e+00,1.828867220221764e+00,9.740590390525661e-01,-3.551252636623378e-03,0.000000000000000e+00,1.310625349238228e+00,5.061593271262795e+00,1,4.167500138282776e-01,5.200999975204468e-01,4.167500138282776e-01,5.000000000000000e-01
7.191314268951750e-01,1.784954025190273e-01,8293,18585,4.825127166555707e-01,-1.605408959154604e-01,0.000000000000000e+00,1.828827498142783e+00,9.741041107998860e-01,-3.511524060662575e-03,0.000000000000000e+00,1.310608728623265e+00,5.061578827812573e+00,1,4.169999957084656e-01,5.200999975204468e-01,4.169999957084656e-01,5.000000000000000e-01
7.191691411822514e-01,1.785945898568031e-01,8298,18590,4.828603603389335e-01,-1.605875113893074e-01,0.000000000000000e+00,1.828787771328218e+00,9.741491879205664e-01,-3.471790748343155e-03,0.000000000000000e+00,1.310592106026826e+00,5.061564382640434e+00,1,4.172500073909760e-01,5.200999975204468e-01,4.172500073909760e-01,5.000000000000000e-01
7.192068509736449e-01,1.786937653710803e-01,8303,18595,4.832079625818797e-01,-1.606341213064166e-01,0.000000000000000e+00,1.828748049249238e+00,9.741942596678863e-01,-3.432062172382344e-03,0.000000000000000e+00,1.310575485411862e+00,5.061549939190211e+00,1,4.174999892711639e-01,5.200999975204468e-01,4.174999892711639e-01,5.000000000000000e-01
7.192445652607216e-01,1.787929527088571e-01,8308,18600,4.835556062652459e-01,-1.606807367802638e-01,0.000000000000000e+00,1.828708322434673e+00,9.742393367885668e-01,-3.392328860062931e-03,0.000000000000000e+00,1.310558862815423e+00,5.061535494018072e+00,1,4.177500009536743e-01,5.200999975204468e-01,4.177500009536743e-01,5.000000000000000e-01
7.192822795477982e-01,1.788921400466339e-01,8313,18605,4.839032499486120e-01,-1.607273522541110e-01,0.000000000000000e+00,1.828668595620108e+00,9.742844139092470e-01,-3.352595547743518e-03,0.000000000000000e+00,1.310542240218984e+00,5.061521048845932e+00,1,4.180000126361847e-01,5.200999975204468e-01,4.180000126361847e-01,5.000000000000000e-01
7.193199893391916e-01,1.789913155609111e-01,8318,18610,4.842508521915583e-01,-1.607739621712203e-01,0.000000000000000e+00,1.828628873541128e+00,9.743294856565671e-01,-3.312866971782709e-03,0.000000000000000e+00,1.310525619604020e+00,5.061506605395712e+00,1,4.182499945163727e-01,5.200999975204468e-01,4.182499945163727e-01,5.000000000000000e-01
7.193577036262682e-01,1.790905028986879e-01,8323,18615,4.845984958749243e-01,-1.608205776450675e-01,0.000000000000000e+00,1.828589146726563e+00,9.743745627772475e-01,-3.273133659463295e-03,0.000000000000000e+00,1.310508997007581e+00,5.061492160223571e+00,1,4.185000061988831e-01,5.200999975204468e-01,4.185000061988831e-01,5.000000000000000e-01
7.193954134176616e-01,1.791896784129651e-01,8328,18620,4.849460981178705e-01,-1.608671875621768e-01,0.000000000000000e+00,1.828549424647582e+00,9.744196345245675e-01,-3.233405083502485e-03,0.000000000000000e+00,1.310492376392617e+00,5.061477716773349e+00,1,4.187499880790710e-01,5.200999975204468e-01,4.187499880790710e-01,5.000000000000000e-01
7.194331277047382e-01,1.792888657507419e-01,8333,18625,4.852937418012366e-01,-1.609138030360240e-01,0.000000000000000e+00,1.828509697833018e+00,9.744647116452478e-01,-3.193671771183073e-03,0.000000000000000e+00,1.310475753796178e+00,5.061463271601209e+00,1,4.189999997615814e-01,5.200999975204468e-01,4.189999997615814e-01,5.000000000000000e-01
7.194708419918150e-01,1.793880530885187e-01,8338,18630,4.856413854846028e-01,-1.609604185098711e-01,0.000000000000000e+00,1.828469971018453e+00,9.745097887659282e-01,-3.153938458863668e-03,0.000000000000000e+00,1.310459131199739e+00,5.061448826429070e+00,1,4.192500114440918e-01,5.200999975204468e-01,4.192500114440918e-01,5.000000000000000e-01
7.195085517832083e-01,1.794872286027960e-01,8343,18635,4.859889877275489e-01,-1.610070284269805e-01,0.000000000000000e+00,1.828430248939472e+00,9.745548605132482e-01,-3.114209882902850e-03,0.000000000000000e+00,1.310442510584776e+00,5.061434382978848e+00,1,4.194999933242798e-01,5.200999975204468e-01,4.194999933242798e-01,5.000000000000000e-01
7.195462660702849e-01,1.795864159405727e-01,8348,18640,4.863366314109151e-01,-1.610536439008276e-01,0.000000000000000e+00,1.828390522124907e+00,9.745999376339287e-01,-3.074476570583437e-03,0.000000000000000e+00,1.310425887988337e+00,5.061419937806708e+00,1,4.197500050067902e-01,5.200999975204468e-01,4.197500050067902e-01,5.000000000000000e-01
7.195839758616783e-01,1.796855914548490e-01,8353,18646,4.866842336538580e-01,-1.611002538179367e-01,0.000000000000000e+00,1.828350800045927e+00,9.746450093812487e-01,-3.034747994622610e-03,0.000000000000000e+00,1.310409267373373e+00,5.061405494356487e+00,1,4.199999868869781e-01,5.200999975204468e-01,4.199999868869781e-01,5.000000000000000e-01
7.196194961986316e-01,1.797638711022757e-01,8358,18651,4.870284863734781e-01,-1.609264022850850e-01,0.000000000000000e+00,1.828309973025958e+00,9.746870841066188e-01,-2.995887690473668e-03,0.000000000000000e+00,1.310392824671077e+00,5.061388886156181e+00,1,4.202499985694885e-01,5.200999975204468e-01,4.202499985694885e-01,5.000000000000000e-01
7.196550164205068e-01,1.798421496530440e-01,8363,18656,4.873727389152339e-01,-1.607525391882124e-01,0.000000000000000e+00,1.828269145948280e+00,9.747291586745059e-01,-2.957027432116089e-03,0.000000000000000e+00,1.310376381978216e+00,5.061372277842421e+00,1,4.205000102519989e-01,5.200999975204468e-01,4.205000102519989e-01,5.000000000000000e-01
7.196905324082397e-01,1.799204188727199e-01,8368,18661,4.877169504208131e-01,-1.605786968164681e-01,0.000000000000000e+00,1.828228323737342e+00,9.747712282269484e-01,-2.918171806045832e-03,0.000000000000000e+00,1.310359941245386e+00,5.061355671508430e+00,1,4.207499921321869e-01,5.200999975204468e-01,4.207499921321869e-01,5.000000000000000e-01
7.197260526301150e-01,1.799986974234873e-01,8373,18666,4.880612029625658e-01,-1.604048337195952e-01,0.000000000000000e+00,1.828187496659664e+00,9.748133027948358e-01,-2.879311547688235e-03,0.000000000000000e+00,1.310343498552525e+00,5.061339063194670e+00,1,4.210000038146973e-01,5.200999975204468e-01,4.210000038146973e-01,5.000000000000000e-01
7.197615686178477e-01,1.800769666431613e-01,8378,18671,4.884054144681383e-01,-1.602309913478504e-01,0.000000000000000e+00,1.828146674448726e+00,9.748553723472781e-01,-2.840455921617981e-03,0.000000000000000e+00,1.310327057819695e+00,5.061322456860681e+00,1,4.212499856948853e-01,5.200999975204468e-01,4.212499856948853e-01,5.000000000000000e-01
7.197970888397232e-01,1.801552451939297e-01,8383,18676,4.887496670098944e-01,-1.600571282509777e-01,0.000000000000000e+00,1.828105847371049e+00,9.748974469151654e-01,-2.801595663260376e-03,0.000000000000000e+00,1.310310615126834e+00,5.061305848546919e+00,1,4.214999973773956e-01,5.200999975204468e-01,4.214999973773956e-01,5.000000000000000e-01
7.198326090615983e-01,1.802335237446980e-01,8388,18681,4.890939195516502e-01,-1.598832651541051e-01,0.000000000000000e+00,1.828065020293371e+00,9.749395214830529e-01,-2.762735404902797e-03,0.000000000000000e+00,1.310294172433974e+00,5.061289240233159e+00,1,4.217500090599060e-01,5.200999975204468e-01,4.217500090599060e-01,5.000000000000000e-01
7.198681250493313e-01,1.803117929643720e-01,8393,18686,4.894381310572228e-01,-1.597094227823603e-01,0.000000000000000e+00,1.828024198082433e+00,9.749815910354953e-01,-2.723879778832533e-03,0.000000000000000e+00,1.310277731701144e+00,5.061272633899171e+00,1,4.219999909400940e-01,5.200999975204468e-01,4.219999909400940e-01,5.000000000000000e-01
7.199036452712066e-01,1.803900715151404e-01,8398,18691,4.897823835989787e-01,-1.595355596854878e-01,0.000000000000000e+00,1.827983371004755e+00,9.750236656033825e-01,-2.685019520474953e-03,0.000000000000000e+00,1.310261289008283e+00,5.061256025585410e+00,1,4.222500026226044e-01,5.200999975204468e-01,4.222500026226044e-01,5.000000000000000e-01
7.199391654930819e-01,1.804683500659088e-01,8403,18696,4.901266361407347e-01,-1.593616965886151e-01,0.000000000000000e+00,1.827942543927078e+00,9.750657401712699e-01,-2.646159262117356e-03,0.000000000000000e+00,1.310244846315422e+00,5.061239417271649e+00,1,4.225000143051147e-01,5.200999975204468e-01,4.225000143051147e-01,5.000000000000000e-01
7.199746814808144e-01,1.805466192855827e-01,8408,18701,4.904708476463073e-01,-1.591878542168702e-01,0.000000000000000e+00,1.827901721716140e+00,9.751078097237122e-01,-2.607303636047084e-03,0.000000000000000e+00,1.310228405582592e+00,5.061222810937659e+00,1,4.227499961853027e-01,5.200999975204468e-01,4.227499961853027e-01,5.000000000000000e-01
7.200102017026898e-01,1.806248978363510e-01,8413,18706,4.908151001880631e-01,-1.590139911199977e-01,0.000000000000000e+00,1.827860894638462e+00,9.751498842915995e-01,-2.568443377689504e-03,0.000000000000000e+00,1.310211962889732e+00,5.061206202623898e+00,1,4.230000078678131e-01,5.200999975204468e-01,4.230000078678131e-01,5.000000000000000e-01
7.200457176904227e-01,1.807031670560250e-01,8418,18711,4.911593116936359e-01,-1.588401487482528e-01,0.000000000000000e+00,1.827820072427524e+00,9.751919538440421e-01,-2.529587751619241e-03,0.000000000000000e+00,1.310195522156901e+00,5.061189596289910e+00,1,4.232499897480011e-01,5.200999975204468e-01,4.232499897480011e-01,5.000000000000000e-01
7.200812379122979e-01,1.807814456067934e-01,8423,18716,4.915035642353918e-01,-1.586662856513802e-01,0.000000000000000e+00,1.827779245349846e+00,9.752340284119292e-01,-2.490727493261652e-03,0.000000000000000e+00,1.310179079464040e+00,5.061172987976148e+00,1,4.235000014305115e-01,5.200999975204468e-01,4.235000014305115e-01,5.000000000000000e-01
7.201167581341733e-01,1.808597241575617e-01,8428,18721,4.918478167771476e-01,-1.584924225545076e-01,0.000000000000000e+00,1.827738418272169e+00,9.752761029798167e-01,-2.451867234904074e-03,0.000000000000000e+00,1.310162636771180e+00,5.061156379662387e+00,1,4.237500131130219e-01,5.200999975204468e-01,4.237500131130219e-01,5.000000000000000e-01
7.201522741219062e-01,1.809379933772357e-01,8433,18726,4.921920282827202e-01,-1.583185801827628e-01,0.000000000000000e+00,1.827697596061231e+00,9.753181725322589e-01,-2.413011608833809e-03,0.000000000000000e+00,1.310146196038350e+00,5.061139773328399e+00,1,4.239999949932098e-01,5.200999975204468e-01,4.239999949932098e-01,5.000000000000000e-01
7.201877943437814e-01,1.810162719280041e-01,8438,18731,4.925362808244762e-01,-1.581447170858902e-01,0.000000000000000e+00,1.827656768983553e+00,9.753602471001463e-01,-2.374151350476213e-03,0.000000000000000e+00,1.310129753345489e+00,5.061123165014639e+00,1,4.242500066757202e-01,5.200999975204468e-01,4.242500066757202e-01,5.000000000000000e-01
7.202233103315141e-01,1.810945411476771e-01,8443,18736,4.928804923300456e-01,-1.579708747141449e-01,0.000000000000000e+00,1.827615946772615e+00,9.754023166525885e-01,-2.335295724405931e-03,0.000000000000000e+00,1.310113312612659e+00,5.061106558680649e+00,1,4.244999885559082e-01,5.200999975204468e-01,4.244999885559082e-01,5.000000000000000e-01
7.202588305533894e-01,1.811728196984455e-01,8448,18741,4.932247448718015e-01,-1.577970116172723e-01,0.000000000000000e+00,1.827575119694938e+00,9.754443912204760e-01,-2.296435466048343e-03,0.000000000000000e+00,1.310096869919798e+00,5.061089950366887e+00,1,4.247500002384186e-01,5.200999975204468e-01,4.247500002384186e-01,5.000000000000000e-01
7.202943507752648e-01,1.812510982492148e-01,8453,18746,4.935689974135608e-01,-1.576231485204001e-01,0.000000000000000e+00,1.827534292617260e+00,9.754864657883634e-01,-2.257575207690765e-03,0.000000000000000e+00,1.310080427226938e+00,5.061073342053127e+00,1,4.250000119209290e-01,5.200999975204468e-01,4.250000119209290e-01,5.000000000000000e-01
7.203298667629976e-01,1.813293674688878e-01,8458,18751,4.939132089191300e-01,-1.574493061486549e-01,0.000000000000000e+00,1.827493470406322e+00,9.755285353408056e-01,-2.218719581620491e-03,0.000000000000000e+00,1.310063986494107e+00,5.061056735719138e+00,1,4.252499938011169e-01,5.200999975204468e-01,4.252499938011169e-01,5.000000000000000e-01
7.203653869848728e-01,1.814076460196571e-01,8463,18756,4.942574614608891e-01,-1.572754430517827e-01,0.000000000000000e+00,1.827452643328645e+00,9.755706099086932e-01,-2.179859323262930e-03,0.000000000000000e+00,1.310047543801247e+00,5.061040127405377e+00,1,4.255000054836273e-01,5.200999975204468e-01,4.255000054836273e-01,5.000000000000000e-01
7.204009029726057e-01,1.814859152393311e-01,8468,18761,4.946016729664617e-01,-1.571016006800379e-01,0.000000000000000e+00,1.827411821117707e+00,9.756126794611355e-01,-2.141003697192658e-03,0.000000000000000e+00,1.310031103068417e+00,5.061023521071388e+00,1,4.257499873638153e-01,5.200999975204468e-01,4.257499873638153e-01,5.000000000000000e-01
7.204364231944810e-01,1.815641937900995e-01,8473,18766,4.949459255082178e-01,-1.569277375831652e-01,0.000000000000000e+00,1.827370994040029e+00,9.756547540290228e-01,-2.102143438835061e-03,0.000000000000000e+00,1.310014660375556e+00,5.061006912757627e+00,1,4.259999990463257e-01,5.200999975204468e-01,4.259999990463257e-01,5.000000000000000e-01
7.204719434163562e-01,1.816424723408678e-01,8478,18771,4.952901780499736e-01,-1.567538744862927e-01,0.000000000000000e+00,1.827330166962352e+00,9.756968285969103e-01,-2.063283180477482e-03,0.000000000000000e+00,1.309998217682696e+00,5.060990304443867e+00,1,4.262500107288361e-01,5.200999975204468e-01,4.262500107288361e-01,5.000000000000000e-01
7.205074594040890e-01,1.817207415605418e-01,8483,18776,4.956343895555462e-01,-1.565800321145479e-01,0.000000000000000e+00,1.827289344751413e+00,9.757388981493527e-01,-2.024427554407226e-03,0.000000000000000e+00,1.309981776949865e+00,5.060973698109878e+00,1,4.264999926090240e-01,5.200999975204468e-01,4.264999926090240e-01,5.000000000000000e-01
7.205429796259645e-01,1.817990201113112e-01,8488,18781,4.959786420973054e-01,-1.564061690176756e-01,0.000000000000000e+00,1.827248517673736e+00,9.757809727172400e-01,-1.985567296049649e-03,0.000000000000000e+00,1.309965334257005e+00,5.060957089796117e+00,1,4.267500042915344e-01,5.200999975204468e-01,4.267500042915344e-01,5.000000000000000e-01
7.205784956136971e-01,1.818772893309842e-01,8493,18786,4.963228536028748e-01,-1.562323266459303e-01,0.000000000000000e+00,1.827207695462798e+00,9.758230422696822e-01,-1.946711669979357e-03,0.000000000000000e+00,1.309948893524174e+00,5.060940483462129e+00,1,4.269999861717224e-01,5.200999975204468e-01,4.269999861717224e-01,5.000000000000000e-01
7.206140158355725e-01,1.819555678817525e-01,8498,18791,4.966671061446307e-01,-1.560584635490577e-01,0.000000000000000e+00,1.827166868385120e+00,9.758651168375696e-01,-1.907851411621770e-03,0.000000000000000e+00,1.309932450831314e+00,5.060923875148367e+00,1,4.272499978542328e-01,5.200999975204468e-01,4.272499978542328e-01,5.000000000000000e-01
7.206495360574477e-01,1.820338464325209e-01,8503,18796,4.970113586863866e-01,-1.558846004521851e-01,0.000000000000000e+00,1.827126041307443e+00,9.759071914054569e-01,-1.868991153264182e-03,0.000000000000000e+00,1.309916008138453e+00,5.060907266834606e+00,1,4.275000095367432e-01,5.200999975204468e-01,4.275000095367432e-01,5.000000000000000e-01
7.206850520451806e-01,1.821121156521948e-01,8508,18801,4.973555701919592e-01,-1.557107580804404e-01,0.000000000000000e+00,1.827085219096505e+00,9.759492609578995e-01,-1.830135527193935e-03,0.000000000000000e+00,1.309899567405623e+00,5.060890660500617e+00,1,4.277499914169312e-01,5.200999975204468e-01,4.277499914169312e-01,5.000000000000000e-01
7.207205722670559e-01,1.821903942029632e-01,8513,18806,4.976998227337150e-01,-1.555368949835678e-01,0.000000000000000e+00,1.827044392018827e+00,9.759913355257867e-01,-1.791275268836347e-03,0.000000000000000e+00,1.309883124712762e+00,5.060874052186856e+00,1,4.280000030994415e-01,5.200999975204468e-01,4.280000030994415e-01,5.000000000000000e-01
7.207560924889312e-01,1.822686727537316e-01,8518,18811,4.980440752754711e-01,-1.553630318866951e-01,0.000000000000000e+00,1.827003564941149e+00,9.760334100936739e-01,-1.752415010478742e-03,0.000000000000000e+00,1.309866682019902e+00,5.060857443873095e+00,1,4.282500147819519e-01,5.200999975204468e-01,4.282500147819519e-01,5.000000000000000e-01
7.207916084766640e-01,1.823469419734056e-01,8523,18816,4.983882867810436e-01,-1.551891895149503e-01,0.000000000000000e+00,1.826962742730211e+00,9.760754796461164e-01,-1.713559384408487e-03,0.000000000000000e+00,1.309850241287072e+00,5.060840837539107e+00,1,4.284999966621399e-01,5.200999975204468e-01,4.284999966621399e-01,5.000000000000000e-01
7.208271286985393e-01,1.824252205241739e-01,8528,18821,4.987325393227995e-01,-1.550153264180777e-01,0.000000000000000e+00,1.826921915652534e+00,9.761175542140037e-01,-1.674699126050908e-03,0.000000000000000e+00,1.309833798594211e+00,5.060824229225346e+00,1,4.287500083446503e-01,5.200999975204468e-01,4.287500083446503e-01,5.000000000000000e-01
7.208626446862720e-01,1.825034897438479e-01,8533,18826,4.990767508283722e-01,-1.548414840463328e-01,0.000000000000000e+00,1.826881093441596e+00,9.761596237664460e-01,-1.635843499980626e-03,0.000000000000000e+00,1.309817357861381e+00,5.060807622891357e+00,1,4.289999902248383e-01,5.200999975204468e-01,4.289999902248383e-01,5.000000000000000e-01
7.208981649081474e-01,1.825817682946163e-01,8538,18831,4.994210033701281e-01,-1.546676209494602e-01,0.000000000000000e+00,1.826840266363918e+00,9.762016983343336e-01,-1.596983241623047e-03,0.000000000000000e+00,1.309800915168520e+00,5.060791014577596e+00,1,4.292500019073486e-01,5.200999975204468e-01,4.292500019073486e-01,5.000000000000000e-01
7.209336851300227e-01,1.826600468453846e-01,8543,18836,4.997652559118841e-01,-1.544937578525876e-01,0.000000000000000e+00,1.826799439286241e+00,9.762437729022208e-01,-1.558122983265451e-03,0.000000000000000e+00,1.309784472475660e+00,5.060774406263835e+00,1,4.295000135898590e-01,5.200999975204468e-01,4.295000135898590e-01,5.000000000000000e-01
7.209692011177555e-01,1.827383160650586e-01,8548,18841,5.001094674174565e-01,-1.543199154808428e-01,0.000000000000000e+00,1.826758617075303e+00,9.762858424546630e-01,-1.519267357195204e-03,0.000000000000000e+00,1.309768031742830e+00,5.060757799929846e+00,1,4.297499954700470e-01,5.200999975204468e-01,4.297499954700470e-01,5.000000000000000e-01
7.210047213396308e-01,1.828165946158269e-01,8553,18847,5.004537199592125e-01,-1.541460523839702e-01,0.000000000000000e+00,1.826717789997625e+00,9.763279170225504e-01,-1.480407098837607e-03,0.000000000000000e+00,1.309751589049969e+00,5.060741191616085e+00,1,4.300000071525574e-01,5.200999975204468e-01,4.300000071525574e-01,5.000000000000000e-01
7.210338792157424e-01,1.829775251888189e-01,8558,18852,5.011470540615217e-01,-1.537939981468427e-01,0.000000000000000e+00,1.826681544897037e+00,9.763610039614677e-01,-1.441826010513086e-03,0.000000000000000e+00,1.309734383646598e+00,5.060713266000889e+00,1,4.302499890327454e-01,5.200999975204468e-01,4.302499890327454e-01,5.000000000000000e-01
7.210630407499321e-01,1.831384725822758e-01,8563,18857,5.018404608315841e-01,-1.534419070380522e-01,0.000000000000000e+00,1.826645295344410e+00,9.763940951019778e-01,-1.403240314775205e-03,0.000000000000000e+00,1.309717176213915e+00,5.060685337380359e+00,1,4.305000007152557e-01,5.200999975204468e-01,4.305000007152557e-01,5.000000000000000e-01
7.210922022841220e-01,1.832994199757335e-01,8568,18862,5.025338676016495e-01,-1.530898159292621e-01,0.000000000000000e+00,1.826609045791782e+00,9.764271862424880e-01,-1.364654619037334e-03,0.000000000000000e+00,1.309699968781232e+00,5.060657408759829e+00,1,4.307500123977661e-01,5.200999975204468e-01,4.307500123977661e-01,5.000000000000000e-01
7.211213603421486e-01,1.834603481836635e-01,8573,18867,5.032271917150493e-01,-1.527377667910416e-01,0.000000000000000e+00,1.826572800560237e+00,9.764602734384114e-01,-1.326073522857902e-03,0.000000000000000e+00,1.309682763399739e+00,5.060629483468494e+00,1,4.309999942779541e-01,5.200999975204468e-01,4.309999942779541e-01,5.000000000000000e-01
7.211505218763383e-01,1.836212955771193e-01,8578,18872,5.039205984851085e-01,-1.523856756822507e-01,0.000000000000000e+00,1.826536551007610e+00,9.764933645789216e-01,-1.287487827120010e-03,0.000000000000000e+00,1.309665555967056e+00,5.060601554847964e+00,1,4.312500059604645e-01,5.200999975204468e-01,4.312500059604645e-01,5.000000000000000e-01
7.211796799343648e-01,1.837822237850482e-01,8583,18877,5.046139225985049e-01,-1.520336265440298e-01,0.000000000000000e+00,1.826500305776064e+00,9.765264517748447e-01,-1.248906730940567e-03,0.000000000000000e+00,1.309648350585564e+00,5.060573629556629e+00,1,4.314999878406525e-01,5.200999975204468e-01,4.314999878406525e-01,5.000000000000000e-01
7.212088414685548e-01,1.839431711785051e-01,8588,18882,5.053073293685673e-01,-1.516815354352393e-01,0.000000000000000e+00,1.826464056223437e+00,9.765595429153550e-01,-1.210321035202686e-03,0.000000000000000e+00,1.309631143152881e+00,5.060545700936099e+00,1,4.317499995231628e-01,5.200999975204468e-01,4.317499995231628e-01,5.000000000000000e-01
7.212380030027445e-01,1.841041185719619e-01,8593,18887,5.060007361386296e-01,-1.513294443264488e-01,0.000000000000000e+00,1.826427806670810e+00,9.765926340558650e-01,-1.171735339464805e-03,0.000000000000000e+00,1.309613935720198e+00,5.060517772315568e+00,1,4.320000112056732e-01,5.200999975204468e-01,4.320000112056732e-01,5.000000000000000e-01
7.212671610607712e-01,1.842650467798908e-01,8598,18892,5.066940602520260e-01,-1.509773951882279e-01,0.000000000000000e+00,1.826391561439264e+00,9.766257212517885e-01,-1.133154243285361e-03,0.000000000000000e+00,1.309596730338705e+00,5.060489847024233e+00,1,4.322499930858612e-01,5.200999975204468e-01,4.322499930858612e-01,5.000000000000000e-01
7.212963225949609e-01,1.844259941733476e-01,8603,18897,5.073874670220884e-01,-1.506253040794373e-01,0.000000000000000e+00,1.826355311886636e+00,9.766588123922985e-01,-1.094568547547480e-03,0.000000000000000e+00,1.309579522906023e+00,5.060461918403703e+00,1,4.325000047683716e-01,5.200999975204468e-01,4.325000047683716e-01,5.000000000000000e-01
7.213254806529874e-01,1.845869223812765e-01,8608,18902,5.080807911354848e-01,-1.502732549412165e-01,0.000000000000000e+00,1.826319066655091e+00,9.766918995882217e-01,-1.055987451368046e-03,0.000000000000000e+00,1.309562317524530e+00,5.060433993112369e+00,1,4.327499866485596e-01,5.200999975204468e-01,4.327499866485596e-01,5.000000000000000e-01
7.213546421871772e-01,1.847478697747333e-01,8613,18907,5.087741979055471e-01,-1.499211638324260e-01,0.000000000000000e+00,1.826282817102463e+00,9.767249907287316e-01,-1.017401755630164e-03,0.000000000000000e+00,1.309545110091847e+00,5.060406064491837e+00,1,4.329999983310699e-01,5.200999975204468e-01,4.329999983310699e-01,5.000000000000000e-01
7.213838037213671e-01,1.849088171681901e-01,8618,18912,5.094676046756095e-01,-1.495690727236354e-01,0.000000000000000e+00,1.826246567549836e+00,9.767580818692420e-01,-9.788160598922745e-04,0.000000000000000e+00,1.309527902659164e+00,5.060378135871307e+00,1,4.332500100135803e-01,5.200999975204468e-01,4.332500100135803e-01,5.000000000000000e-01
7.214129617793936e-01,1.850697453761190e-01,8623,18917,5.101609287890059e-01,-1.492170235854146e-01,0.000000000000000e+00,1.826210322318290e+00,9.767911690651651e-01,-9.402349637128401e-04,0.000000000000000e+00,1.309510697277671e+00,5.060350210579973e+00,1,4.334999918937683e-01,5.200999975204468e-01,4.334999918937683e-01,5.000000000000000e-01
7.214421233135835e-01,1.852306927695759e-01,8628,18922,5.108543355590686e-01,-1.488649324766239e-01,0.000000000000000e+00,1.826174072765663e+00,9.768242602056755e-01,-9.016492679749417e-04,0.000000000000000e+00,1.309493489844989e+00,5.060322281959444e+00,1,4.337500035762787e-01,5.200999975204468e-01,4.337500035762787e-01,5.000000000000000e-01
7.214712813716099e-01,1.853916209775048e-01,8633,18927,5.115476596724648e-01,-1.485128833384031e-01,0.000000000000000e+00,1.826137827534117e+00,9.768573474015985e-01,-8.630681717955070e-04,0.000000000000000e+00,1.309476284463496e+00,5.060294356668108e+00,1,4.339999854564667e-01,5.200999975204468e-01,4.339999854564667e-01,5.000000000000000e-01
7.215004429058000e-01,1.855525683709626e-01,8638,18932,5.122410664425305e-01,-1.481607922296130e-01,0.000000000000000e+00,1.826101577981490e+00,9.768904385421089e-01,-8.244824760576368e-04,0.000000000000000e+00,1.309459077030813e+00,5.060266428047577e+00,1,4.342499971389771e-01,5.200999975204468e-01,4.342499971389771e-01,5.000000000000000e-01
7.215296044399897e-01,1.857135157644184e-01,8643,18937,5.129344732125894e-01,-1.478087011208221e-01,0.000000000000000e+00,1.826065328428863e+00,9.769235296826190e-01,-7.858967803197533e-04,0.000000000000000e+00,1.309441869598130e+00,5.060238499427049e+00,1,4.345000088214874e-01,5.200999975204468e-01,4.345000088214874e-01,5.000000000000000e-01
7.215587624980161e-01,1.858744439723463e-01,8648,18942,5.136277973259827e-01,-1.474566519826007e-01,0.000000000000000e+00,1.826029083197317e+00,9.769566168785420e-01,-7.473156841402908e-04,0.000000000000000e+00,1.309424664216637e+00,5.060210574135712e+00,1,4.347499907016754e-01,5.200999975204468e-01,4.347499907016754e-01,5.000000000000000e-01
7.215879240322060e-01,1.860353913658042e-01,8653,18947,5.143212040960483e-01,-1.471045608738106e-01,0.000000000000000e+00,1.825992833644690e+00,9.769897080190524e-01,-7.087299884024203e-04,0.000000000000000e+00,1.309407456783954e+00,5.060182645515182e+00,1,4.350000023841858e-01,5.200999975204468e-01,4.350000023841858e-01,5.000000000000000e-01
7.216170855663959e-01,1.861963387592610e-01,8658,18952,5.150146108661108e-01,-1.467524697650200e-01,0.000000000000000e+00,1.825956584092062e+00,9.770227991595626e-01,-6.701442926645389e-04,0.000000000000000e+00,1.309390249351272e+00,5.060154716894653e+00,1,4.352500140666962e-01,5.200999975204468e-01,4.352500140666962e-01,5.000000000000000e-01
7.216462436244223e-01,1.863572669671898e-01,8663,18957,5.157079349795072e-01,-1.464004206267991e-01,0.000000000000000e+00,1.825920338860517e+00,9.770558863554858e-01,-6.315631964850959e-04,0.000000000000000e+00,1.309373043969779e+00,5.060126791603317e+00,1,4.354999959468842e-01,5.200999975204468e-01,4.354999959468842e-01,5.000000000000000e-01
7.216754051586123e-01,1.865182143606467e-01,8668,18962,5.164013417495696e-01,-1.460483295180086e-01,0.000000000000000e+00,1.825884089307889e+00,9.770889774959959e-01,-5.929775007472149e-04,0.000000000000000e+00,1.309355836537096e+00,5.060098862982787e+00,1,4.357500076293945e-01,5.200999975204468e-01,4.357500076293945e-01,5.000000000000000e-01
7.217045632166389e-01,1.866791425685756e-01,8673,18967,5.170946658629660e-01,-1.456962803797877e-01,0.000000000000000e+00,1.825847844076343e+00,9.771220646919192e-01,-5.543964045677717e-04,0.000000000000000e+00,1.309338631155603e+00,5.060070937691453e+00,1,4.359999895095825e-01,5.200999975204468e-01,4.359999895095825e-01,5.000000000000000e-01
7.217337247508286e-01,1.868400899620324e-01,8678,18972,5.177880726330282e-01,-1.453441892709973e-01,0.000000000000000e+00,1.825811594523716e+00,9.771551558324292e-01,-5.158107088298990e-04,0.000000000000000e+00,1.309321423722920e+00,5.060043009070922e+00,1,4.362500011920929e-01,5.200999975204468e-01,4.362500011920929e-01,5.000000000000000e-01
7.217628862850185e-01,1.870010373554893e-01,8683,18977,5.184814794030908e-01,-1.449920981622067e-01,0.000000000000000e+00,1.825775344971089e+00,9.771882469729394e-01,-4.772250130920092e-04,0.000000000000000e+00,1.309304216290238e+00,5.060015080450392e+00,1,4.365000128746033e-01,5.200999975204468e-01,4.365000128746033e-01,5.000000000000000e-01
7.217920443430450e-01,1.871619655634182e-01,8688,18982,5.191748035164874e-01,-1.446400490239857e-01,0.000000000000000e+00,1.825739099739543e+00,9.772213341688627e-01,-4.386439169125576e-04,0.000000000000000e+00,1.309287010908745e+00,5.059987155159057e+00,1,4.367499947547913e-01,5.200999975204468e-01,4.367499947547913e-01,5.000000000000000e-01
7.218212058772349e-01,1.873229129568759e-01,8693,18987,5.198682102865526e-01,-1.442879579151958e-01,0.000000000000000e+00,1.825702850186916e+00,9.772544253093729e-01,-4.000582211747129e-04,0.000000000000000e+00,1.309269803476062e+00,5.059959226538528e+00,1,4.370000064373016e-01,5.200999975204468e-01,4.370000064373016e-01,5.000000000000000e-01
7.218503639352614e-01,1.874838411648039e-01,8698,18992,5.205615343999460e-01,-1.439359087769744e-01,0.000000000000000e+00,1.825666604955370e+00,9.772875125052960e-01,-3.614771249952418e-04,0.000000000000000e+00,1.309252598094569e+00,5.059931301247192e+00,1,4.372499883174896e-01,5.200999975204468e-01,4.372499883174896e-01,5.000000000000000e-01
7.218795254694512e-01,1.876447885582607e-01,8703,18997,5.212549411700085e-01,-1.435838176681838e-01,0.000000000000000e+00,1.825630355402743e+00,9.773206036458062e-01,-3.228914292573605e-04,0.000000000000000e+00,1.309235390661887e+00,5.059903372626662e+00,1,4.375000000000000e-01,5.200999975204468e-01,4.375000000000000e-01,5.000000000000000e-01
7.219086870036411e-01,1.878057359517175e-01,8708,19002,5.219483479400707e-01,-1.432317265593933e-01,0.000000000000000e+00,1.825594105850116e+00,9.773536947863166e-01,-2.843057335194791e-04,0.000000000000000e+00,1.309218183229204e+00,5.059875444006132e+00,1,4.377500116825104e-01,5.200999975204468e-01,4.377500116825104e-01,5.000000000000000e-01
7.219378450616676e-01,1.879666641596464e-01,8713,19007,5.226416720534672e-01,-1.428796774211724e-01,0.000000000000000e+00,1.825557860618570e+00,9.773867819822395e-01,-2.457246373400360e-04,0.000000000000000e+00,1.309200977847711e+00,5.059847518714797e+00,1,4.379999935626984e-01,5.200999975204468e-01,4.379999935626984e-01,5.000000000000000e-01
7.219670065958574e-01,1.881276115531033e-01,8718,19012,5.233350788235296e-01,-1.425275863123819e-01,0.000000000000000e+00,1.825521611065942e+00,9.774198731227498e-01,-2.071389416021550e-04,0.000000000000000e+00,1.309183770415028e+00,5.059819590094267e+00,1,4.382500052452087e-01,5.200999975204468e-01,4.382500052452087e-01,5.000000000000000e-01
7.219961646538839e-01,1.882885397610322e-01,8723,19017,5.240284029369260e-01,-1.421755371741610e-01,0.000000000000000e+00,1.825485365834397e+00,9.774529603186730e-01,-1.685578454227119e-04,0.000000000000000e+00,1.309166565033535e+00,5.059791664802932e+00,1,4.384999871253967e-01,5.200999975204468e-01,4.384999871253967e-01,5.000000000000000e-01
7.220253261880738e-01,1.884494871544890e-01,8728,19022,5.247218097069883e-01,-1.418234460653705e-01,0.000000000000000e+00,1.825449116281770e+00,9.774860514591832e-01,-1.299721496848306e-04,0.000000000000000e+00,1.309149357600853e+00,5.059763736182402e+00,1,4.387499988079071e-01,5.200999975204468e-01,4.387499988079071e-01,5.000000000000000e-01
7.220544877222635e-01,1.886104345479458e-01,8733,19027,5.254152164770507e-01,-1.414713549565799e-01,0.000000000000000e+00,1.825412866729142e+00,9.775191425996934e-01,-9.138645394694944e-05,0.000000000000000e+00,1.309132150168170e+00,5.059735807561871e+00,1,4.390000104904175e-01,5.200999975204468e-01,4.390000104904175e-01,5.000000000000000e-01
7.220836457802902e-01,1.887713627558747e-01,8738,19032,5.261085405904472e-01,-1.411193058183590e-01,0.000000000000000e+00,1.825376621497597e+00,9.775522297956165e-01,-5.280535776750632e-05,0.000000000000000e+00,1.309114944786677e+00,5.059707882270537e+00,1,4.392499923706055e-01,5.200999975204468e-01,4.392499923706055e-01,5.000000000000000e-01
7.221128073144799e-01,1.889323101493315e-01,8743,19037,5.268019473605094e-01,-1.407672147095685e-01,0.000000000000000e+00,1.825340371944969e+00,9.775853209361268e-01,-1.421966202962504e-05,0.000000000000000e+00,1.309097737353994e+00,5.059679953650006e+00,1,4.395000040531158e-01,5.200999975204468e-01,4.395000040531158e-01,5.000000000000000e-01
7.221419653725065e-01,1.890932383572615e-01,8748,19042,5.274952714739094e-01,-1.404151655713480e-01,0.000000000000000e+00,1.825304126713424e+00,9.776184081320500e-01,2.436143414980726e-05,0.000000000000000e+00,1.309080531972501e+00,5.059652028358672e+00,1,4.397499859333038e-01,5.200999975204468e-01,4.397499859333038e-01,5.000000000000000e-01
7.221711269066962e-01,1.892541857507172e-01,8753,19048,5.281886782439682e-01,-1.400630744625571e-01,0.000000000000000e+00,1.825267877160796e+00,9.776514992725601e-01,6.294712988769078e-05,0.000000000000000e+00,1.309063324539819e+00,5.059624099738141e+00,1,4.399999976158142e-01,5.200999975204468e-01,4.399999976158142e-01,5.000000000000000e-01
7.222092492338895e-01,1.894322254291015e-01,8758,19053,5.288940626273855e-01,-1.398832567529326e-01,0.000000000000000e+00,1.825234091881794e+00,9.776968083299309e-01,9.306452470682788e-05,0.000000000000000e+00,1.309046525464227e+00,5.059609664014099e+00,1,4.402500092983246e-01,5.200999975204468e-01,4.402500092983246e-01,5.000000000000000e-01
7.222473671022029e-01,1.896102440474701e-01,8763,19058,5.295993630405602e-01,-1.397034621209168e-01,0.000000000000000e+00,1.825200310653621e+00,9.777421121027943e-01,1.231782486731494e-04,0.000000000000000e+00,1.309029728395041e+00,5.059595230139506e+00,1,4.404999911785126e-01,5.200999975204468e-01,4.404999911785126e-01,5.000000000000000e-01
7.222854895148497e-01,1.897882838888519e-01,8768,19063,5.303047475381970e-01,-1.395236460541580e-01,0.000000000000000e+00,1.825166525398119e+00,9.777874212766797e-01,1.532955627352765e-04,0.000000000000000e+00,1.309012929323344e+00,5.059580794544137e+00,1,4.407500028610229e-01,5.200999975204468e-01,4.407500028610229e-01,5.000000000000000e-01
7.223236119274964e-01,1.899663237302348e-01,8773,19068,5.310101320358376e-01,-1.393438299873994e-01,0.000000000000000e+00,1.825132740142617e+00,9.778327304505651e-01,1.834128767974196e-04,0.000000000000000e+00,1.308996130251646e+00,5.059566358948767e+00,1,4.410000145435333e-01,5.200999975204468e-01,4.410000145435333e-01,5.000000000000000e-01
7.223617297958100e-01,1.901443423486054e-01,8778,19073,5.317154324490190e-01,-1.391640353553845e-01,0.000000000000000e+00,1.825098958914444e+00,9.778780342234286e-01,2.135266007637128e-04,0.000000000000000e+00,1.308979333182460e+00,5.059551925074174e+00,1,4.412499964237213e-01,5.200999975204468e-01,4.412499964237213e-01,5.000000000000000e-01
7.223998522084568e-01,1.903223821899873e-01,8783,19078,5.324208169466559e-01,-1.389842192886256e-01,0.000000000000000e+00,1.825065173658942e+00,9.779233433973142e-01,2.436439148258467e-04,0.000000000000000e+00,1.308962534110763e+00,5.059537489478806e+00,1,4.415000081062317e-01,5.200999975204468e-01,4.415000081062317e-01,5.000000000000000e-01
7.224379700767702e-01,1.905004008083579e-01,8788,19083,5.331261173598374e-01,-1.388044246566106e-01,0.000000000000000e+00,1.825031392430768e+00,9.779686471701776e-01,2.737576387921466e-04,0.000000000000000e+00,1.308945737041577e+00,5.059523055604212e+00,1,4.417499899864197e-01,5.200999975204468e-01,4.417499899864197e-01,5.000000000000000e-01
7.224760924894171e-01,1.906784406497398e-01,8793,19088,5.338315018574743e-01,-1.386246085898517e-01,0.000000000000000e+00,1.824997607175266e+00,9.780139563440630e-01,3.038749528542871e-04,0.000000000000000e+00,1.308928937969879e+00,5.059508620008842e+00,1,4.420000016689301e-01,5.200999975204468e-01,4.420000016689301e-01,5.000000000000000e-01
7.225142149020637e-01,1.908564804911216e-01,8798,19093,5.345368863551112e-01,-1.384447925230929e-01,0.000000000000000e+00,1.824963821919765e+00,9.780592655179485e-01,3.339922669164210e-04,0.000000000000000e+00,1.308912138898182e+00,5.059494184413474e+00,1,4.422500133514404e-01,5.200999975204468e-01,4.422500133514404e-01,5.000000000000000e-01
7.225523327703772e-01,1.910344991094923e-01,8803,19098,5.352421867682930e-01,-1.382649978910779e-01,0.000000000000000e+00,1.824930040691591e+00,9.781045692908118e-01,3.641059908827276e-04,0.000000000000000e+00,1.308895341828997e+00,5.059479750538880e+00,1,4.424999952316284e-01,5.200999975204468e-01,4.424999952316284e-01,5.000000000000000e-01
7.225904551830242e-01,1.912125389508751e-01,8808,19103,5.359475712659331e-01,-1.380851818243194e-01,0.000000000000000e+00,1.824896255436089e+00,9.781498784646974e-01,3.942233049448443e-04,0.000000000000000e+00,1.308878542757299e+00,5.059465314943512e+00,1,4.427500069141388e-01,5.200999975204468e-01,4.427500069141388e-01,5.000000000000000e-01
7.226285730513378e-01,1.913905575692447e-01,8813,19108,5.366528716791112e-01,-1.379053871923040e-01,0.000000000000000e+00,1.824862474207915e+00,9.781951822375610e-01,4.243370289111547e-04,0.000000000000000e+00,1.308861745688113e+00,5.059450881068918e+00,1,4.429999887943268e-01,5.200999975204468e-01,4.429999887943268e-01,5.000000000000000e-01
7.226666954639842e-01,1.915685974106255e-01,8818,19113,5.373582561767449e-01,-1.377255711255447e-01,0.000000000000000e+00,1.824828688952414e+00,9.782404914114461e-01,4.544543429733121e-04,0.000000000000000e+00,1.308844946616415e+00,5.059436445473549e+00,1,4.432500004768372e-01,5.200999975204468e-01,4.432500004768372e-01,5.000000000000000e-01
7.227048178766311e-01,1.917466372520085e-01,8823,19118,5.380636406743853e-01,-1.375457550587862e-01,0.000000000000000e+00,1.824794903696912e+00,9.782858005853319e-01,4.845716570354423e-04,0.000000000000000e+00,1.308828147544718e+00,5.059422009878179e+00,1,4.435000121593475e-01,5.200999975204468e-01,4.435000121593475e-01,5.000000000000000e-01
7.227429357449446e-01,1.919246558703790e-01,8828,19123,5.387689410875665e-01,-1.373659604267713e-01,0.000000000000000e+00,1.824761122468739e+00,9.783311043581953e-01,5.146853810017222e-04,0.000000000000000e+00,1.308811350475533e+00,5.059407576003587e+00,1,4.437499940395355e-01,5.200999975204468e-01,4.437499940395355e-01,5.000000000000000e-01
7.227810581575914e-01,1.921026957117609e-01,8833,19128,5.394743255852035e-01,-1.371861443600124e-01,0.000000000000000e+00,1.824727337213237e+00,9.783764135320807e-01,5.448026950638628e-04,0.000000000000000e+00,1.308794551403835e+00,5.059393140408218e+00,1,4.440000057220459e-01,5.200999975204468e-01,4.440000057220459e-01,5.000000000000000e-01
7.228191760259048e-01,1.922807143301316e-01,8838,19133,5.401796259983853e-01,-1.370063497279974e-01,0.000000000000000e+00,1.824693555985063e+00,9.784217173049441e-01,5.749164190301695e-04,0.000000000000000e+00,1.308777754334649e+00,5.059378706533624e+00,1,4.442499876022339e-01,5.200999975204468e-01,4.442499876022339e-01,5.000000000000000e-01
7.228572984385516e-01,1.924587541715134e-01,8843,19138,5.408850104960221e-01,-1.368265336612386e-01,0.000000000000000e+00,1.824659770729561e+00,9.784670264788298e-01,6.050337330923032e-04,0.000000000000000e+00,1.308760955262952e+00,5.059364270938255e+00,1,4.444999992847443e-01,5.200999975204468e-01,4.444999992847443e-01,5.000000000000000e-01
7.228954208511985e-01,1.926367940128953e-01,8848,19143,5.415903949936590e-01,-1.366467175944797e-01,0.000000000000000e+00,1.824625985474059e+00,9.785123356527150e-01,6.351510471544437e-04,0.000000000000000e+00,1.308744156191254e+00,5.059349835342886e+00,1,4.447500109672546e-01,5.200999975204468e-01,4.447500109672546e-01,5.000000000000000e-01
7.229335387195119e-01,1.928148126312659e-01,8853,19148,5.422956954068405e-01,-1.364669229624647e-01,0.000000000000000e+00,1.824592204245886e+00,9.785576394255785e-01,6.652647711207369e-04,0.000000000000000e+00,1.308727359122069e+00,5.059335401468293e+00,1,4.449999928474426e-01,5.200999975204468e-01,4.449999928474426e-01,5.000000000000000e-01
7.229716611321587e-01,1.929928524726477e-01,8858,19153,5.430010799044774e-01,-1.362871068957058e-01,0.000000000000000e+00,1.824558418990384e+00,9.786029485994641e-01,6.953820851828775e-04,0.000000000000000e+00,1.308710560050371e+00,5.059320965872923e+00,1,4.452500045299530e-01,5.200999975204468e-01,4.452500045299530e-01,5.000000000000000e-01
7.230097790004721e-01,1.931708710910184e-01,8863,19158,5.437063803176588e-01,-1.361073122636908e-01,0.000000000000000e+00,1.824524637762210e+00,9.786482523723274e-01,7.254958091491707e-04,0.000000000000000e+00,1.308693762981185e+00,5.059306531998330e+00,1,4.454999864101410e-01,5.200999975204468e-01,4.454999864101410e-01,5.000000000000000e-01
7.230479014131190e-01,1.933489109324002e-01,8868,19163,5.444117648152959e-01,-1.359274961969320e-01,0.000000000000000e+00,1.824490852506709e+00,9.786935615462129e-01,7.556131232113112e-04,0.000000000000000e+00,1.308676963909488e+00,5.059292096402961e+00,1,4.457499980926514e-01,5.200999975204468e-01,4.457499980926514e-01,5.000000000000000e-01
7.230860238257658e-01,1.935269507737821e-01,8873,19168,5.451171493129328e-01,-1.357476801301731e-01,0.000000000000000e+00,1.824457067251207e+00,9.787388707200985e-01,7.857304372734517e-04,0.000000000000000e+00,1.308660164837790e+00,5.059277660807592e+00,1,4.460000097751617e-01,5.200999975204468e-01,4.460000097751617e-01,5.000000000000000e-01
7.231241416940793e-01,1.937049693921527e-01,8878,19173,5.458224497261144e-01,-1.355678854981581e-01,0.000000000000000e+00,1.824423286023033e+00,9.787841744929620e-01,8.158441612397450e-04,0.000000000000000e+00,1.308643367768604e+00,5.059263226932999e+00,1,4.462499916553497e-01,5.200999975204468e-01,4.462499916553497e-01,5.000000000000000e-01
7.231622641067261e-01,1.938830092335346e-01,8883,19178,5.465278342237513e-01,-1.353880694313992e-01,0.000000000000000e+00,1.824389500767531e+00,9.788294836668473e-01,8.459614753018854e-04,0.000000000000000e+00,1.308626568696907e+00,5.059248791337630e+00,1,4.465000033378601e-01,5.200999975204468e-01,4.465000033378601e-01,5.000000000000000e-01
7.232003819750396e-01,1.940610278519052e-01,8888,19183,5.472331346369327e-01,-1.352082747993842e-01,0.000000000000000e+00,1.824355719539358e+00,9.788747874397106e-01,8.760751992681786e-04,0.000000000000000e+00,1.308609771627721e+00,5.059234357463037e+00,1,4.467499852180481e-01,5.200999975204468e-01,4.467499852180481e-01,5.000000000000000e-01
7.232385043876863e-01,1.942390676932871e-01,8893,19188,5.479385191345697e-01,-1.350284587326254e-01,0.000000000000000e+00,1.824321934283856e+00,9.789200966135962e-01,9.061925133303193e-04,0.000000000000000e+00,1.308592972556024e+00,5.059219921867667e+00,1,4.469999969005585e-01,5.200999975204468e-01,4.469999969005585e-01,5.000000000000000e-01
7.232766268003332e-01,1.944171075346700e-01,8898,19193,5.486439036322102e-01,-1.348486426658669e-01,0.000000000000000e+00,1.824288149028354e+00,9.789654057874817e-01,9.363098273924501e-04,0.000000000000000e+00,1.308576173484326e+00,5.059205486272298e+00,1,4.472500085830688e-01,5.200999975204468e-01,4.472500085830688e-01,5.000000000000000e-01
7.233147446686468e-01,1.945951261530406e-01,8903,19198,5.493492040453916e-01,-1.346688480338519e-01,0.000000000000000e+00,1.824254367800180e+00,9.790107095603452e-01,9.664235513587433e-04,0.000000000000000e+00,1.308559376415141e+00,5.059191052397706e+00,1,4.474999904632568e-01,5.200999975204468e-01,4.474999904632568e-01,5.000000000000000e-01
7.233528670812934e-01,1.947731659944214e-01,8908,19203,5.500545885430250e-01,-1.344890319670926e-01,0.000000000000000e+00,1.824220582544679e+00,9.790560187342305e-01,9.965408654208936e-04,0.000000000000000e+00,1.308542577343443e+00,5.059176616802335e+00,1,4.477500021457672e-01,5.200999975204468e-01,4.477500021457672e-01,5.000000000000000e-01
7.233909894939403e-01,1.949512058358033e-01,8913,19208,5.507599730406623e-01,-1.343092159003337e-01,0.000000000000000e+00,1.824186797289177e+00,9.791013279081160e-01,1.026658179483041e-03,0.000000000000000e+00,1.308525778271746e+00,5.059162181206966e+00,1,4.480000138282776e-01,5.200999975204468e-01,4.480000138282776e-01,5.000000000000000e-01
7.234291073622539e-01,1.951292244541739e-01,8918,19213,5.514652734538434e-01,-1.341294212683188e-01,0.000000000000000e+00,1.824153016061003e+00,9.791466316809794e-01,1.056771903449327e-03,0.000000000000000e+00,1.308508981202560e+00,5.059147747332373e+00,1,4.482499957084656e-01,5.200999975204468e-01,4.482499957084656e-01,5.000000000000000e-01
7.234672297749005e-01,1.953072642955557e-01,8923,19218,5.521706579514805e-01,-1.339496052015599e-01,0.000000000000000e+00,1.824119230805501e+00,9.791919408548652e-01,1.086889217511468e-03,0.000000000000000e+00,1.308492182130862e+00,5.059133311737003e+00,1,4.485000073909760e-01,5.200999975204468e-01,4.485000073909760e-01,5.000000000000000e-01
7.235053476432139e-01,1.954852829139264e-01,8928,19223,5.528759583646619e-01,-1.337698105695450e-01,0.000000000000000e+00,1.824085449577328e+00,9.792372446277284e-01,1.117002941477761e-03,0.000000000000000e+00,1.308475385061677e+00,5.059118877862412e+00,1,4.487499892711639e-01,5.200999975204468e-01,4.487499892711639e-01,5.000000000000000e-01
7.235434700558607e-01,1.956633227553082e-01,8933,19228,5.535813428622989e-01,-1.335899945027861e-01,0.000000000000000e+00,1.824051664321826e+00,9.792825538016139e-01,1.147120255539901e-03,0.000000000000000e+00,1.308458585989979e+00,5.059104442267041e+00,1,4.490000009536743e-01,5.200999975204468e-01,4.490000009536743e-01,5.000000000000000e-01
7.235815924685076e-01,1.958413625966901e-01,8938,19233,5.542867273599359e-01,-1.334101784360272e-01,0.000000000000000e+00,1.824017879066324e+00,9.793278629754993e-01,1.177237569602042e-03,0.000000000000000e+00,1.308441786918281e+00,5.059090006671672e+00,1,4.492500126361847e-01,5.200999975204468e-01,4.492500126361847e-01,5.000000000000000e-01
7.236197103368210e-01,1.960193812150607e-01,8943,19238,5.549920277731173e-01,-1.332303838040122e-01,0.000000000000000e+00,1.823984097838151e+00,9.793731667483627e-01,1.207351293568335e-03,0.000000000000000e+00,1.308424989849096e+00,5.059075572797081e+00,1,4.494999945163727e-01,5.200999975204468e-01,4.494999945163727e-01,5.000000000000000e-01
7.236578327494678e-01,1.961974210564426e-01,8948,19243,5.556974122707543e-01,-1.330505677372533e-01,0.000000000000000e+00,1.823950312582649e+00,9.794184759222483e-01,1.237468607630476e-03,0.000000000000000e+00,1.308408190777398e+00,5.059061137201710e+00,1,4.497500061988831e-01,5.200999975204468e-01,4.497500061988831e-01,5.000000000000000e-01
7.236959506177812e-01,1.963754396748132e-01,8953,19249,5.564027126839357e-01,-1.328707731052384e-01,0.000000000000000e+00,1.823916531354475e+00,9.794637796951118e-01,1.267582331596769e-03,0.000000000000000e+00,1.308391393708213e+00,5.059046703327118e+00,1,4.499999880790710e-01,5.200999975204468e-01,4.499999880790710e-01,5.000000000000000e-01
7.237240205249282e-01,1.965632019381275e-01,8958,19254,5.571317059154473e-01,-1.327630229653109e-01,0.000000000000000e+00,1.823883878069207e+00,9.794965650169397e-01,1.292657914807657e-03,0.000000000000000e+00,1.308377624473496e+00,5.059030673275514e+00,1,4.502499997615814e-01,5.200999975204468e-01,4.502499997615814e-01,5.000000000000000e-01
7.237520899527339e-01,1.967509646650412e-01,8963,19259,5.578607002727045e-01,-1.326552762617571e-01,0.000000000000000e+00,1.823851224837914e+00,9.795293497415835e-01,1.317733257609863e-03,0.000000000000000e+00,1.308363855383254e+00,5.059014643147881e+00,1,4.505000114440918e-01,5.200999975204468e-01,4.505000114440918e-01,5.000000000000000e-01
7.237801560345594e-01,1.969387050099395e-01,8968,19264,5.585896077311233e-01,-1.325475424020110e-01,0.000000000000000e+00,1.823818575499009e+00,9.795621305581657e-01,1.342805611337948e-03,0.000000000000000e+00,1.308350087934337e+00,5.058998614931101e+00,1,4.507499933242798e-01,5.200999975204468e-01,4.507499933242798e-01,5.000000000000000e-01
7.238082254623650e-01,1.971264677368555e-01,8973,19269,5.593186020883879e-01,-1.324397956984580e-01,0.000000000000000e+00,1.823785922267717e+00,9.795949152828095e-01,1.367880954140146e-03,0.000000000000000e+00,1.308336318844095e+00,5.058982584803467e+00,1,4.510000050067902e-01,5.200999975204468e-01,4.510000050067902e-01,5.000000000000000e-01
7.238362915441904e-01,1.973142080817550e-01,8978,19274,5.600475095468103e-01,-1.323320618387124e-01,0.000000000000000e+00,1.823753272928812e+00,9.796276960993917e-01,1.392953307868227e-03,0.000000000000000e+00,1.308322551395179e+00,5.058966556586686e+00,1,4.512499868869781e-01,5.200999975204468e-01,4.512499868869781e-01,5.000000000000000e-01
7.238643609719962e-01,1.975019708086698e-01,8983,19279,5.607765039040714e-01,-1.322243151351590e-01,0.000000000000000e+00,1.823720619697519e+00,9.796604808240356e-01,1.418028650670429e-03,0.000000000000000e+00,1.308308782304937e+00,5.058950526459054e+00,1,4.514999985694885e-01,5.200999975204468e-01,4.514999985694885e-01,5.000000000000000e-01
7.238924303998018e-01,1.976897335355846e-01,8988,19284,5.615054982613324e-01,-1.321165684316056e-01,0.000000000000000e+00,1.823687966466228e+00,9.796932655486791e-01,1.443103993472632e-03,0.000000000000000e+00,1.308295013214694e+00,5.058934496331422e+00,1,4.517500102519989e-01,5.200999975204468e-01,4.517500102519989e-01,5.000000000000000e-01
7.239204964816274e-01,1.978774738804841e-01,8993,19289,5.622344057197548e-01,-1.320088345718600e-01,0.000000000000000e+00,1.823655317127322e+00,9.797260463652615e-01,1.468176347200713e-03,0.000000000000000e+00,1.308281245765779e+00,5.058918468114639e+00,1,4.519999921321869e-01,5.200999975204468e-01,4.519999921321869e-01,5.000000000000000e-01
7.239485659094330e-01,1.980652366073989e-01,8998,19294,5.629634000770158e-01,-1.319010878683065e-01,0.000000000000000e+00,1.823622663896030e+00,9.797588310899052e-01,1.493251690002915e-03,0.000000000000000e+00,1.308267476675536e+00,5.058902437987006e+00,1,4.522500038146973e-01,5.200999975204468e-01,4.522500038146973e-01,5.000000000000000e-01
7.239766319912586e-01,1.982529769522984e-01,9003,19299,5.636923075354383e-01,-1.317933540085609e-01,0.000000000000000e+00,1.823590014557124e+00,9.797916119064878e-01,1.518324043730996e-03,0.000000000000000e+00,1.308253709226620e+00,5.058886409770225e+00,1,4.524999856948853e-01,5.200999975204468e-01,4.524999856948853e-01,5.000000000000000e-01
7.240047014190643e-01,1.984407396792132e-01,9008,19304,5.644213018926992e-01,-1.316856073050075e-01,0.000000000000000e+00,1.823557361325832e+00,9.798243966311313e-01,1.543399386533198e-03,0.000000000000000e+00,1.308239940136377e+00,5.058870379642594e+00,1,4.527499973773956e-01,5.200999975204468e-01,4.527499973773956e-01,5.000000000000000e-01
7.240327708468700e-01,1.986285024061281e-01,9013,19309,5.651502962499604e-01,-1.315778606014541e-01,0.000000000000000e+00,1.823524708094540e+00,9.798571813557749e-01,1.568474729335406e-03,0.000000000000000e+00,1.308226171046135e+00,5.058854349514961e+00,1,4.530000090599060e-01,5.200999975204468e-01,4.530000090599060e-01,5.000000000000000e-01
7.240608369286955e-01,1.988162427510285e-01,9018,19314,5.658792037083862e-01,-1.314701267417089e-01,0.000000000000000e+00,1.823492058755635e+00,9.798899621723577e-01,1.593547083063465e-03,0.000000000000000e+00,1.308212403597219e+00,5.058838321298179e+00,1,4.532499909400940e-01,5.200999975204468e-01,4.532499909400940e-01,5.000000000000000e-01
7.240889063565009e-01,1.990040054779424e-01,9023,19319,5.666081980656439e-01,-1.313623800381550e-01,0.000000000000000e+00,1.823459405524343e+00,9.799227468970011e-01,1.618622425865689e-03,0.000000000000000e+00,1.308198634506976e+00,5.058822291170546e+00,1,4.535000026226044e-01,5.200999975204468e-01,4.535000026226044e-01,5.000000000000000e-01
7.241169757843068e-01,1.991917682048572e-01,9028,19324,5.673371924229047e-01,-1.312546333346016e-01,0.000000000000000e+00,1.823426752293051e+00,9.799555316216447e-01,1.643697768667886e-03,0.000000000000000e+00,1.308184865416734e+00,5.058806261042914e+00,1,4.537500143051147e-01,5.200999975204468e-01,4.537500143051147e-01,5.000000000000000e-01
7.241450418661322e-01,1.993795085497566e-01,9033,19329,5.680660998813269e-01,-1.311468994748560e-01,0.000000000000000e+00,1.823394102954145e+00,9.799883124382271e-01,1.668770122395961e-03,0.000000000000000e+00,1.308171097967818e+00,5.058790232826132e+00,1,4.539999961853027e-01,5.200999975204468e-01,4.539999961853027e-01,5.000000000000000e-01
7.241731112939380e-01,1.995672712766714e-01,9038,19334,5.687950942385881e-01,-1.310391527713027e-01,0.000000000000000e+00,1.823361449722853e+00,9.800210971628709e-01,1.693845465198163e-03,0.000000000000000e+00,1.308157328877576e+00,5.058774202698499e+00,1,4.542500078678131e-01,5.200999975204468e-01,4.542500078678131e-01,5.000000000000000e-01
7.242011773757636e-01,1.997550116215709e-01,9043,19339,5.695240016970107e-01,-1.309314189115570e-01,0.000000000000000e+00,1.823328800383947e+00,9.800538779794533e-01,1.718917818926250e-03,0.000000000000000e+00,1.308143561428660e+00,5.058758174481719e+00,1,4.544999897480011e-01,5.200999975204468e-01,4.544999897480011e-01,5.000000000000000e-01
7.242292468035691e-01,1.999427743484858e-01,9048,19344,5.702529960542716e-01,-1.308236722080036e-01,0.000000000000000e+00,1.823296147152655e+00,9.800866627040969e-01,1.743993161728452e-03,0.000000000000000e+00,1.308129792338417e+00,5.058742144354086e+00,1,4.547500014305115e-01,5.200999975204468e-01,4.547500014305115e-01,5.000000000000000e-01
7.242573162313749e-01,2.001305370754006e-01,9053,19349,5.709819904115326e-01,-1.307159255044502e-01,0.000000000000000e+00,1.823263493921363e+00,9.801194474287405e-01,1.769068504530654e-03,0.000000000000000e+00,1.308116023248175e+00,5.058726114226453e+00,1,4.550000131130219e-01,5.200999975204468e-01,4.550000131130219e-01,5.000000000000000e-01
7.242853823132003e-01,2.003182774203001e-01,9058,19354,5.717108978699550e-01,-1.306081916447045e-01,0.000000000000000e+00,1.823230844582458e+00,9.801522282453230e-01,1.794140858258735e-03,0.000000000000000e+00,1.308102255799259e+00,5.058710086009672e+00,1,4.552499949932098e-01,5.200999975204468e-01,4.552499949932098e-01,5.000000000000000e-01
7.243134517410059e-01,2.005060401472138e-01,9063,19359,5.724398922272125e-01,-1.305004449411507e-01,0.000000000000000e+00,1.823198191351166e+00,9.801850129699666e-01,1.819216201060949e-03,0.000000000000000e+00,1.308088486709016e+00,5.058694055882039e+00,1,4.555000066757202e-01,5.200999975204468e-01,4.555000066757202e-01,5.000000000000000e-01
7.243415178228314e-01,2.006937804921133e-01,9068,19364,5.731687996856349e-01,-1.303927110814051e-01,0.000000000000000e+00,1.823165542012260e+00,9.802177937865491e-01,1.844288554789035e-03,0.000000000000000e+00,1.308074719260101e+00,5.058678027665257e+00,1,4.557499885559082e-01,5.200999975204468e-01,4.557499885559082e-01,5.000000000000000e-01
7.243695872506372e-01,2.008815432190292e-01,9073,19369,5.738977940428995e-01,-1.302849643778521e-01,0.000000000000000e+00,1.823132888780968e+00,9.802505785111927e-01,1.869363897591220e-03,0.000000000000000e+00,1.308060950169858e+00,5.058661997537625e+00,1,4.560000002384186e-01,5.200999975204468e-01,4.560000002384186e-01,5.000000000000000e-01
7.243976566784429e-01,2.010693059459440e-01,9078,19374,5.746267884001606e-01,-1.301772176742987e-01,0.000000000000000e+00,1.823100235549676e+00,9.802833632358365e-01,1.894439240393423e-03,0.000000000000000e+00,1.308047181079615e+00,5.058645967409992e+00,1,4.562500119209290e-01,5.200999975204468e-01,4.562500119209290e-01,5.000000000000000e-01
7.244257227602684e-01,2.012570462908435e-01,9083,19379,5.753556958585829e-01,-1.300694838145530e-01,0.000000000000000e+00,1.823067586210771e+00,9.803161440524190e-01,1.919511594121504e-03,0.000000000000000e+00,1.308033413630700e+00,5.058629939193211e+00,1,4.564999938011169e-01,5.200999975204468e-01,4.564999938011169e-01,5.000000000000000e-01
7.244537921880740e-01,2.014448090177584e-01,9088,19384,5.760846902158439e-01,-1.299617371109996e-01,0.000000000000000e+00,1.823034932979479e+00,9.803489287770623e-01,1.944586936923706e-03,0.000000000000000e+00,1.308019644540457e+00,5.058613909065578e+00,1,4.567500054836273e-01,5.200999975204468e-01,4.567500054836273e-01,5.000000000000000e-01
7.244818582698995e-01,2.016325493626578e-01,9093,19389,5.768135976742663e-01,-1.298540032512540e-01,0.000000000000000e+00,1.823002283640573e+00,9.803817095936450e-01,1.969659290651787e-03,0.000000000000000e+00,1.308005877091541e+00,5.058597880848797e+00,1,4.569999873638153e-01,5.200999975204468e-01,4.569999873638153e-01,5.000000000000000e-01
7.245099276977052e-01,2.018203120895727e-01,9098,19394,5.775425920315274e-01,-1.297462565477006e-01,0.000000000000000e+00,1.822969630409281e+00,9.804144943182884e-01,1.994734633453989e-03,0.000000000000000e+00,1.307992108001299e+00,5.058581850721164e+00,1,4.572499990463257e-01,5.200999975204468e-01,4.572499990463257e-01,5.000000000000000e-01
7.245379971255109e-01,2.020080748164875e-01,9103,19399,5.782715863887885e-01,-1.296385098441472e-01,0.000000000000000e+00,1.822936977177989e+00,9.804472790429323e-01,2.019809976256192e-03,0.000000000000000e+00,1.307978338911056e+00,5.058565820593532e+00,1,4.575000107288361e-01,5.200999975204468e-01,4.575000107288361e-01,5.000000000000000e-01
7.245660632073364e-01,2.021958151613870e-01,9108,19404,5.790004938472109e-01,-1.295307759844015e-01,0.000000000000000e+00,1.822904327839084e+00,9.804800598595147e-01,2.044882329984273e-03,0.000000000000000e+00,1.307964571462140e+00,5.058549792376750e+00,1,4.577499926090240e-01,5.200999975204468e-01,4.577499926090240e-01,5.000000000000000e-01
7.245941326351421e-01,2.023835778883006e-01,9113,19409,5.797294882044681e-01,-1.294230292808477e-01,0.000000000000000e+00,1.822871674607792e+00,9.805128445841583e-01,2.069957672786487e-03,0.000000000000000e+00,1.307950802371898e+00,5.058533762249118e+00,1,4.580000042915344e-01,5.200999975204468e-01,4.580000042915344e-01,5.000000000000000e-01
7.246221987169676e-01,2.025713182332012e-01,9118,19414,5.804583956628944e-01,-1.293152954211025e-01,0.000000000000000e+00,1.822839025268886e+00,9.805456254007408e-01,2.095030026514556e-03,0.000000000000000e+00,1.307937034922982e+00,5.058517734032336e+00,1,4.582499861717224e-01,5.200999975204468e-01,4.582499861717224e-01,5.000000000000000e-01
7.246502681447733e-01,2.027590809601161e-01,9123,19419,5.811873900201554e-01,-1.292075487175491e-01,0.000000000000000e+00,1.822806372037594e+00,9.805784101253845e-01,2.120105369316758e-03,0.000000000000000e+00,1.307923265832739e+00,5.058501703904703e+00,1,4.584999978542328e-01,5.200999975204468e-01,4.584999978542328e-01,5.000000000000000e-01
7.246783375725789e-01,2.029468436870309e-01,9128,19424,5.819163843774163e-01,-1.290998020139957e-01,0.000000000000000e+00,1.822773718806302e+00,9.806111948500280e-01,2.145180712118960e-03,0.000000000000000e+00,1.307909496742497e+00,5.058485673777071e+00,1,4.587500095367432e-01,5.200999975204468e-01,4.587500095367432e-01,5.000000000000000e-01
7.247064036544044e-01,2.031345840319304e-01,9133,19429,5.826452918358387e-01,-1.289920681542500e-01,0.000000000000000e+00,1.822741069467396e+00,9.806439756666105e-01,2.170253065847041e-03,0.000000000000000e+00,1.307895729293581e+00,5.058469645560289e+00,1,4.589999914169312e-01,5.200999975204468e-01,4.589999914169312e-01,5.000000000000000e-01
7.247344730822101e-01,2.033223467588452e-01,9138,19434,5.833742861930997e-01,-1.288843214506966e-01,0.000000000000000e+00,1.822708416236104e+00,9.806767603912541e-01,2.195328408649243e-03,0.000000000000000e+00,1.307881960203338e+00,5.058453615432656e+00,1,4.592500030994415e-01,5.200999975204468e-01,4.592500030994415e-01,5.000000000000000e-01
7.247625425100158e-01,2.035101094857600e-01,9143,19439,5.841032805503609e-01,-1.287765747471432e-01,0.000000000000000e+00,1.822675763004812e+00,9.807095451158978e-01,2.220403751451446e-03,0.000000000000000e+00,1.307868191113096e+00,5.058437585305024e+00,1,4.595000147819519e-01,5.200999975204468e-01,4.595000147819519e-01,5.000000000000000e-01
7.247906085918412e-01,2.036978498306595e-01,9148,19444,5.848321880087832e-01,-1.286688408873976e-01,0.000000000000000e+00,1.822643113665907e+00,9.807423259324802e-01,2.245476105179527e-03,0.000000000000000e+00,1.307854423664180e+00,5.058421557088242e+00,1,4.597499966621399e-01,5.200999975204468e-01,4.597499966621399e-01,5.000000000000000e-01
7.248186780196471e-01,2.038856125575744e-01,9153,19450,5.855611823660443e-01,-1.285610941838441e-01,0.000000000000000e+00,1.822610460434615e+00,9.807751106571240e-01,2.270551447981729e-03,0.000000000000000e+00,1.307840654573938e+00,5.058405526960611e+00,1,4.600000083446503e-01,5.200999975204468e-01,4.600000083446503e-01,5.000000000000000e-01
7.248309837523624e-01,2.038739048201629e-01,9158,19455,5.855459996998603e-01,-1.284119846408507e-01,0.000000000000000e+00,1.822578833917778e+00,9.807873322713638e-01,2.303683299844991e-03,0.000000000000000e+00,1.307829132006914e+00,5.058377288636069e+00,1,4.602499902248383e-01,5.200999975204468e-01,4.602499902248383e-01,5.000000000000000e-01
7.248432914782835e-01,2.038622023453324e-01,9163,19460,5.855308400642542e-01,-1.282628587026076e-01,0.000000000000000e+00,1.822547203596347e+00,9.807995560289853e-01,2.336818832561683e-03,0.000000000000000e+00,1.307817607991251e+00,5.058349047352633e+00,1,4.605000019073486e-01,5.200999975204468e-01,4.605000019073486e-01,5.000000000000000e-01
7.248555992042045e-01,2.038504998704997e-01,9168,19465,5.855156804286403e-01,-1.281137327643637e-01,0.000000000000000e+00,1.822515573274916e+00,9.808117797866065e-01,2.369954365278400e-03,0.000000000000000e+00,1.307806083975588e+00,5.058320806069196e+00,1,4.607500135898590e-01,5.200999975204468e-01,4.607500135898590e-01,5.000000000000000e-01
7.248679054629991e-01,2.038387987906466e-01,9173,19470,5.855005226001153e-01,-1.279646246024868e-01,0.000000000000000e+00,1.822483946723938e+00,9.808240020871107e-01,2.403085948116355e-03,0.000000000000000e+00,1.307794561333630e+00,5.058292568152229e+00,1,4.609999954700470e-01,5.200999975204468e-01,4.609999954700470e-01,5.000000000000000e-01
7.248802131889203e-01,2.038270963158150e-01,9178,19475,5.854853629645053e-01,-1.278154986642432e-01,0.000000000000000e+00,1.822452316402507e+00,9.808362258447321e-01,2.436221480833074e-03,0.000000000000000e+00,1.307783037317967e+00,5.058264326868793e+00,1,4.612500071525574e-01,5.200999975204468e-01,4.612500071525574e-01,5.000000000000000e-01
7.248925194477146e-01,2.038153952359619e-01,9183,19480,5.854702051359800e-01,-1.276663905023662e-01,0.000000000000000e+00,1.822420689851528e+00,9.808484481452360e-01,2.469353063671049e-03,0.000000000000000e+00,1.307771514676010e+00,5.058236088951825e+00,1,4.614999890327454e-01,5.200999975204468e-01,4.614999890327454e-01,5.000000000000000e-01
7.249048271736358e-01,2.038036927611303e-01,9188,19485,5.854550455003701e-01,-1.275172645641228e-01,0.000000000000000e+00,1.822389059530097e+00,9.808606719028575e-01,2.502488596387739e-03,0.000000000000000e+00,1.307759990660347e+00,5.058207847668387e+00,1,4.617500007152557e-01,5.200999975204468e-01,4.617500007152557e-01,5.000000000000000e-01
7.249171348995570e-01,2.037919902862987e-01,9193,19490,5.854398858647600e-01,-1.273681386258793e-01,0.000000000000000e+00,1.822357429208667e+00,9.808728956604790e-01,2.535624129104452e-03,0.000000000000000e+00,1.307748466644684e+00,5.058179606384954e+00,1,4.620000123977661e-01,5.200999975204468e-01,4.620000123977661e-01,5.000000000000000e-01
7.249294411583513e-01,2.037802892064456e-01,9198,19495,5.854247280362349e-01,-1.272190304640022e-01,0.000000000000000e+00,1.822325802657688e+00,9.808851179609830e-01,2.568755711942428e-03,0.000000000000000e+00,1.307736944002726e+00,5.058151368467985e+00,1,4.622499942779541e-01,5.200999975204468e-01,4.622499942779541e-01,5.000000000000000e-01
7.249417488842725e-01,2.037685867316139e-01,9203,19500,5.854095684006247e-01,-1.270699045257588e-01,0.000000000000000e+00,1.822294172336257e+00,9.808973417186043e-01,2.601891244659125e-03,0.000000000000000e+00,1.307725419987063e+00,5.058123127184548e+00,1,4.625000059604645e-01,5.200999975204468e-01,4.625000059604645e-01,5.000000000000000e-01
7.249540551430669e-01,2.037568856517597e-01,9208,19505,5.853944105720960e-01,-1.269207963638815e-01,0.000000000000000e+00,1.822262545785278e+00,9.809095640191083e-01,2.635022827497121e-03,0.000000000000000e+00,1.307713897345106e+00,5.058094889267578e+00,1,4.627499878406525e-01,5.200999975204468e-01,4.627499878406525e-01,5.000000000000000e-01
7.249663628689879e-01,2.037451831769281e-01,9213,19510,5.853792509364859e-01,-1.267716704256380e-01,0.000000000000000e+00,1.822230915463848e+00,9.809217877767299e-01,2.668158360213818e-03,0.000000000000000e+00,1.307702373329442e+00,5.058066647984144e+00,1,4.629999995231628e-01,5.200999975204468e-01,4.629999995231628e-01,5.000000000000000e-01
7.249786705949091e-01,2.037334807020976e-01,9218,19515,5.853640913008797e-01,-1.266225444873948e-01,0.000000000000000e+00,1.822199285142417e+00,9.809340115343513e-01,2.701293892930503e-03,0.000000000000000e+00,1.307690849313780e+00,5.058038406700708e+00,1,4.632500112056732e-01,5.200999975204468e-01,4.632500112056732e-01,5.000000000000000e-01
7.249909768537035e-01,2.037217796222445e-01,9223,19520,5.853489334723546e-01,-1.264734363255178e-01,0.000000000000000e+00,1.822167658591439e+00,9.809462338348555e-01,2.734425475768471e-03,0.000000000000000e+00,1.307679326671822e+00,5.058010168783740e+00,1,4.634999930858612e-01,5.200999975204468e-01,4.634999930858612e-01,5.000000000000000e-01
7.250032845796246e-01,2.037100771474129e-01,9228,19525,5.853337738367447e-01,-1.263243103872743e-01,0.000000000000000e+00,1.822136028270008e+00,9.809584575924767e-01,2.767561008485176e-03,0.000000000000000e+00,1.307667802656159e+00,5.057981927500304e+00,1,4.637500047683716e-01,5.200999975204468e-01,4.637500047683716e-01,5.000000000000000e-01
7.250155908384190e-01,2.036983760675598e-01,9233,19530,5.853186160082194e-01,-1.261752022253973e-01,0.000000000000000e+00,1.822104401719029e+00,9.809706798929809e-01,2.800692591323145e-03,0.000000000000000e+00,1.307656280014201e+00,5.057953689583334e+00,1,4.639999866485596e-01,5.200999975204468e-01,4.639999866485596e-01,5.000000000000000e-01
7.250278985643402e-01,2.036866735927293e-01,9238,19535,5.853034563726134e-01,-1.260260762871539e-01,0.000000000000000e+00,1.822072771397598e+00,9.809829036506024e-01,2.833828124039837e-03,0.000000000000000e+00,1.307644755998538e+00,5.057925448299899e+00,1,4.642499983310699e-01,5.200999975204468e-01,4.642499983310699e-01,5.000000000000000e-01
7.250402062902616e-01,2.036749711178966e-01,9243,19540,5.852882967369994e-01,-1.258769503489103e-01,0.000000000000000e+00,1.822041141076168e+00,9.809951274082237e-01,2.866963656756555e-03,0.000000000000000e+00,1.307633231982875e+00,5.057897207016464e+00,1,4.645000100135803e-01,5.200999975204468e-01,4.645000100135803e-01,5.000000000000000e-01
7.250525125490559e-01,2.036632700380434e-01,9248,19545,5.852731389084743e-01,-1.257278421870333e-01,0.000000000000000e+00,1.822009514525189e+00,9.810073497087277e-01,2.900095239594523e-03,0.000000000000000e+00,1.307621709340918e+00,5.057868969099495e+00,1,4.647499918937683e-01,5.200999975204468e-01,4.647499918937683e-01,5.000000000000000e-01
7.250648202749771e-01,2.036515675632118e-01,9253,19550,5.852579792728643e-01,-1.255787162487898e-01,0.000000000000000e+00,1.821977884203758e+00,9.810195734663492e-01,2.933230772311227e-03,0.000000000000000e+00,1.307610185325255e+00,5.057840727816060e+00,1,4.650000035762787e-01,5.200999975204468e-01,4.650000035762787e-01,5.000000000000000e-01
7.250771265337714e-01,2.036398664833587e-01,9258,19555,5.852428214443393e-01,-1.254296080869128e-01,0.000000000000000e+00,1.821946257652779e+00,9.810317957668533e-01,2.966362355149196e-03,0.000000000000000e+00,1.307598662683297e+00,5.057812489899090e+00,1,4.652499854564667e-01,5.200999975204468e-01,4.652499854564667e-01,5.000000000000000e-01
7.250894342596925e-01,2.036281640085271e-01,9263,19560,5.852276618087291e-01,-1.252804821486693e-01,0.000000000000000e+00,1.821914627331349e+00,9.810440195244746e-01,2.999497887865902e-03,0.000000000000000e+00,1.307587138667634e+00,5.057784248615655e+00,1,4.654999971389771e-01,5.200999975204468e-01,4.654999971389771e-01,5.000000000000000e-01
7.251017419856136e-01,2.036164615336955e-01,9268,19565,5.852125021731192e-01,-1.251313562104258e-01,0.000000000000000e+00,1.821882997009918e+00,9.810562432820960e-01,3.032633420582605e-03,0.000000000000000e+00,1.307575614651971e+00,5.057756007332220e+00,1,4.657500088214874e-01,5.200999975204468e-01,4.657500088214874e-01,5.000000000000000e-01
7.251140482444079e-01,2.036047604538424e-01,9273,19570,5.851973443445940e-01,-1.249822480485488e-01,0.000000000000000e+00,1.821851370458939e+00,9.810684655826001e-01,3.065765003420582e-03,0.000000000000000e+00,1.307564092010014e+00,5.057727769415250e+00,1,4.659999907016754e-01,5.200999975204468e-01,4.659999907016754e-01,5.000000000000000e-01
7.251263559703292e-01,2.035930579790108e-01,9278,19575,5.851821847089840e-01,-1.248331221103053e-01,0.000000000000000e+00,1.821819740137509e+00,9.810806893402215e-01,3.098900536137279e-03,0.000000000000000e+00,1.307552567994350e+00,5.057699528131815e+00,1,4.662500023841858e-01,5.200999975204468e-01,4.662500023841858e-01,5.000000000000000e-01
7.251386636962502e-01,2.035813555041792e-01,9283,19580,5.851670250733739e-01,-1.246839961720619e-01,0.000000000000000e+00,1.821788109816078e+00,9.810929130978430e-01,3.132036068853984e-03,0.000000000000000e+00,1.307541043978687e+00,5.057671286848380e+00,1,4.665000140666962e-01,5.200999975204468e-01,4.665000140666962e-01,5.000000000000000e-01
7.251509699550447e-01,2.035696544243261e-01,9288,19585,5.851518672448488e-01,-1.245348880101848e-01,0.000000000000000e+00,1.821756483265099e+00,9.811051353983468e-01,3.165167651691959e-03,0.000000000000000e+00,1.307529521336730e+00,5.057643048931411e+00,1,4.667499959468842e-01,5.200999975204468e-01,4.667499959468842e-01,5.000000000000000e-01
7.251632776809658e-01,2.035579519494945e-01,9293,19590,5.851367076092389e-01,-1.243857620719414e-01,0.000000000000000e+00,1.821724852943669e+00,9.811173591559683e-01,3.198303184408657e-03,0.000000000000000e+00,1.307517997321067e+00,5.057614807647975e+00,1,4.670000076293945e-01,5.200999975204468e-01,4.670000076293945e-01,5.000000000000000e-01
7.251755839397602e-01,2.035462508696413e-01,9298,19595,5.851215497807136e-01,-1.242366539100643e-01,0.000000000000000e+00,1.821693226392690e+00,9.811295814564724e-01,3.231434767246626e-03,0.000000000000000e+00,1.307506474679109e+00,5.057586569731006e+00,1,4.672499895095825e-01,5.200999975204468e-01,4.672499895095825e-01,5.000000000000000e-01
7.251878916656813e-01,2.035345483948097e-01,9303,19600,5.851063901451037e-01,-1.240875279718208e-01,0.000000000000000e+00,1.821661596071259e+00,9.811418052140939e-01,3.264570299963338e-03,0.000000000000000e+00,1.307494950663446e+00,5.057558328447570e+00,1,4.675000011920929e-01,5.200999975204468e-01,4.675000011920929e-01,5.000000000000000e-01
7.252001993916024e-01,2.035228459199781e-01,9308,19605,5.850912305094936e-01,-1.239384020335774e-01,0.000000000000000e+00,1.821629965749828e+00,9.811540289717153e-01,3.297705832680035e-03,0.000000000000000e+00,1.307483426647783e+00,5.057530087164135e+00,1,4.677500128746033e-01,5.200999975204468e-01,4.677500128746033e-01,5.000000000000000e-01
7.252125056503969e-01,2.035111448401251e-01,9313,19610,5.850760726809686e-01,-1.237892938717003e-01,0.000000000000000e+00,1.821598339198850e+00,9.811662512722192e-01,3.330837415518004e-03,0.000000000000000e+00,1.307471904005826e+00,5.057501849247165e+00,1,4.679999947547913e-01,5.200999975204468e-01,4.679999947547913e-01,5.000000000000000e-01
7.252248133763179e-01,2.034994423652934e-01,9318,19615,5.850609130453586e-01,-1.236401679334568e-01,0.000000000000000e+00,1.821566708877419e+00,9.811784750298407e-01,3.363972948234723e-03,0.000000000000000e+00,1.307460379990162e+00,5.057473607963731e+00,1,4.682500064373016e-01,5.200999975204468e-01,4.682500064373016e-01,5.000000000000000e-01
7.252371196351124e-01,2.034877412854403e-01,9323,19620,5.850457552168334e-01,-1.234910597715798e-01,0.000000000000000e+00,1.821535082326440e+00,9.811906973303448e-01,3.397104531072677e-03,0.000000000000000e+00,1.307448857348205e+00,5.057445370046761e+00,1,4.684999883174896e-01,5.200999975204468e-01,4.684999883174896e-01,5.000000000000000e-01
7.252494273610337e-01,2.034760388106087e-01,9328,19625,5.850305955812234e-01,-1.233419338333364e-01,0.000000000000000e+00,1.821503452005010e+00,9.812029210879663e-01,3.430240063789382e-03,0.000000000000000e+00,1.307437333332542e+00,5.057417128763326e+00,1,4.687500000000000e-01,5.200999975204468e-01,4.687500000000000e-01,5.000000000000000e-01
7.252617350869546e-01,2.034643363357771e-01,9333,19630,5.850154359456133e-01,-1.231928078950929e-01,0.000000000000000e+00,1.821471821683579e+00,9.812151448455875e-01,3.463375596506086e-03,0.000000000000000e+00,1.307425809316879e+00,5.057388887479890e+00,1,4.690000116825104e-01,5.200999975204468e-01,4.690000116825104e-01,5.000000000000000e-01
7.252740413457491e-01,2.034526352559240e-01,9338,19635,5.850002781170884e-01,-1.230436997332159e-01,0.000000000000000e+00,1.821440195132600e+00,9.812273671460917e-01,3.496507179344055e-03,0.000000000000000e+00,1.307414286674921e+00,5.057360649562922e+00,1,4.692499935626984e-01,5.200999975204468e-01,4.692499935626984e-01,5.000000000000000e-01
7.252863490716703e-01,2.034409327810923e-01,9343,19640,5.849851184814783e-01,-1.228945737949724e-01,0.000000000000000e+00,1.821408564811169e+00,9.812395909037130e-01,3.529642712060760e-03,0.000000000000000e+00,1.307402762659258e+00,5.057332408279486e+00,1,4.695000052452087e-01,5.200999975204468e-01,4.695000052452087e-01,5.000000000000000e-01
7.252986553304646e-01,2.034292317012393e-01,9348,19645,5.849699606529530e-01,-1.227454656330954e-01,0.000000000000000e+00,1.821376938260191e+00,9.812518132042172e-01,3.562774294898728e-03,0.000000000000000e+00,1.307391240017301e+00,5.057304170362517e+00,1,4.697499871253967e-01,5.200999975204468e-01,4.697499871253967e-01,5.000000000000000e-01
7.253109630563859e-01,2.034175292264077e-01,9353,19651,5.849548010173431e-01,-1.225963396948519e-01,0.000000000000000e+00,1.821345307938760e+00,9.812640369618385e-01,3.595909827615433e-03,0.000000000000000e+00,1.307379716001638e+00,5.057275929079081e+00,1,4.699999988079071e-01,5.200999975204468e-01,4.699999988079071e-01,5.000000000000000e-01
7.253323293124052e-01,2.031672481790545e-01,9358,19656,5.839937537614298e-01,-1.227207803810158e-01,0.000000000000000e+00,1.821315637216889e+00,9.812886913499955e-01,3.627819401439091e-03,0.000000000000000e+00,1.307368753640391e+00,5.057261903567182e+00,1,4.702500104904175e-01,5.200999975204468e-01,4.702500104904175e-01,5.000000000000000e-01
7.253536930646749e-01,2.029169958286882e-01,9363,19661,5.830328165563184e-01,-1.228452075376437e-01,0.000000000000000e+00,1.821285970041221e+00,9.813133428585220e-01,3.659725165677944e-03,0.000000000000000e+00,1.307357792588577e+00,5.057247879794951e+00,1,4.704999923706055e-01,5.200999975204468e-01,4.704999923706055e-01,5.000000000000000e-01
7.253750593638871e-01,2.026667136437548e-01,9368,19666,5.820717647902623e-01,-1.229696495282197e-01,0.000000000000000e+00,1.821256299328694e+00,9.813379973059504e-01,3.691634733655977e-03,0.000000000000000e+00,1.307346830230008e+00,5.057233854350833e+00,1,4.707500040531158e-01,5.200999975204468e-01,4.707500040531158e-01,5.000000000000000e-01
7.253964231161566e-01,2.024164612933875e-01,9373,19671,5.811108275851472e-01,-1.230940766848477e-01,0.000000000000000e+00,1.821226632153026e+00,9.813626488144770e-01,3.723540497894846e-03,0.000000000000000e+00,1.307335869178194e+00,5.057219830578603e+00,1,4.709999859333038e-01,5.200999975204468e-01,4.709999859333038e-01,5.000000000000000e-01
7.254177894153689e-01,2.021661791084530e-01,9378,19676,5.801497758190873e-01,-1.232185186754239e-01,0.000000000000000e+00,1.821196961440499e+00,9.813873032619054e-01,3.755450065872893e-03,0.000000000000000e+00,1.307324906819626e+00,5.057205805134486e+00,1,4.712499976158142e-01,5.200999975204468e-01,4.712499976158142e-01,5.000000000000000e-01
7.254391557145808e-01,2.019158969235185e-01,9383,19681,5.791887240530277e-01,-1.233429606660000e-01,0.000000000000000e+00,1.821167290727972e+00,9.814119577093338e-01,3.787359633850927e-03,0.000000000000000e+00,1.307313944461058e+00,5.057191779690370e+00,1,4.715000092983246e-01,5.200999975204468e-01,4.715000092983246e-01,5.000000000000000e-01
7.254605194668506e-01,2.016656445731511e-01,9388,19686,5.782277868479120e-01,-1.234673878226280e-01,0.000000000000000e+00,1.821137623552304e+00,9.814366092178605e-01,3.819265398089808e-03,0.000000000000000e+00,1.307302983409244e+00,5.057177755918139e+00,1,4.717499911785126e-01,5.200999975204468e-01,4.717499911785126e-01,5.000000000000000e-01
7.254818857660628e-01,2.014153623882166e-01,9393,19691,5.772667350818521e-01,-1.235918298132042e-01,0.000000000000000e+00,1.821107952839777e+00,9.814612636652889e-01,3.851174966067856e-03,0.000000000000000e+00,1.307292021050675e+00,5.057163730474022e+00,1,4.720000028610229e-01,5.200999975204468e-01,4.720000028610229e-01,5.000000000000000e-01
7.255032520652748e-01,2.011650802032821e-01,9398,19696,5.763056833157925e-01,-1.237162718037803e-01,0.000000000000000e+00,1.821078282127249e+00,9.814859181127172e-01,3.883084534045896e-03,0.000000000000000e+00,1.307281058692107e+00,5.057149705029907e+00,1,4.722500145435333e-01,5.200999975204468e-01,4.722500145435333e-01,5.000000000000000e-01
7.255246158175445e-01,2.009148278529148e-01,9403,19701,5.753447461106771e-01,-1.238406989604084e-01,0.000000000000000e+00,1.821048614951581e+00,9.815105696212437e-01,3.914990298284770e-03,0.000000000000000e+00,1.307270097640293e+00,5.057135681257675e+00,1,4.724999964237213e-01,5.200999975204468e-01,4.724999964237213e-01,5.000000000000000e-01
7.255459821167565e-01,2.006645456679802e-01,9408,19706,5.743836943446171e-01,-1.239651409509845e-01,0.000000000000000e+00,1.821018944239054e+00,9.815352240686721e-01,3.946899866262819e-03,0.000000000000000e+00,1.307259135281724e+00,5.057121655813559e+00,1,4.727500081062317e-01,5.200999975204468e-01,4.727500081062317e-01,5.000000000000000e-01
7.255673458690262e-01,2.004142933176128e-01,9413,19711,5.734227571395015e-01,-1.240895681076126e-01,0.000000000000000e+00,1.820989277063386e+00,9.815598755771985e-01,3.978805630501700e-03,0.000000000000000e+00,1.307248174229910e+00,5.057107632041328e+00,1,4.729999899864197e-01,5.200999975204468e-01,4.729999899864197e-01,5.000000000000000e-01
7.255887121682383e-01,2.001640111326784e-01,9418,19716,5.724617053734420e-01,-1.242140100981887e-01,0.000000000000000e+00,1.820959606350859e+00,9.815845300246269e-01,4.010715198479733e-03,0.000000000000000e+00,1.307237211871342e+00,5.057093606597212e+00,1,4.732500016689301e-01,5.200999975204468e-01,4.732500016689301e-01,5.000000000000000e-01
7.256100784674504e-01,1.999137289477439e-01,9423,19721,5.715006536073822e-01,-1.243384520887648e-01,0.000000000000000e+00,1.820929935638331e+00,9.816091844720553e-01,4.042624766457774e-03,0.000000000000000e+00,1.307226249512774e+00,5.057079581153095e+00,1,4.735000133514404e-01,5.200999975204468e-01,4.735000133514404e-01,5.000000000000000e-01
7.256314422197202e-01,1.996634765973767e-01,9428,19726,5.705397164022672e-01,-1.244628792453929e-01,0.000000000000000e+00,1.820900268462664e+00,9.816338359805818e-01,4.074530530696642e-03,0.000000000000000e+00,1.307215288460960e+00,5.057065557380863e+00,1,4.737499952316284e-01,5.200999975204468e-01,4.737499952316284e-01,5.000000000000000e-01
7.256528085189322e-01,1.994131944124420e-01,9433,19731,5.695786646362069e-01,-1.245873212359691e-01,0.000000000000000e+00,1.820870597750137e+00,9.816584904280102e-01,4.106440098674696e-03,0.000000000000000e+00,1.307204326102391e+00,5.057051531936748e+00,1,4.740000069141388e-01,5.200999975204468e-01,4.740000069141388e-01,5.000000000000000e-01
7.256741722712020e-01,1.991629420620747e-01,9438,19736,5.686177274310917e-01,-1.247117483925971e-01,0.000000000000000e+00,1.820840930574469e+00,9.816831419365369e-01,4.138345862913564e-03,0.000000000000000e+00,1.307193365050577e+00,5.057037508164516e+00,1,4.742499887943268e-01,5.200999975204468e-01,4.742499887943268e-01,5.000000000000000e-01
7.256955385704140e-01,1.989126598771402e-01,9443,19741,5.676566756650319e-01,-1.248361903831733e-01,0.000000000000000e+00,1.820811259861942e+00,9.817077963839654e-01,4.170255430891612e-03,0.000000000000000e+00,1.307182402692008e+00,5.057023482720400e+00,1,4.745000004768372e-01,5.200999975204468e-01,4.745000004768372e-01,5.000000000000000e-01
7.257169048696259e-01,1.986623776922056e-01,9448,19746,5.666956238989719e-01,-1.249606323737494e-01,0.000000000000000e+00,1.820781589149414e+00,9.817324508313936e-01,4.202164998869659e-03,0.000000000000000e+00,1.307171440333440e+00,5.057009457276284e+00,1,4.747500121593475e-01,5.200999975204468e-01,4.747500121593475e-01,5.000000000000000e-01
7.257382686218956e-01,1.984121253418384e-01,9453,19751,5.657346866938566e-01,-1.250850595303774e-01,0.000000000000000e+00,1.820751921973746e+00,9.817571023399201e-01,4.234070763108526e-03,0.000000000000000e+00,1.307160479281626e+00,5.056995433504053e+00,1,4.749999940395355e-01,5.200999975204468e-01,4.749999940395355e-01,5.000000000000000e-01
7.257596349211077e-01,1.981618431569049e-01,9458,19756,5.647736349278004e-01,-1.252095015209535e-01,0.000000000000000e+00,1.820722251261219e+00,9.817817567873485e-01,4.265980331086553e-03,0.000000000000000e+00,1.307149516923058e+00,5.056981408059936e+00,1,4.752500057220459e-01,5.200999975204468e-01,4.752500057220459e-01,5.000000000000000e-01
7.257809986733776e-01,1.979115908065375e-01,9463,19761,5.638126977226852e-01,-1.253339286775816e-01,0.000000000000000e+00,1.820692584085551e+00,9.818064082958751e-01,4.297886095325429e-03,0.000000000000000e+00,1.307138555871243e+00,5.056967384287705e+00,1,4.754999876022339e-01,5.200999975204468e-01,4.754999876022339e-01,5.000000000000000e-01
7.258023649725895e-01,1.976613086216030e-01,9468,19766,5.628516459566251e-01,-1.254583706681577e-01,0.000000000000000e+00,1.820662913373024e+00,9.818310627433036e-01,4.329795663303476e-03,0.000000000000000e+00,1.307127593512675e+00,5.056953358843589e+00,1,4.757499992847443e-01,5.200999975204468e-01,4.757499992847443e-01,5.000000000000000e-01
7.258237312718016e-01,1.974110264366674e-01,9473,19771,5.618905941905616e-01,-1.255828126587339e-01,0.000000000000000e+00,1.820633242660497e+00,9.818557171907318e-01,4.361705231281536e-03,0.000000000000000e+00,1.307116631154107e+00,5.056939333399471e+00,1,4.760000109672546e-01,5.200999975204468e-01,4.760000109672546e-01,5.000000000000000e-01
7.258450950240714e-01,1.971607740863001e-01,9478,19776,5.609296569854463e-01,-1.257072398153620e-01,0.000000000000000e+00,1.820603575484829e+00,9.818803686992583e-01,4.393610995520411e-03,0.000000000000000e+00,1.307105670102292e+00,5.056925309627241e+00,1,4.762499928474426e-01,5.200999975204468e-01,4.762499928474426e-01,5.000000000000000e-01
7.258664613232834e-01,1.969104919013656e-01,9483,19781,5.599686052193865e-01,-1.258316818059381e-01,0.000000000000000e+00,1.820573904772302e+00,9.819050231466868e-01,4.425520563498452e-03,0.000000000000000e+00,1.307094707743724e+00,5.056911284183125e+00,1,4.765000045299530e-01,5.200999975204468e-01,4.765000045299530e-01,5.000000000000000e-01
7.258878250755532e-01,1.966602395509984e-01,9488,19786,5.590076680142715e-01,-1.259561089625661e-01,0.000000000000000e+00,1.820544237596634e+00,9.819296746552132e-01,4.457426327737319e-03,0.000000000000000e+00,1.307083746691910e+00,5.056897260410894e+00,1,4.767499864101410e-01,5.200999975204468e-01,4.767499864101410e-01,5.000000000000000e-01
7.259091913747651e-01,1.964099573660638e-01,9493,19791,5.580466162482115e-01,-1.260805509531423e-01,0.000000000000000e+00,1.820514566884107e+00,9.819543291026416e-01,4.489335895715367e-03,0.000000000000000e+00,1.307072784333342e+00,5.056883234966778e+00,1,4.769999980926514e-01,5.200999975204468e-01,4.769999980926514e-01,5.000000000000000e-01
7.259305576739772e-01,1.961596751811292e-01,9498,19796,5.570855644821514e-01,-1.262049929437184e-01,0.000000000000000e+00,1.820484896171579e+00,9.819789835500700e-01,4.521245463693415e-03,0.000000000000000e+00,1.307061821974773e+00,5.056869209522660e+00,1,4.772500097751617e-01,5.200999975204468e-01,4.772500097751617e-01,5.000000000000000e-01
7.259519214262470e-01,1.959094228307620e-01,9503,19801,5.561246272770364e-01,-1.263294201003465e-01,0.000000000000000e+00,1.820455228995911e+00,9.820036350585966e-01,4.553151227932282e-03,0.000000000000000e+00,1.307050860922959e+00,5.056855185750430e+00,1,4.774999916553497e-01,5.200999975204468e-01,4.774999916553497e-01,5.000000000000000e-01
7.259732877254590e-01,1.956591406458274e-01,9508,19806,5.551635755109763e-01,-1.264538620909226e-01,0.000000000000000e+00,1.820425558283384e+00,9.820282895060251e-01,4.585060795910329e-03,0.000000000000000e+00,1.307039898564391e+00,5.056841160306313e+00,1,4.777500033378601e-01,5.200999975204468e-01,4.777500033378601e-01,5.000000000000000e-01
7.259946514777288e-01,1.954088882954602e-01,9513,19811,5.542026383058613e-01,-1.265782892475507e-01,0.000000000000000e+00,1.820395891107716e+00,9.820529410145514e-01,4.616966560149198e-03,0.000000000000000e+00,1.307028937512577e+00,5.056827136534083e+00,1,4.779999852180481e-01,5.200999975204468e-01,4.779999852180481e-01,5.000000000000000e-01
7.260160177769408e-01,1.951586061105256e-01,9518,19816,5.532415865398013e-01,-1.267027312381268e-01,0.000000000000000e+00,1.820366220395189e+00,9.820775954619798e-01,4.648876128127245e-03,0.000000000000000e+00,1.307017975154008e+00,5.056813111089966e+00,1,4.782499969005585e-01,5.200999975204468e-01,4.782499969005585e-01,5.000000000000000e-01
7.260373840761527e-01,1.949083239255910e-01,9523,19821,5.522805347737413e-01,-1.268271732287029e-01,0.000000000000000e+00,1.820336549682662e+00,9.821022499094081e-01,4.680785696105293e-03,0.000000000000000e+00,1.307007012795440e+00,5.056799085645849e+00,1,4.785000085830688e-01,5.200999975204468e-01,4.785000085830688e-01,5.000000000000000e-01
7.260587478284226e-01,1.946580715752237e-01,9528,19826,5.513195975686259e-01,-1.269516003853310e-01,0.000000000000000e+00,1.820306882506994e+00,9.821269014179348e-01,4.712691460344167e-03,0.000000000000000e+00,1.306996051743626e+00,5.056785061873619e+00,1,4.787499904632568e-01,5.200999975204468e-01,4.787499904632568e-01,5.000000000000000e-01
7.260801141276346e-01,1.944077893902892e-01,9533,19831,5.503585458025662e-01,-1.270760423759071e-01,0.000000000000000e+00,1.820277211794467e+00,9.821515558653631e-01,4.744601028322208e-03,0.000000000000000e+00,1.306985089385057e+00,5.056771036429502e+00,1,4.790000021457672e-01,5.200999975204468e-01,4.790000021457672e-01,5.000000000000000e-01
7.261014804268467e-01,1.941575072053547e-01,9538,19836,5.493974940365063e-01,-1.272004843664833e-01,0.000000000000000e+00,1.820247541081940e+00,9.821762103127916e-01,4.776510596300255e-03,0.000000000000000e+00,1.306974127026489e+00,5.056757010985386e+00,1,4.792500138282776e-01,5.200999975204468e-01,4.792500138282776e-01,5.000000000000000e-01
7.261228441791163e-01,1.939072548549874e-01,9543,19841,5.484365568313911e-01,-1.273249115231113e-01,0.000000000000000e+00,1.820217873906272e+00,9.822008618213182e-01,4.808416360539123e-03,0.000000000000000e+00,1.306963165974675e+00,5.056742987213154e+00,1,4.794999957084656e-01,5.200999975204468e-01,4.794999957084656e-01,5.000000000000000e-01
7.261442104783284e-01,1.936569726700529e-01,9548,19846,5.474755050653312e-01,-1.274493535136875e-01,0.000000000000000e+00,1.820188203193744e+00,9.822255162687463e-01,4.840325928517170e-03,0.000000000000000e+00,1.306952203616107e+00,5.056728961769037e+00,1,4.797500073909760e-01,5.200999975204468e-01,4.797500073909760e-01,5.000000000000000e-01
7.261655742305981e-01,1.934067203196856e-01,9553,19852,5.465145678602160e-01,-1.275737806703155e-01,0.000000000000000e+00,1.820158536018077e+00,9.822501677772730e-01,4.872231692756038e-03,0.000000000000000e+00,1.306941242564292e+00,5.056714937996807e+00,1,4.799999892711639e-01,5.200999975204468e-01,4.799999892711639e-01,5.000000000000000e-01
7.261912052628621e-01,1.933840350928526e-01,9558,19857,5.465355269724906e-01,-1.270845659532037e-01,0.000000000000000e+00,1.820124417047732e+00,9.822834279508325e-01,4.898734766428757e-03,0.000000000000000e+00,1.306937870992476e+00,5.056735977584360e+00,1,4.802500009536743e-01,5.200999975204468e-01,4.802500009536743e-01,5.000000000000000e-01
7.262168364781477e-01,1.933613596333842e-01,9563,19862,5.465565282279397e-01,-1.265953249009037e-01,0.000000000000000e+00,1.820090297886490e+00,9.823166884937082e-01,4.925237608080793e-03,0.000000000000000e+00,1.306934499746419e+00,5.056757018676736e+00,1,4.805000126361847e-01,5.200999975204468e-01,4.805000126361847e-01,5.000000000000000e-01
7.262424646380971e-01,1.933386868769149e-01,9568,19867,5.465775269799608e-01,-1.261061421679565e-01,0.000000000000000e+00,1.820056182792378e+00,9.823499450718036e-01,4.951737290495542e-03,0.000000000000000e+00,1.306931128902229e+00,5.056778057260935e+00,1,4.807499945163727e-01,5.200999975204468e-01,4.807499945163727e-01,5.000000000000000e-01
7.262680958533828e-01,1.933160114174465e-01,9573,19872,5.465985282354097e-01,-1.256169011156567e-01,0.000000000000000e+00,1.820022063631136e+00,9.823832056146795e-01,4.978240132147565e-03,0.000000000000000e+00,1.306927757656172e+00,5.056799098353311e+00,1,4.810000061988831e-01,5.200999975204468e-01,4.810000061988831e-01,5.000000000000000e-01
7.262937240133323e-01,1.932933386609772e-01,9578,19877,5.466195269874309e-01,-1.251277183827098e-01,0.000000000000000e+00,1.819987948537025e+00,9.824164621927747e-01,5.004739814562302e-03,0.000000000000000e+00,1.306924386811981e+00,5.056820136937510e+00,1,4.812499880790710e-01,5.200999975204468e-01,4.812499880790710e-01,5.000000000000000e-01
7.263193552286181e-01,1.932706632015088e-01,9583,19882,5.466405282428798e-01,-1.246384773304096e-01,0.000000000000000e+00,1.819953829375783e+00,9.824497227356507e-01,5.031242656214345e-03,0.000000000000000e+00,1.306921015565925e+00,5.056841178029886e+00,1,4.814999997615814e-01,5.200999975204468e-01,4.814999997615814e-01,5.000000000000000e-01
7.263449864439037e-01,1.932479877420404e-01,9588,19887,5.466615294983286e-01,-1.241492362781098e-01,0.000000000000000e+00,1.819919710214541e+00,9.824829832785262e-01,5.057745497866366e-03,0.000000000000000e+00,1.306917644319868e+00,5.056862219122261e+00,1,4.817500114440918e-01,5.200999975204468e-01,4.817500114440918e-01,5.000000000000000e-01
7.263706146038531e-01,1.932253149855711e-01,9593,19892,5.466825282503498e-01,-1.236600535451626e-01,0.000000000000000e+00,1.819885595120429e+00,9.825162398566217e-01,5.084245180281116e-03,0.000000000000000e+00,1.306914273475678e+00,5.056883257706462e+00,1,4.819999933242798e-01,5.200999975204468e-01,4.819999933242798e-01,5.000000000000000e-01
7.263962458191389e-01,1.932026395261027e-01,9598,19897,5.467035295057987e-01,-1.231708124928625e-01,0.000000000000000e+00,1.819851475959187e+00,9.825495003994975e-01,5.110748021933158e-03,0.000000000000000e+00,1.306910902229621e+00,5.056904298798837e+00,1,4.822500050067902e-01,5.200999975204468e-01,4.822500050067902e-01,5.000000000000000e-01
7.264218739790883e-01,1.931799667696333e-01,9603,19902,5.467245282578198e-01,-1.226816297599153e-01,0.000000000000000e+00,1.819817360865076e+00,9.825827569775929e-01,5.137247704347906e-03,0.000000000000000e+00,1.306907531385430e+00,5.056925337383036e+00,1,4.824999868869781e-01,5.200999975204468e-01,4.824999868869781e-01,5.000000000000000e-01
7.264475051943740e-01,1.931572913101649e-01,9608,19907,5.467455295132687e-01,-1.221923887076154e-01,0.000000000000000e+00,1.819783241703834e+00,9.826160175204687e-01,5.163750545999936e-03,0.000000000000000e+00,1.306904160139374e+00,5.056946378475413e+00,1,4.827499985694885e-01,5.200999975204468e-01,4.827499985694885e-01,5.000000000000000e-01
7.264731364096595e-01,1.931346158506965e-01,9613,19912,5.467665307687175e-01,-1.217031476553153e-01,0.000000000000000e+00,1.819749122542591e+00,9.826492780633442e-01,5.190253387651970e-03,0.000000000000000e+00,1.306900788893317e+00,5.056967419567786e+00,1,4.830000102519989e-01,5.200999975204468e-01,4.830000102519989e-01,5.000000000000000e-01
7.264987645696088e-01,1.931119430942263e-01,9618,19917,5.467875295207357e-01,-1.212139649223681e-01,0.000000000000000e+00,1.819715007448480e+00,9.826825346414396e-01,5.216753070066726e-03,0.000000000000000e+00,1.306897418049126e+00,5.056988458151986e+00,1,4.832499921321869e-01,5.200999975204468e-01,4.832499921321869e-01,5.000000000000000e-01
7.265243957848946e-01,1.930892676347596e-01,9623,19922,5.468085307761904e-01,-1.207247238700685e-01,0.000000000000000e+00,1.819680888287238e+00,9.827157951843155e-01,5.243255911718730e-03,0.000000000000000e+00,1.306894046803070e+00,5.057009499244361e+00,1,4.835000038146973e-01,5.200999975204468e-01,4.835000038146973e-01,5.000000000000000e-01
7.265500239448440e-01,1.930665948782903e-01,9628,19927,5.468295295282115e-01,-1.202355411371213e-01,0.000000000000000e+00,1.819646773193126e+00,9.827490517624109e-01,5.269755594133485e-03,0.000000000000000e+00,1.306890675958879e+00,5.057030537828561e+00,1,4.837499856948853e-01,5.200999975204468e-01,4.837499856948853e-01,5.000000000000000e-01
7.265756551601298e-01,1.930439194188211e-01,9633,19932,5.468505307836575e-01,-1.197463000848214e-01,0.000000000000000e+00,1.819612654031884e+00,9.827823123052869e-01,5.296258435785515e-03,0.000000000000000e+00,1.306887304712823e+00,5.057051578920937e+00,1,4.839999973773956e-01,5.200999975204468e-01,4.839999973773956e-01,5.000000000000000e-01
7.266012863754154e-01,1.930212439593526e-01,9638,19937,5.468715320391064e-01,-1.192570590325211e-01,0.000000000000000e+00,1.819578534870642e+00,9.828155728481625e-01,5.322761277437562e-03,0.000000000000000e+00,1.306883933466766e+00,5.057072620013313e+00,1,4.842500090599060e-01,5.200999975204468e-01,4.842500090599060e-01,5.000000000000000e-01
7.266269145353650e-01,1.929985712028833e-01,9643,19942,5.468925307911275e-01,-1.187678762995741e-01,0.000000000000000e+00,1.819544419776531e+00,9.828488294262578e-01,5.349260959852305e-03,0.000000000000000e+00,1.306880562622575e+00,5.057093658597513e+00,1,4.844999909400940e-01,5.200999975204468e-01,4.844999909400940e-01,5.000000000000000e-01
7.266525457506505e-01,1.929758957434149e-01,9648,19947,5.469135320465766e-01,-1.182786352472740e-01,0.000000000000000e+00,1.819510300615289e+00,9.828820899691336e-01,5.375763801504340e-03,0.000000000000000e+00,1.306877191376519e+00,5.057114699689888e+00,1,4.847500026226044e-01,5.200999975204468e-01,4.847500026226044e-01,5.000000000000000e-01
7.266781769659362e-01,1.929532202839465e-01,9653,19952,5.469345333020253e-01,-1.177893941949740e-01,0.000000000000000e+00,1.819476181454046e+00,9.829153505120094e-01,5.402266643156374e-03,0.000000000000000e+00,1.306873820130463e+00,5.057135740782263e+00,1,4.850000143051147e-01,5.200999975204468e-01,4.850000143051147e-01,5.000000000000000e-01
7.267038051258856e-01,1.929305475274772e-01,9658,19957,5.469555320540465e-01,-1.173002114620269e-01,0.000000000000000e+00,1.819442066359935e+00,9.829486070901049e-01,5.428766325571118e-03,0.000000000000000e+00,1.306870449286271e+00,5.057156779366462e+00,1,4.852499961853027e-01,5.200999975204468e-01,4.852499961853027e-01,5.000000000000000e-01
7.267294363411714e-01,1.929078720680088e-01,9663,19962,5.469765333094955e-01,-1.168109704097269e-01,0.000000000000000e+00,1.819407947198693e+00,9.829818676329807e-01,5.455269167223154e-03,0.000000000000000e+00,1.306867078040215e+00,5.057177820458838e+00,1,4.855000078678131e-01,5.200999975204468e-01,4.855000078678131e-01,5.000000000000000e-01
7.267550645011208e-01,1.928851993115395e-01,9668,19967,5.469975320615166e-01,-1.163217876767798e-01,0.000000000000000e+00,1.819373832104581e+00,9.830151242110760e-01,5.481768849637896e-03,0.000000000000000e+00,1.306863707196024e+00,5.057198859043037e+00,1,4.857499897480011e-01,5.200999975204468e-01,4.857499897480011e-01,5.000000000000000e-01
7.267806957164064e-01,1.928625238520703e-01,9673,19972,5.470185333169627e-01,-1.158325466244795e-01,0.000000000000000e+00,1.819339712943339e+00,9.830483847539515e-01,5.508271691289944e-03,0.000000000000000e+00,1.306860335949968e+00,5.057219900135413e+00,1,4.860000014305115e-01,5.200999975204468e-01,4.860000014305115e-01,5.000000000000000e-01
7.268063269316920e-01,1.928398483926027e-01,9678,19977,5.470395345724143e-01,-1.153433055721796e-01,0.000000000000000e+00,1.819305593782097e+00,9.830816452968274e-01,5.534774532941973e-03,0.000000000000000e+00,1.306856964703911e+00,5.057240941227788e+00,1,4.862500131130219e-01,5.200999975204468e-01,4.862500131130219e-01,5.000000000000000e-01
7.268319550916414e-01,1.928171756361334e-01,9683,19982,5.470605333244354e-01,-1.148541228392327e-01,0.000000000000000e+00,1.819271478687986e+00,9.831149018749228e-01,5.561274215356709e-03,0.000000000000000e+00,1.306853593859720e+00,5.057261979811988e+00,1,4.864999949932098e-01,5.200999975204468e-01,4.864999949932098e-01,5.000000000000000e-01
7.268575863069272e-01,1.927945001766649e-01,9688,19987,5.470815345798843e-01,-1.143648817869327e-01,0.000000000000000e+00,1.819237359526743e+00,9.831481624177987e-01,5.587777057008745e-03,0.000000000000000e+00,1.306850222613664e+00,5.057283020904364e+00,1,4.867500066757202e-01,5.200999975204468e-01,4.867500066757202e-01,5.000000000000000e-01
7.268832144668766e-01,1.927718274201957e-01,9693,19992,5.471025333319055e-01,-1.138756990539857e-01,0.000000000000000e+00,1.819203244432632e+00,9.831814189958941e-01,5.614276739423482e-03,0.000000000000000e+00,1.306846851769473e+00,5.057304059488563e+00,1,4.869999885559082e-01,5.200999975204468e-01,4.869999885559082e-01,5.000000000000000e-01
7.269088456821624e-01,1.927491519607272e-01,9698,19997,5.471235345873543e-01,-1.133864580016856e-01,0.000000000000000e+00,1.819169125271390e+00,9.832146795387697e-01,5.640779581075523e-03,0.000000000000000e+00,1.306843480523416e+00,5.057325100580939e+00,1,4.872500002384186e-01,5.200999975204468e-01,4.872500002384186e-01,5.000000000000000e-01
7.269344768974479e-01,1.927264765012588e-01,9703,20002,5.471445358428032e-01,-1.128972169493855e-01,0.000000000000000e+00,1.819135006110148e+00,9.832479400816455e-01,5.667282422727559e-03,0.000000000000000e+00,1.306840109277360e+00,5.057346141673314e+00,1,4.875000119209290e-01,5.200999975204468e-01,4.875000119209290e-01,5.000000000000000e-01
7.269601050573975e-01,1.927038037447895e-01,9708,20007,5.471655345948243e-01,-1.124080342164385e-01,0.000000000000000e+00,1.819100891016036e+00,9.832811966597409e-01,5.693782105142301e-03,0.000000000000000e+00,1.306836738433169e+00,5.057367180257513e+00,1,4.877499938011169e-01,5.200999975204468e-01,4.877499938011169e-01,5.000000000000000e-01
7.269857362726831e-01,1.926811282853211e-01,9713,20012,5.471865358502732e-01,-1.119187931641384e-01,0.000000000000000e+00,1.819066771854794e+00,9.833144572026168e-01,5.720284946794336e-03,0.000000000000000e+00,1.306833367187113e+00,5.057388221349889e+00,1,4.880000054836273e-01,5.200999975204468e-01,4.880000054836273e-01,5.000000000000000e-01
7.270113644326326e-01,1.926584555288525e-01,9718,20017,5.472075346022968e-01,-1.114296104311920e-01,0.000000000000000e+00,1.819032656760683e+00,9.833477137807123e-01,5.746784629209054e-03,0.000000000000000e+00,1.306829996342922e+00,5.057409259934088e+00,1,4.882499873638153e-01,5.200999975204468e-01,4.882499873638153e-01,5.000000000000000e-01
7.270369956479183e-01,1.926357800693834e-01,9723,20022,5.472285358577432e-01,-1.109403693788913e-01,0.000000000000000e+00,1.818998537599441e+00,9.833809743235878e-01,5.773287470861115e-03,0.000000000000000e+00,1.306826625096865e+00,5.057430301026464e+00,1,4.884999990463257e-01,5.200999975204468e-01,4.884999990463257e-01,5.000000000000000e-01
7.270626268632039e-01,1.926131046099150e-01,9728,20027,5.472495371131921e-01,-1.104511283265913e-01,0.000000000000000e+00,1.818964418438199e+00,9.834142348664636e-01,5.799790312513150e-03,0.000000000000000e+00,1.306823253850809e+00,5.057451342118840e+00,1,4.887500107288361e-01,5.200999975204468e-01,4.887500107288361e-01,5.000000000000000e-01
7.270882550231533e-01,1.925904318534457e-01,9733,20032,5.472705358652132e-01,-1.099619455936444e-01,0.000000000000000e+00,1.818930303344087e+00,9.834474914445590e-01,5.826289994927886e-03,0.000000000000000e+00,1.306819883006618e+00,5.057472380703040e+00,1,4.889999926090240e-01,5.200999975204468e-01,4.889999926090240e-01,5.000000000000000e-01
7.271138862384390e-01,1.925677563939772e-01,9738,20037,5.472915371206621e-01,-1.094727045413442e-01,0.000000000000000e+00,1.818896184182845e+00,9.834807519874347e-01,5.852792836579928e-03,0.000000000000000e+00,1.306816511760561e+00,5.057493421795416e+00,1,4.892500042915344e-01,5.200999975204468e-01,4.892500042915344e-01,5.000000000000000e-01
7.271395143983885e-01,1.925450836375079e-01,9743,20042,5.473125358726834e-01,-1.089835218083971e-01,0.000000000000000e+00,1.818862069088734e+00,9.835140085655301e-01,5.879292518994676e-03,0.000000000000000e+00,1.306813140916371e+00,5.057514460379613e+00,1,4.894999861717224e-01,5.200999975204468e-01,4.894999861717224e-01,5.000000000000000e-01
7.271651456136742e-01,1.925224081780395e-01,9748,20047,5.473335371281323e-01,-1.084942807560971e-01,0.000000000000000e+00,1.818827949927492e+00,9.835472691084060e-01,5.905795360646705e-03,0.000000000000000e+00,1.306809769670314e+00,5.057535501471990e+00,1,4.897499978542328e-01,5.200999975204468e-01,4.897499978542328e-01,5.000000000000000e-01
7.271907768289598e-01,1.924997327185711e-01,9753,20053,5.473545383835809e-01,-1.080050397037971e-01,0.000000000000000e+00,1.818793830766249e+00,9.835805296512816e-01,5.932298202298742e-03,0.000000000000000e+00,1.306806398424258e+00,5.057556542564365e+00,1,4.900000095367432e-01,5.200999975204468e-01,4.900000095367432e-01,5.000000000000000e-01
7.272092656955330e-01,1.926145081287671e-01,9758,20058,5.479399241265046e-01,-1.069299411137496e-01,0.000000000000000e+00,1.818773947788171e+00,9.836021379778741e-01,5.957820665504415e-03,0.000000000000000e+00,1.306797834294929e+00,5.057547995004985e+00,1,4.902499914169312e-01,5.200999975204468e-01,4.902499914169312e-01,5.000000000000000e-01
7.272277570386947e-01,1.927292919782135e-01,9763,20063,5.485253581249443e-01,-1.058547367070210e-01,0.000000000000000e+00,1.818754061896690e+00,9.836237493249804e-01,5.983346208729022e-03,0.000000000000000e+00,1.306789269342741e+00,5.057539447555378e+00,1,4.905000030994415e-01,5.200999975204468e-01,4.905000030994415e-01,5.000000000000000e-01
7.272462483818566e-01,1.928440758276598e-01,9768,20068,5.491107921233840e-01,-1.047795323002925e-01,0.000000000000000e+00,1.818734176005208e+00,9.836453606720864e-01,6.008871751953628e-03,0.000000000000000e+00,1.306780704390553e+00,5.057530900105771e+00,1,4.907500147819519e-01,5.200999975204468e-01,4.907500147819519e-01,5.000000000000000e-01
7.272647375207816e-01,1.929588459944444e-01,9773,20073,5.496961563359133e-01,-1.037044560619285e-01,0.000000000000000e+00,1.818714292484199e+00,9.836669694430396e-01,6.034394252438536e-03,0.000000000000000e+00,1.306772140459339e+00,5.057522353675052e+00,1,4.909999966621399e-01,5.200999975204468e-01,4.909999966621399e-01,5.000000000000000e-01
7.272832288639435e-01,1.930736298438907e-01,9778,20078,5.502815903343526e-01,-1.026292516552002e-01,0.000000000000000e+00,1.818694406592718e+00,9.836885807901461e-01,6.059919795663136e-03,0.000000000000000e+00,1.306763575507151e+00,5.057513806225445e+00,1,4.912500083446503e-01,5.200999975204468e-01,4.912500083446503e-01,5.000000000000000e-01
7.273017180028685e-01,1.931884000106753e-01,9783,20083,5.508669545468823e-01,-1.015541754168360e-01,0.000000000000000e+00,1.818674523071710e+00,9.837101895610993e-01,6.085442296148051e-03,0.000000000000000e+00,1.306755011575938e+00,5.057505259794726e+00,1,4.914999902248383e-01,5.200999975204468e-01,4.914999902248383e-01,5.000000000000000e-01
7.273202093460304e-01,1.933031838601224e-01,9788,20088,5.514523885453241e-01,-1.004789710101081e-01,0.000000000000000e+00,1.818654637180228e+00,9.837318009082054e-01,6.110967839372638e-03,0.000000000000000e+00,1.306746446623750e+00,5.057496712345119e+00,1,4.917500019073486e-01,5.200999975204468e-01,4.917500019073486e-01,5.000000000000000e-01
7.273387006891922e-01,1.934179677095687e-01,9793,20093,5.520378225437632e-01,-9.940376660338002e-02,0.000000000000000e+00,1.818634751288747e+00,9.837534122553117e-01,6.136493382597234e-03,0.000000000000000e+00,1.306737881671562e+00,5.057488164895511e+00,1,4.920000135898590e-01,5.200999975204468e-01,4.920000135898590e-01,5.000000000000000e-01
7.273571898281170e-01,1.935327378763525e-01,9798,20098,5.526231867562905e-01,-9.832869036501524e-02,0.000000000000000e+00,1.818614867767738e+00,9.837750210262648e-01,6.162015883082166e-03,0.000000000000000e+00,1.306729317740348e+00,5.057479618464792e+00,1,4.922499954700470e-01,5.200999975204468e-01,4.922499954700470e-01,5.000000000000000e-01
7.273756811712789e-01,1.936475217257989e-01,9803,20103,5.532086207547301e-01,-9.725348595828694e-02,0.000000000000000e+00,1.818594981876257e+00,9.837966323733711e-01,6.187541426306767e-03,0.000000000000000e+00,1.306720752788160e+00,5.057471071015184e+00,1,4.925000071525574e-01,5.200999975204468e-01,4.925000071525574e-01,5.000000000000000e-01
7.273941703102038e-01,1.937622918925835e-01,9808,20108,5.537939849672596e-01,-9.617840971992277e-02,0.000000000000000e+00,1.818575098355248e+00,9.838182411443244e-01,6.213063926791682e-03,0.000000000000000e+00,1.306712188856947e+00,5.057462524584466e+00,1,4.927499890327454e-01,5.200999975204468e-01,4.927499890327454e-01,5.000000000000000e-01
7.274126616533656e-01,1.938770757420298e-01,9813,20113,5.543794189656991e-01,-9.510320531319422e-02,0.000000000000000e+00,1.818555212463767e+00,9.838398524914304e-01,6.238589470016287e-03,0.000000000000000e+00,1.306703623904758e+00,5.057453977134858e+00,1,4.930000007152557e-01,5.200999975204468e-01,4.930000007152557e-01,5.000000000000000e-01
7.274311529965275e-01,1.939918595914761e-01,9818,20118,5.549648529641387e-01,-9.402800090646565e-02,0.000000000000000e+00,1.818535326572285e+00,9.838614638385368e-01,6.264115013240893e-03,0.000000000000000e+00,1.306695058952571e+00,5.057445429685251e+00,1,4.932500123977661e-01,5.200999975204468e-01,4.932500123977661e-01,5.000000000000000e-01
7.274496421354524e-01,1.941066297582607e-01,9823,20123,5.555502171766681e-01,-9.295292466810172e-02,0.000000000000000e+00,1.818515443051276e+00,9.838830726094900e-01,6.289637513725802e-03,0.000000000000000e+00,1.306686495021357e+00,5.057436883254532e+00,1,4.934999942779541e-01,5.200999975204468e-01,4.934999942779541e-01,5.000000000000000e-01
7.274681334786143e-01,1.942214136077070e-01,9828,20128,5.561356511751074e-01,-9.187772026137365e-02,0.000000000000000e+00,1.818495557159795e+00,9.839046839565961e-01,6.315163056950397e-03,0.000000000000000e+00,1.306677930069169e+00,5.057428335804925e+00,1,4.937500059604645e-01,5.200999975204468e-01,4.937500059604645e-01,5.000000000000000e-01
7.274866226175393e-01,1.943361837744915e-01,9833,20133,5.567210153876367e-01,-9.080264402300996e-02,0.000000000000000e+00,1.818475673638786e+00,9.839262927275494e-01,6.340685557435300e-03,0.000000000000000e+00,1.306669366137955e+00,5.057419789374205e+00,1,4.939999878406525e-01,5.200999975204468e-01,4.939999878406525e-01,5.000000000000000e-01
7.275051139607012e-01,1.944509676239386e-01,9838,20138,5.573064493860787e-01,-8.972743961628163e-02,0.000000000000000e+00,1.818455787747305e+00,9.839479040746557e-01,6.366211100659894e-03,0.000000000000000e+00,1.306660801185767e+00,5.057411241924600e+00,1,4.942499995231628e-01,5.200999975204468e-01,4.942499995231628e-01,5.000000000000000e-01
7.275236053038630e-01,1.945657514733849e-01,9843,20143,5.578918833845181e-01,-8.865223520955329e-02,0.000000000000000e+00,1.818435901855824e+00,9.839695154217618e-01,6.391736643884494e-03,0.000000000000000e+00,1.306652236233579e+00,5.057402694474991e+00,1,4.945000112056732e-01,5.200999975204468e-01,4.945000112056732e-01,5.000000000000000e-01
7.275420944427878e-01,1.946805216401688e-01,9848,20148,5.584772475970452e-01,-8.757715897118870e-02,0.000000000000000e+00,1.818416018334815e+00,9.839911241927151e-01,6.417259144369426e-03,0.000000000000000e+00,1.306643672302365e+00,5.057394148044272e+00,1,4.947499930858612e-01,5.200999975204468e-01,4.947499930858612e-01,5.000000000000000e-01
7.275605857859495e-01,1.947953054896152e-01,9853,20153,5.590626815954847e-01,-8.650195456446039e-02,0.000000000000000e+00,1.818396132443334e+00,9.840127355398213e-01,6.442784687594027e-03,0.000000000000000e+00,1.306635107350177e+00,5.057385600594666e+00,1,4.950000047683716e-01,5.200999975204468e-01,4.950000047683716e-01,5.000000000000000e-01
7.275790749248745e-01,1.949100756563997e-01,9858,20158,5.596480458080142e-01,-8.542687832609620e-02,0.000000000000000e+00,1.818376248922325e+00,9.840343443107744e-01,6.468307188078941e-03,0.000000000000000e+00,1.306626543418963e+00,5.057377054163945e+00,1,4.952499866485596e-01,5.200999975204468e-01,4.952499866485596e-01,5.000000000000000e-01
7.275975662680365e-01,1.950248595058461e-01,9863,20163,5.602334798064538e-01,-8.435167391936789e-02,0.000000000000000e+00,1.818356363030843e+00,9.840559556578807e-01,6.493832731303542e-03,0.000000000000000e+00,1.306617978466776e+00,5.057368506714339e+00,1,4.954999983310699e-01,5.200999975204468e-01,4.954999983310699e-01,5.000000000000000e-01
7.276160576111982e-01,1.951396433552924e-01,9868,20168,5.608189138048931e-01,-8.327646951263983e-02,0.000000000000000e+00,1.818336477139362e+00,9.840775670049868e-01,6.519358274528137e-03,0.000000000000000e+00,1.306609413514587e+00,5.057359959264732e+00,1,4.957500100135803e-01,5.200999975204468e-01,4.957500100135803e-01,5.000000000000000e-01
7.276345467501233e-01,1.952544135220770e-01,9873,20173,5.614042780174227e-01,-8.220139327427542e-02,0.000000000000000e+00,1.818316593618353e+00,9.840991757759402e-01,6.544880775013057e-03,0.000000000000000e+00,1.306600849583374e+00,5.057351412834013e+00,1,4.959999918937683e-01,5.200999975204468e-01,4.959999918937683e-01,5.000000000000000e-01
7.276530380932851e-01,1.953691973715226e-01,9878,20178,5.619897120158597e-01,-8.112618886754702e-02,0.000000000000000e+00,1.818296707726872e+00,9.841207871230462e-01,6.570406318237670e-03,0.000000000000000e+00,1.306592284631186e+00,5.057342865384405e+00,1,4.962500035762787e-01,5.200999975204468e-01,4.962500035762787e-01,5.000000000000000e-01
7.276715272322101e-01,1.954839675383072e-01,9883,20183,5.625750762283893e-01,-8.005111262918263e-02,0.000000000000000e+00,1.818276824205863e+00,9.841423958939997e-01,6.595928818722591e-03,0.000000000000000e+00,1.306583720699972e+00,5.057334318953686e+00,1,4.964999854564667e-01,5.200999975204468e-01,4.964999854564667e-01,5.000000000000000e-01
7.276900185753719e-01,1.955987513877535e-01,9888,20188,5.631605102268286e-01,-7.897590822245458e-02,0.000000000000000e+00,1.818256938314382e+00,9.841640072411055e-01,6.621454361947185e-03,0.000000000000000e+00,1.306575155747784e+00,5.057325771504079e+00,1,4.967499971389771e-01,5.200999975204468e-01,4.967499971389771e-01,5.000000000000000e-01
7.277085099185336e-01,1.957135352372006e-01,9893,20193,5.637459442252706e-01,-7.790070381572631e-02,0.000000000000000e+00,1.818237052422901e+00,9.841856185882121e-01,6.646979905171772e-03,0.000000000000000e+00,1.306566590795596e+00,5.057317224054472e+00,1,4.970000088214874e-01,5.200999975204468e-01,4.970000088214874e-01,5.000000000000000e-01
7.277269990574586e-01,1.958283054039851e-01,9898,20198,5.643313084378001e-01,-7.682562757736214e-02,0.000000000000000e+00,1.818217168901892e+00,9.842072273591652e-01,6.672502405656687e-03,0.000000000000000e+00,1.306558026864383e+00,5.057308677623753e+00,1,4.972499907016754e-01,5.200999975204468e-01,4.972499907016754e-01,5.000000000000000e-01
7.277454904006205e-01,1.959430892534315e-01,9903,20203,5.649167424362395e-01,-7.575042317063382e-02,0.000000000000000e+00,1.818197283010410e+00,9.842288387062713e-01,6.698027948881287e-03,0.000000000000000e+00,1.306549461912194e+00,5.057300130174146e+00,1,4.975000023841858e-01,5.200999975204468e-01,4.975000023841858e-01,5.000000000000000e-01
7.277639817437823e-01,1.960578731028778e-01,9908,20208,5.655021764346788e-01,-7.467521876390551e-02,0.000000000000000e+00,1.818177397118929e+00,9.842504500533775e-01,6.723553492105887e-03,0.000000000000000e+00,1.306540896960006e+00,5.057291582724538e+00,1,4.977500140666962e-01,5.200999975204468e-01,4.977500140666962e-01,5.000000000000000e-01
7.277824708827074e-01,1.961726432696624e-01,9913,20213,5.660875406472083e-01,-7.360014252554133e-02,0.000000000000000e+00,1.818157513597920e+00,9.842720588243310e-01,6.749075992590801e-03,0.000000000000000e+00,1.306532333028793e+00,5.057283036293819e+00,1,4.979999959468842e-01,5.200999975204468e-01,4.979999959468842e-01,5.000000000000000e-01
7.278009622258692e-01,1.962874271191087e-01,9918,20218,5.666729746456478e-01,-7.252493811881303e-02,0.000000000000000e+00,1.818137627706439e+00,9.842936701714371e-01,6.774601535815401e-03,0.000000000000000e+00,1.306523768076605e+00,5.057274488844213e+00,1,4.982500076293945e-01,5.200999975204468e-01,4.982500076293945e-01,5.000000000000000e-01
7.278194513647941e-01,1.964021972858933e-01,9923,20223,5.672583388581773e-01,-7.144986188044886e-02,0.000000000000000e+00,1.818117744185430e+00,9.843152789423903e-01,6.800124036300317e-03,0.000000000000000e+00,1.306515204145391e+00,5.057265942413493e+00,1,4.984999895095825e-01,5.200999975204468e-01,4.984999895095825e-01,5.000000000000000e-01
7.278379427079560e-01,1.965169811353396e-01,9928,20228,5.678437728566168e-01,-7.037465747372056e-02,0.000000000000000e+00,1.818097858293949e+00,9.843368902894967e-01,6.825649579524917e-03,0.000000000000000e+00,1.306506639193203e+00,5.057257394963885e+00,1,4.987500011920929e-01,5.200999975204468e-01,4.987500011920929e-01,5.000000000000000e-01
7.278564340511178e-01,1.966317649847859e-01,9933,20233,5.684292068550563e-01,-6.929945306699224e-02,0.000000000000000e+00,1.818077972402468e+00,9.843585016366028e-01,6.851175122749517e-03,0.000000000000000e+00,1.306498074241015e+00,5.057248847514279e+00,1,4.990000128746033e-01,5.200999975204468e-01,4.990000128746033e-01,5.000000000000000e-01
7.278749231900427e-01,1.967465351515705e-01,9938,20238,5.690145710675858e-01,-6.822437682862806e-02,0.000000000000000e+00,1.818058088881459e+00,9.843801104075559e-01,6.876697623234432e-03,0.000000000000000e+00,1.306489510309802e+00,5.057240301083560e+00,1,4.992499947547913e-01,5.200999975204468e-01,4.992499947547913e-01,5.000000000000000e-01
7.278934145332046e-01,1.968613190010168e-01,9943,20243,5.696000050660253e-01,-6.714917242189974e-02,0.000000000000000e+00,1.818038202989977e+00,9.844017217546621e-01,6.902223166459031e-03,0.000000000000000e+00,1.306480945357613e+00,5.057231753633951e+00,1,4.995000064373016e-01,5.200999975204468e-01,4.995000064373016e-01,5.000000000000000e-01
7.279119036721295e-01,1.969760891678014e-01,9948,20248,5.701853692785548e-01,-6.607409618353557e-02,0.000000000000000e+00,1.818018319468969e+00,9.844233305256156e-01,6.927745666943947e-03,0.000000000000000e+00,1.306472381426400e+00,5.057223207203233e+00,1,4.997499883174896e-01,5.200999975204468e-01,4.997499883174896e-01,5.000000000000000e-01
7.279303950152913e-01,1.970908730172485e-01,9953,20254,5.707708032769968e-01,-6.499889177680708e-02,0.000000000000000e+00,1.817998433577487e+00,9.844449418727216e-01,6.953271210168534e-03,0.000000000000000e+00,1.306463816474212e+00,5.057214659753626e+00,1,5.000000000000000e-01,5.200999975204468e-01,5.000000000000000e-01,5.000000000000000e-01
7.279424553574957e-01,1.967552185440665e-01,9958,20259,5.695771414021350e-01,-6.486508571290693e-02,0.000000000000000e+00,1.817985820008143e+00,9.844573112427246e-01,6.978911092012642e-03,0.000000000000000e+00,1.306453882163220e+00,5.057192271128728e+00,1,5.002499818801880e-01,5.200999975204468e-01,5.002499818801880e-01,5.000000000000000e-01
7.279545185753183e-01,1.964194840388227e-01,9963,20264,5.683831949154817e-01,-6.473124774484236e-02,0.000000000000000e+00,1.817973203431272e+00,9.844696835620289e-01,7.004557087324019e-03,0.000000000000000e+00,1.306443945483533e+00,5.057169877165578e+00,1,5.005000233650208e-01,5.200999975204468e-01,5.005000233650208e-01,5.000000000000000e-01
7.279665789175228e-01,1.960838295656429e-01,9968,20269,5.671895330406278e-01,-6.459744168094163e-02,0.000000000000000e+00,1.817960589861928e+00,9.844820529320319e-01,7.030196969168090e-03,0.000000000000000e+00,1.306434011172542e+00,5.057147488540679e+00,1,5.007500052452087e-01,5.200999975204468e-01,5.007500052452087e-01,5.000000000000000e-01
7.279786392597272e-01,1.957481750924616e-01,9973,20274,5.659958711657685e-01,-6.446363561704130e-02,0.000000000000000e+00,1.817947976292584e+00,9.844944223020351e-01,7.055836851012184e-03,0.000000000000000e+00,1.306424076861551e+00,5.057125099915779e+00,1,5.009999871253967e-01,5.200999975204468e-01,5.009999871253967e-01,5.000000000000000e-01
7.279907024775497e-01,1.954124405872179e-01,9978,20279,5.648019246791154e-01,-6.432979764897676e-02,0.000000000000000e+00,1.817935359715712e+00,9.845067946213397e-01,7.081482846323562e-03,0.000000000000000e+00,1.306414140181865e+00,5.057102705952629e+00,1,5.012500286102295e-01,5.200999975204468e-01,5.012500286102295e-01,5.000000000000000e-01
7.280027628197543e-01,1.950767861140381e-01,9983,20284,5.636082628042615e-01,-6.419599158507597e-02,0.000000000000000e+00,1.817922746146369e+00,9.845191639913428e-01,7.107122728167632e-03,0.000000000000000e+00,1.306404205870874e+00,5.057080317327732e+00,1,5.015000104904175e-01,5.200999975204468e-01,5.015000104904175e-01,5.000000000000000e-01
7.280148231619589e-01,1.947411316408575e-01,9988,20289,5.624146009294047e-01,-6.406218552117543e-02,0.000000000000000e+00,1.817910132577025e+00,9.845315333613457e-01,7.132762610011714e-03,0.000000000000000e+00,1.306394271559882e+00,5.057057928702832e+00,1,5.017499923706055e-01,5.200999975204468e-01,5.017499923706055e-01,5.000000000000000e-01
7.280268835041633e-01,1.944054771676771e-01,9993,20294,5.612209390545486e-01,-6.392837945727495e-02,0.000000000000000e+00,1.817897519007681e+00,9.845439027313488e-01,7.158402491855784e-03,0.000000000000000e+00,1.306384337248891e+00,5.057035540077933e+00,1,5.019999742507935e-01,5.200999975204468e-01,5.019999742507935e-01,5.000000000000000e-01
7.280389467219858e-01,1.940697426624332e-01,9998,20299,5.600269925678949e-01,-6.379454148921031e-02,0.000000000000000e+00,1.817884902430809e+00,9.845562750506532e-01,7.184048487167174e-03,0.000000000000000e+00,1.306374400569204e+00,5.057013146114782e+00,1,5.022500157356262e-01,5.200999975204468e-01,5.022500157356262e-01,5.000000000000000e-01
7.280510070641903e-01,1.937340881892526e-01,10003,20304,5.588333306930383e-01,-6.366073542530977e-02,0.000000000000000e+00,1.817872288861465e+00,9.845686444206562e-01,7.209688369011256e-03,0.000000000000000e+00,1.306364466258214e+00,5.056990757489885e+00,1,5.024999976158142e-01,5.200999975204468e-01,5.024999976158142e-01,5.000000000000000e-01
7.280630674063947e-01,1.933984337160721e-01,10008,20309,5.576396688181817e-01,-6.352692936140922e-02,0.000000000000000e+00,1.817859675292121e+00,9.845810137906594e-01,7.235328250855338e-03,0.000000000000000e+00,1.306354531947222e+00,5.056968368864986e+00,1,5.027499794960022e-01,5.200999975204468e-01,5.027499794960022e-01,5.000000000000000e-01
7.280751306242171e-01,1.930626992108283e-01,10013,20314,5.564457223315283e-01,-6.339309139334465e-02,0.000000000000000e+00,1.817847058715250e+00,9.845933861099636e-01,7.260974246166716e-03,0.000000000000000e+00,1.306344595267535e+00,5.056945974901835e+00,1,5.030000209808350e-01,5.200999975204468e-01,5.030000209808350e-01,5.000000000000000e-01
7.280871909664216e-01,1.927270447376470e-01,10018,20319,5.552520604566693e-01,-6.325928532944444e-02,0.000000000000000e+00,1.817834445145906e+00,9.846057554799666e-01,7.286614128010809e-03,0.000000000000000e+00,1.306334660956544e+00,5.056923586276936e+00,1,5.032500028610229e-01,5.200999975204468e-01,5.032500028610229e-01,5.000000000000000e-01
7.280992513086262e-01,1.923913902644665e-01,10023,20324,5.540583985818126e-01,-6.312547926554392e-02,0.000000000000000e+00,1.817821831576562e+00,9.846181248499697e-01,7.312254009854892e-03,0.000000000000000e+00,1.306324726645553e+00,5.056901197652038e+00,1,5.034999847412109e-01,5.200999975204468e-01,5.034999847412109e-01,5.000000000000000e-01
7.281113145264487e-01,1.920556557592227e-01,10028,20329,5.528644520951596e-01,-6.299164129747938e-02,0.000000000000000e+00,1.817809214999691e+00,9.846304971692743e-01,7.337900005166272e-03,0.000000000000000e+00,1.306314789965866e+00,5.056878803688886e+00,1,5.037500262260437e-01,5.200999975204468e-01,5.037500262260437e-01,5.000000000000000e-01
7.281233748686532e-01,1.917200012860429e-01,10033,20334,5.516707902203054e-01,-6.285783523357846e-02,0.000000000000000e+00,1.817796601430347e+00,9.846428665392774e-01,7.363539887010342e-03,0.000000000000000e+00,1.306304855654876e+00,5.056856415063989e+00,1,5.040000081062317e-01,5.200999975204468e-01,5.040000081062317e-01,5.000000000000000e-01
7.281354352108578e-01,1.913843468128632e-01,10038,20339,5.504771283454518e-01,-6.272402916967759e-02,0.000000000000000e+00,1.817783987861003e+00,9.846552359092806e-01,7.389179768854399e-03,0.000000000000000e+00,1.306294921343885e+00,5.056834026439091e+00,1,5.042499899864197e-01,5.200999975204468e-01,5.042499899864197e-01,5.000000000000000e-01
7.281474955530622e-01,1.910486923396819e-01,10043,20344,5.492834664705922e-01,-6.259022310577737e-02,0.000000000000000e+00,1.817771374291659e+00,9.846676052792835e-01,7.414819650698504e-03,0.000000000000000e+00,1.306284987032893e+00,5.056811637814191e+00,1,5.044999718666077e-01,5.200999975204468e-01,5.044999718666077e-01,5.000000000000000e-01
7.281595587708846e-01,1.907129578344380e-01,10048,20349,5.480895199839390e-01,-6.245638513771280e-02,0.000000000000000e+00,1.817758757714787e+00,9.846799775985877e-01,7.440465646009883e-03,0.000000000000000e+00,1.306275050353206e+00,5.056789243851041e+00,1,5.047500133514404e-01,5.200999975204468e-01,5.047500133514404e-01,5.000000000000000e-01
7.281716191130891e-01,1.903773033612575e-01,10053,20354,5.468958581090824e-01,-6.232257907381226e-02,0.000000000000000e+00,1.817746144145443e+00,9.846923469685909e-01,7.466105527853966e-03,0.000000000000000e+00,1.306265116042215e+00,5.056766855226142e+00,1,5.049999952316284e-01,5.200999975204468e-01,5.049999952316284e-01,5.000000000000000e-01
7.281836794552936e-01,1.900416488880770e-01,10058,20359,5.457021962342257e-01,-6.218877300991171e-02,0.000000000000000e+00,1.817733530576099e+00,9.847047163385938e-01,7.491745409698047e-03,0.000000000000000e+00,1.306255181731224e+00,5.056744466601243e+00,1,5.052499771118164e-01,5.200999975204468e-01,5.052499771118164e-01,5.000000000000000e-01
7.281957426731162e-01,1.897059143828332e-01,10063,20364,5.445082497475726e-01,-6.205493504184716e-02,0.000000000000000e+00,1.817720913999228e+00,9.847170886578984e-01,7.517391405009426e-03,0.000000000000000e+00,1.306245245051537e+00,5.056722072638093e+00,1,5.055000185966492e-01,5.200999975204468e-01,5.055000185966492e-01,5.000000000000000e-01
7.282078030153207e-01,1.893702599096533e-01,10068,20369,5.433145878727184e-01,-6.192112897794616e-02,0.000000000000000e+00,1.817708300429884e+00,9.847294580279015e-01,7.543031286853496e-03,0.000000000000000e+00,1.306235310740546e+00,5.056699684013195e+00,1,5.057500004768372e-01,5.200999975204468e-01,5.057500004768372e-01,5.000000000000000e-01
7.282198633575252e-01,1.890346054364721e-01,10073,20374,5.421209259978594e-01,-6.178732291404607e-02,0.000000000000000e+00,1.817695686860540e+00,9.847418273979046e-01,7.568671168697590e-03,0.000000000000000e+00,1.306225376429555e+00,5.056677295388296e+00,1,5.059999823570251e-01,5.200999975204468e-01,5.059999823570251e-01,5.000000000000000e-01
7.282319265753475e-01,1.886988709312283e-01,10078,20379,5.409269795112062e-01,-6.165348494598151e-02,0.000000000000000e+00,1.817683070283669e+00,9.847541997172089e-01,7.594317164008968e-03,0.000000000000000e+00,1.306215439749868e+00,5.056654901425146e+00,1,5.062500238418579e-01,5.200999975204468e-01,5.062500238418579e-01,5.000000000000000e-01
7.282439869175521e-01,1.883632164580477e-01,10083,20384,5.397333176363495e-01,-6.151967888208095e-02,0.000000000000000e+00,1.817670456714324e+00,9.847665690872117e-01,7.619957045853050e-03,0.000000000000000e+00,1.306205505438877e+00,5.056632512800247e+00,1,5.065000057220459e-01,5.200999975204468e-01,5.065000057220459e-01,5.000000000000000e-01
7.282560472597566e-01,1.880275619848672e-01,10088,20389,5.385396557614929e-01,-6.138587281818042e-02,0.000000000000000e+00,1.817657843144981e+00,9.847789384572152e-01,7.645596927697132e-03,0.000000000000000e+00,1.306195571127886e+00,5.056610124175348e+00,1,5.067499876022339e-01,5.200999975204468e-01,5.067499876022339e-01,5.000000000000000e-01
7.282681104775790e-01,1.876918274796234e-01,10093,20394,5.373457092748397e-01,-6.125203485011584e-02,0.000000000000000e+00,1.817645226568109e+00,9.847913107765193e-01,7.671242923008510e-03,0.000000000000000e+00,1.306185634448199e+00,5.056587730212198e+00,1,5.070000290870667e-01,5.200999975204468e-01,5.070000290870667e-01,5.000000000000000e-01
7.282801708197837e-01,1.873561730064429e-01,10098,20399,5.361520473999831e-01,-6.111822878621531e-02,0.000000000000000e+00,1.817632612998765e+00,9.848036801465225e-01,7.696882804852594e-03,0.000000000000000e+00,1.306175700137208e+00,5.056565341587300e+00,1,5.072500109672546e-01,5.200999975204468e-01,5.072500109672546e-01,5.000000000000000e-01
7.282922311619879e-01,1.870205185332625e-01,10103,20404,5.349583855251270e-01,-6.098442272231482e-02,0.000000000000000e+00,1.817619999429421e+00,9.848160495165255e-01,7.722522686696662e-03,0.000000000000000e+00,1.306165765826217e+00,5.056542952962401e+00,1,5.074999928474426e-01,5.200999975204468e-01,5.074999928474426e-01,5.000000000000000e-01
7.283042915041925e-01,1.866848640600818e-01,10108,20409,5.337647236502698e-01,-6.085061665841421e-02,0.000000000000000e+00,1.817607385860077e+00,9.848284188865285e-01,7.748162568540756e-03,0.000000000000000e+00,1.306155831515226e+00,5.056520564337501e+00,1,5.077499747276306e-01,5.200999975204468e-01,5.077499747276306e-01,5.000000000000000e-01
7.283163547220151e-01,1.863491295548380e-01,10113,20414,5.325707771636167e-01,-6.071677869034965e-02,0.000000000000000e+00,1.817594769283206e+00,9.848407912058330e-01,7.773808563852134e-03,0.000000000000000e+00,1.306145894835539e+00,5.056498170374352e+00,1,5.080000162124634e-01,5.200999975204468e-01,5.080000162124634e-01,5.000000000000000e-01
7.283284150642195e-01,1.860134750816575e-01,10118,20419,5.313771152887600e-01,-6.058297262644910e-02,0.000000000000000e+00,1.817582155713862e+00,9.848531605758359e-01,7.799448445696217e-03,0.000000000000000e+00,1.306135960524548e+00,5.056475781749453e+00,1,5.082499980926514e-01,5.200999975204468e-01,5.082499980926514e-01,5.000000000000000e-01
7.283404754064241e-01,1.856778206084770e-01,10123,20424,5.301834534139034e-01,-6.044916656254856e-02,0.000000000000000e+00,1.817569542144518e+00,9.848655299458391e-01,7.825088327540300e-03,0.000000000000000e+00,1.306126026213557e+00,5.056453393124554e+00,1,5.084999799728394e-01,5.200999975204468e-01,5.084999799728394e-01,5.000000000000000e-01
7.283525386242465e-01,1.853420861032332e-01,10128,20429,5.289895069272502e-01,-6.031532859448400e-02,0.000000000000000e+00,1.817556925567646e+00,9.848779022651435e-01,7.850734322851678e-03,0.000000000000000e+00,1.306116089533870e+00,5.056430999161404e+00,1,5.087500214576721e-01,5.200999975204468e-01,5.087500214576721e-01,5.000000000000000e-01
7.283645989664510e-01,1.850064316300526e-01,10133,20434,5.277958450523936e-01,-6.018152253058345e-02,0.000000000000000e+00,1.817544311998303e+00,9.848902716351464e-01,7.876374204695759e-03,0.000000000000000e+00,1.306106155222879e+00,5.056408610536505e+00,1,5.090000033378601e-01,5.200999975204468e-01,5.090000033378601e-01,5.000000000000000e-01
7.283766593086556e-01,1.846707771568721e-01,10138,20439,5.266021831775369e-01,-6.004771646668292e-02,0.000000000000000e+00,1.817531698428959e+00,9.849026410051497e-01,7.902014086539840e-03,0.000000000000000e+00,1.306096220911888e+00,5.056386221911606e+00,1,5.092499852180481e-01,5.200999975204468e-01,5.092499852180481e-01,5.000000000000000e-01
7.283887225264780e-01,1.843350426516283e-01,10143,20444,5.254082366908838e-01,-5.991387849861835e-02,0.000000000000000e+00,1.817519081852087e+00,9.849150133244540e-01,7.927660081851220e-03,0.000000000000000e+00,1.306086284232201e+00,5.056363827948456e+00,1,5.095000267028809e-01,5.200999975204468e-01,5.095000267028809e-01,5.000000000000000e-01
7.284007828686826e-01,1.839993881784478e-01,10148,20449,5.242145748160272e-01,-5.978007243471781e-02,0.000000000000000e+00,1.817506468282744e+00,9.849273826944570e-01,7.953299963695301e-03,0.000000000000000e+00,1.306076349921210e+00,5.056341439323558e+00,1,5.097500085830688e-01,5.200999975204468e-01,5.097500085830688e-01,5.000000000000000e-01
7.284128432108870e-01,1.836637337052672e-01,10153,20455,5.230209129411706e-01,-5.964626637081726e-02,0.000000000000000e+00,1.817493854713399e+00,9.849397520644602e-01,7.978939845539382e-03,0.000000000000000e+00,1.306066415610219e+00,5.056319050698660e+00,1,5.099999904632568e-01,5.200999975204468e-01,5.099999904632568e-01,5.000000000000000e-01
7.284194075194943e-01,1.832876578667164e-01,10158,20460,5.217616314868412e-01,-5.918182734931503e-02,0.000000000000000e+00,1.817476647488922e+00,9.849482180704000e-01,8.002148346400837e-03,0.000000000000000e+00,1.306065851763698e+00,5.056325629232682e+00,1,5.102499723434448e-01,5.200999975204468e-01,5.102499723434448e-01,5.000000000000000e-01
7.284259731835381e-01,1.829114908157081e-01,10163,20465,5.205020472705921e-01,-5.871726497184544e-02,0.000000000000000e+00,1.817459435986330e+00,9.849566859459856e-01,8.025362288218971e-03,0.000000000000000e+00,1.306065288140316e+00,5.056332210440658e+00,1,5.105000138282776e-01,5.200999975204468e-01,5.105000138282776e-01,5.000000000000000e-01
7.284325372824650e-01,1.825354134350331e-01,10168,20470,5.192427633127946e-01,-5.825281333630181e-02,0.000000000000000e+00,1.817442228586598e+00,9.849651518030071e-01,8.048570696320362e-03,0.000000000000000e+00,1.306064724651290e+00,5.056338790079813e+00,1,5.107499957084656e-01,5.200999975204468e-01,5.107499957084656e-01,5.000000000000000e-01
7.284391013813922e-01,1.821593360543597e-01,10173,20475,5.179834793550029e-01,-5.778836170075728e-02,0.000000000000000e+00,1.817425021186867e+00,9.849736176600290e-01,8.071779104421712e-03,0.000000000000000e+00,1.306064161162264e+00,5.056345369718967e+00,1,5.109999775886536e-01,5.200999975204468e-01,5.109999775886536e-01,5.000000000000000e-01
7.284456670454360e-01,1.817831690033514e-01,10178,20480,5.167238951387534e-01,-5.732379932328750e-02,0.000000000000000e+00,1.817407809684276e+00,9.849820855356147e-01,8.094993046239854e-03,0.000000000000000e+00,1.306063597538882e+00,5.056351950926944e+00,1,5.112500190734863e-01,5.200999975204468e-01,5.112500190734863e-01,5.000000000000000e-01
7.284522311443630e-01,1.814070916226773e-01,10183,20485,5.154646111809593e-01,-5.685934768774363e-02,0.000000000000000e+00,1.817390602284545e+00,9.849905513926366e-01,8.118201454341216e-03,0.000000000000000e+00,1.306063034049855e+00,5.056358530566099e+00,1,5.115000009536743e-01,5.200999975204468e-01,5.115000009536743e-01,5.000000000000000e-01
7.284587952432903e-01,1.810310142420037e-01,10188,20490,5.142053272231669e-01,-5.639489605219890e-02,0.000000000000000e+00,1.817373394884813e+00,9.849990172496583e-01,8.141409862442576e-03,0.000000000000000e+00,1.306062470560829e+00,5.056365110205253e+00,1,5.117499828338623e-01,5.200999975204468e-01,5.117499828338623e-01,5.000000000000000e-01
7.284653609073339e-01,1.806548471909949e-01,10193,20495,5.129457430069158e-01,-5.593033367472995e-02,0.000000000000000e+00,1.817356183382222e+00,9.850074851252438e-01,8.164623804260718e-03,0.000000000000000e+00,1.306061906937447e+00,5.056371691413230e+00,1,5.120000243186951e-01,5.200999975204468e-01,5.120000243186951e-01,5.000000000000000e-01
7.284719250062611e-01,1.802787698103207e-01,10198,20500,5.116864590491211e-01,-5.546588203918587e-02,0.000000000000000e+00,1.817338975982491e+00,9.850159509822657e-01,8.187832212362089e-03,0.000000000000000e+00,1.306061343448421e+00,5.056378271052385e+00,1,5.122500061988831e-01,5.200999975204468e-01,5.122500061988831e-01,5.000000000000000e-01
7.284784891051881e-01,1.799026924296465e-01,10203,20505,5.104271750913265e-01,-5.500143040364180e-02,0.000000000000000e+00,1.817321768582760e+00,9.850244168392874e-01,8.211040620463458e-03,0.000000000000000e+00,1.306060779959394e+00,5.056384850691539e+00,1,5.124999880790710e-01,5.200999975204468e-01,5.124999880790710e-01,5.000000000000000e-01
7.284850547692318e-01,1.795265253786383e-01,10208,20510,5.091675908750775e-01,-5.453686802617221e-02,0.000000000000000e+00,1.817304557080167e+00,9.850328847148732e-01,8.234254562281591e-03,0.000000000000000e+00,1.306060216336012e+00,5.056391431899517e+00,1,5.127500295639038e-01,5.200999975204468e-01,5.127500295639038e-01,5.000000000000000e-01
7.284916188681589e-01,1.791504479979641e-01,10213,20515,5.079083069172828e-01,-5.407241639062813e-02,0.000000000000000e+00,1.817287349680436e+00,9.850413505718949e-01,8.257462970382962e-03,0.000000000000000e+00,1.306059652846985e+00,5.056398011538671e+00,1,5.130000114440918e-01,5.200999975204468e-01,5.130000114440918e-01,5.000000000000000e-01
7.284981829670860e-01,1.787743706172897e-01,10218,20520,5.066490229594875e-01,-5.360796475508384e-02,0.000000000000000e+00,1.817270142280706e+00,9.850498164289166e-01,8.280671378484341e-03,0.000000000000000e+00,1.306059089357959e+00,5.056404591177825e+00,1,5.132499933242798e-01,5.200999975204468e-01,5.132499933242798e-01,5.000000000000000e-01
7.285047470660131e-01,1.783982932366157e-01,10223,20525,5.053897390016935e-01,-5.314351311953997e-02,0.000000000000000e+00,1.817252934880974e+00,9.850582822859383e-01,8.303879786585701e-03,0.000000000000000e+00,1.306058525868933e+00,5.056411170816981e+00,1,5.134999752044678e-01,5.200999975204468e-01,5.134999752044678e-01,5.000000000000000e-01
7.285113127300569e-01,1.780221261856075e-01,10228,20530,5.041301547854447e-01,-5.267895074207039e-02,0.000000000000000e+00,1.817235723378382e+00,9.850667501615240e-01,8.327093728403834e-03,0.000000000000000e+00,1.306057962245551e+00,5.056417752024957e+00,1,5.137500166893005e-01,5.200999975204468e-01,5.137500166893005e-01,5.000000000000000e-01
7.285178768289839e-01,1.776460488049327e-01,10233,20535,5.028708708276479e-01,-5.221449910652692e-02,0.000000000000000e+00,1.817218515978651e+00,9.850752160185458e-01,8.350302136505212e-03,0.000000000000000e+00,1.306057398756525e+00,5.056424331664112e+00,1,5.139999985694885e-01,5.200999975204468e-01,5.139999985694885e-01,5.000000000000000e-01
7.285244409279111e-01,1.772699714242593e-01,10238,20540,5.016115868698559e-01,-5.175004747098243e-02,0.000000000000000e+00,1.817201308578920e+00,9.850836818755677e-01,8.373510544606565e-03,0.000000000000000e+00,1.306056835267499e+00,5.056430911303266e+00,1,5.142499804496765e-01,5.200999975204468e-01,5.142499804496765e-01,5.000000000000000e-01
7.285310065919549e-01,1.768938043732511e-01,10243,20545,5.003520026536069e-01,-5.128548509351286e-02,0.000000000000000e+00,1.817184097076328e+00,9.850921497511533e-01,8.396724486424699e-03,0.000000000000000e+00,1.306056271644117e+00,5.056437492511243e+00,1,5.145000219345093e-01,5.200999975204468e-01,5.145000219345093e-01,5.000000000000000e-01
7.285375706908819e-01,1.765177269925767e-01,10248,20550,4.990927186958117e-01,-5.082103345796856e-02,0.000000000000000e+00,1.817166889676597e+00,9.851006156081750e-01,8.419932894526080e-03,0.000000000000000e+00,1.306055708155090e+00,5.056444072150397e+00,1,5.147500038146973e-01,5.200999975204468e-01,5.147500038146973e-01,5.000000000000000e-01
7.285441347898091e-01,1.761416496119025e-01,10253,20555,4.978334347380172e-01,-5.035658182242449e-02,0.000000000000000e+00,1.817149682276866e+00,9.851090814651968e-01,8.443141302627449e-03,0.000000000000000e+00,1.306055144666064e+00,5.056450651789551e+00,1,5.149999856948853e-01,5.200999975204468e-01,5.149999856948853e-01,5.000000000000000e-01
7.285507004538527e-01,1.757654825608943e-01,10258,20560,4.965738505217682e-01,-4.989201944495490e-02,0.000000000000000e+00,1.817132470774274e+00,9.851175493407824e-01,8.466355244445582e-03,0.000000000000000e+00,1.306054581042682e+00,5.056457232997529e+00,1,5.152500271797180e-01,5.200999975204468e-01,5.152500271797180e-01,5.000000000000000e-01
7.285572645527798e-01,1.753894051802201e-01,10263,20565,4.953145665639735e-01,-4.942756780941082e-02,0.000000000000000e+00,1.817115263374543e+00,9.851260151978043e-01,8.489563652546953e-03,0.000000000000000e+00,1.306054017553655e+00,5.056463812636683e+00,1,5.155000090599060e-01,5.200999975204468e-01,5.155000090599060e-01,5.000000000000000e-01
7.285638286517070e-01,1.750133277995458e-01,10268,20570,4.940552826061788e-01,-4.896311617386674e-02,0.000000000000000e+00,1.817098055974812e+00,9.851344810548259e-01,8.512772060648321e-03,0.000000000000000e+00,1.306053454064629e+00,5.056470392275838e+00,1,5.157499909400940e-01,5.200999975204468e-01,5.157499909400940e-01,5.000000000000000e-01
7.285703927506341e-01,1.746372504188716e-01,10273,20575,4.927959986483843e-01,-4.849866453832266e-02,0.000000000000000e+00,1.817080848575081e+00,9.851429469118478e-01,8.535980468749694e-03,0.000000000000000e+00,1.306052890575603e+00,5.056476971914993e+00,1,5.159999728202820e-01,5.200999975204468e-01,5.159999728202820e-01,5.000000000000000e-01
7.285769584146778e-01,1.742610833678640e-01,10278,20580,4.915364144321372e-01,-4.803410216085250e-02,0.000000000000000e+00,1.817063637072489e+00,9.851514147874334e-01,8.559194410567818e-03,0.000000000000000e+00,1.306052326952220e+00,5.056483553122970e+00,1,5.162500143051147e-01,5.200999975204468e-01,5.162500143051147e-01,5.000000000000000e-01
7.285835225136050e-01,1.738850059871898e-01,10283,20585,4.902771304743425e-01,-4.756965052530841e-02,0.000000000000000e+00,1.817046429672758e+00,9.851598806444553e-01,8.582402818669187e-03,0.000000000000000e+00,1.306051763463194e+00,5.056490132762124e+00,1,5.164999961853027e-01,5.200999975204468e-01,5.164999961853027e-01,5.000000000000000e-01
7.285900866125320e-01,1.735089286065150e-01,10288,20590,4.890178465165460e-01,-4.710519888976492e-02,0.000000000000000e+00,1.817029222273027e+00,9.851683465014769e-01,8.605611226770567e-03,0.000000000000000e+00,1.306051199974168e+00,5.056496712401279e+00,1,5.167499780654907e-01,5.200999975204468e-01,5.167499780654907e-01,5.000000000000000e-01
7.285966522765757e-01,1.731327615555068e-01,10293,20595,4.877582623002970e-01,-4.664063651229533e-02,0.000000000000000e+00,1.817012010770435e+00,9.851768143770625e-01,8.628825168588698e-03,0.000000000000000e+00,1.306050636350786e+00,5.056503293609255e+00,1,5.170000195503235e-01,5.200999975204468e-01,5.170000195503235e-01,5.000000000000000e-01
7.286032163755030e-01,1.727566841748326e-01,10298,20600,4.864989783425024e-01,-4.617618487675126e-02,0.000000000000000e+00,1.816994803370704e+00,9.851852802340846e-01,8.652033576690067e-03,0.000000000000000e+00,1.306050072861759e+00,5.056509873248411e+00,1,5.172500014305115e-01,5.200999975204468e-01,5.172500014305115e-01,5.000000000000000e-01
7.286097804744299e-01,1.723806067941584e-01,10303,20605,4.852396943847077e-01,-4.571173324120717e-02,0.000000000000000e+00,1.816977595970973e+00,9.851937460911062e-01,8.675241984791438e-03,0.000000000000000e+00,1.306049509372733e+00,5.056516452887564e+00,1,5.174999833106995e-01,5.200999975204468e-01,5.174999833106995e-01,5.000000000000000e-01
7.286163461384738e-01,1.720044397431502e-01,10308,20610,4.839801101684588e-01,-4.524717086373759e-02,0.000000000000000e+00,1.816960384468381e+00,9.852022139666917e-01,8.698455926609571e-03,0.000000000000000e+00,1.306048945749351e+00,5.056523034095541e+00,1,5.177500247955322e-01,5.200999975204468e-01,5.177500247955322e-01,5.000000000000000e-01
7.286229102374008e-01,1.716283623624760e-01,10313,20615,4.827208262106642e-01,-4.478271922819350e-02,0.000000000000000e+00,1.816943177068650e+00,9.852106798237137e-01,8.721664334710942e-03,0.000000000000000e+00,1.306048382260325e+00,5.056529613734696e+00,1,5.180000066757202e-01,5.200999975204468e-01,5.180000066757202e-01,5.000000000000000e-01
7.286294743363279e-01,1.712522849818018e-01,10318,20620,4.814615422528695e-01,-4.431826759264942e-02,0.000000000000000e+00,1.816925969668919e+00,9.852191456807353e-01,8.744872742812311e-03,0.000000000000000e+00,1.306047818771298e+00,5.056536193373851e+00,1,5.182499885559082e-01,5.200999975204468e-01,5.182499885559082e-01,5.000000000000000e-01
7.286360384352550e-01,1.708762076011281e-01,10323,20625,4.802022582950767e-01,-4.385381595710480e-02,0.000000000000000e+00,1.816908762269188e+00,9.852276115377572e-01,8.768081150913674e-03,0.000000000000000e+00,1.306047255282272e+00,5.056542773013005e+00,1,5.184999704360962e-01,5.200999975204468e-01,5.184999704360962e-01,5.000000000000000e-01
7.286426040992986e-01,1.705000405501194e-01,10328,20630,4.789426740788258e-01,-4.338925357963577e-02,0.000000000000000e+00,1.816891550766596e+00,9.852360794133428e-01,8.791295092731815e-03,0.000000000000000e+00,1.306046691658890e+00,5.056549354220982e+00,1,5.187500119209290e-01,5.200999975204468e-01,5.187500119209290e-01,5.000000000000000e-01
7.286491681982259e-01,1.701239631694452e-01,10333,20635,4.776833901210313e-01,-4.292480194409169e-02,0.000000000000000e+00,1.816874343366865e+00,9.852445452703646e-01,8.814503500833185e-03,0.000000000000000e+00,1.306046128169864e+00,5.056555933860136e+00,1,5.189999938011169e-01,5.200999975204468e-01,5.189999938011169e-01,5.000000000000000e-01
7.286557322971530e-01,1.697478857887710e-01,10338,20640,4.764241061632367e-01,-4.246035030854761e-02,0.000000000000000e+00,1.816857135967134e+00,9.852530111273863e-01,8.837711908934554e-03,0.000000000000000e+00,1.306045564680837e+00,5.056562513499291e+00,1,5.192499756813049e-01,5.200999975204468e-01,5.192499756813049e-01,5.000000000000000e-01
7.286622979611965e-01,1.693717187377628e-01,10343,20645,4.751645219469877e-01,-4.199578793107802e-02,0.000000000000000e+00,1.816839924464542e+00,9.852614790029719e-01,8.860925850752686e-03,0.000000000000000e+00,1.306045001057455e+00,5.056569094707267e+00,1,5.195000171661377e-01,5.200999975204468e-01,5.195000171661377e-01,5.000000000000000e-01
7.286688620601236e-01,1.689956413570886e-01,10348,20650,4.739052379891930e-01,-4.153133629553394e-02,0.000000000000000e+00,1.816822717064811e+00,9.852699448599938e-01,8.884134258854058e-03,0.000000000000000e+00,1.306044437568429e+00,5.056575674346423e+00,1,5.197499990463257e-01,5.200999975204468e-01,5.197499990463257e-01,5.000000000000000e-01
7.286754261590509e-01,1.686195639764144e-01,10353,20656,4.726459540313984e-01,-4.106688465998986e-02,0.000000000000000e+00,1.816805509665079e+00,9.852784107170155e-01,8.907342666955427e-03,0.000000000000000e+00,1.306043874079402e+00,5.056582253985578e+00,1,5.199999809265137e-01,5.200999975204468e-01,5.199999809265137e-01,5.000000000000000e-01
7.286811056503270e-01,1.683943718245276e-01,10358,20661,4.719313868652252e-01,-3.988797191326275e-02,0.000000000000000e+00,1.816802183276503e+00,9.852854732471954e-01,8.923707357563761e-03,0.000000000000000e+00,1.306042660763373e+00,5.056585150015573e+00,1,5.202500224113464e-01,5.200999975204468e-01,5.202500224113464e-01,5.000000000000000e-01
7.286867837201441e-01,1.681692448684190e-01,10363,20666,4.712170316047387e-01,-3.870928571187130e-02,0.000000000000000e+00,1.816798858739870e+00,9.852925339866323e-01,8.940067624788137e-03,0.000000000000000e+00,1.306041447687021e+00,5.056588045074151e+00,1,5.205000042915344e-01,5.200999975204468e-01,5.205000042915344e-01,5.000000000000000e-01
7.286924617899611e-01,1.679441179123095e-01,10368,20671,4.705026763442491e-01,-3.753059951048097e-02,0.000000000000000e+00,1.816795534203236e+00,9.852995947260691e-01,8.956427892012524e-03,0.000000000000000e+00,1.306040234610669e+00,5.056590940132732e+00,1,5.207499861717224e-01,5.200999975204468e-01,5.207499861717224e-01,5.000000000000000e-01
7.286981412136334e-01,1.677189372778604e-01,10373,20676,4.697881507558480e-01,-3.635163226803165e-02,0.000000000000000e+00,1.816792208873914e+00,9.853066571490392e-01,8.972792060111307e-03,0.000000000000000e+00,1.306039021245077e+00,5.056593835881595e+00,1,5.210000276565552e-01,5.200999975204468e-01,5.210000276565552e-01,5.000000000000000e-01
7.287038192834505e-01,1.674938103217518e-01,10378,20681,4.690737954953615e-01,-3.517294606664018e-02,0.000000000000000e+00,1.816788884337281e+00,9.853137178884761e-01,8.989152327335681e-03,0.000000000000000e+00,1.306037808168725e+00,5.056596730940176e+00,1,5.212500095367432e-01,5.200999975204468e-01,5.212500095367432e-01,5.000000000000000e-01
7.287094973532677e-01,1.672686833656428e-01,10383,20686,4.683594402348736e-01,-3.399425986524929e-02,0.000000000000000e+00,1.816785559800648e+00,9.853207786279129e-01,9.005512594560061e-03,0.000000000000000e+00,1.306036595092373e+00,5.056599625998754e+00,1,5.214999914169312e-01,5.200999975204468e-01,5.214999914169312e-01,5.000000000000000e-01
7.287151754230849e-01,1.670435564095344e-01,10388,20691,4.676450849743875e-01,-3.281557366385832e-02,0.000000000000000e+00,1.816782235264015e+00,9.853278393673499e-01,9.021872861784429e-03,0.000000000000000e+00,1.306035382016021e+00,5.056602521057333e+00,1,5.217499732971191e-01,5.200999975204468e-01,5.217499732971191e-01,5.000000000000000e-01
7.287208548467574e-01,1.668183757750858e-01,10393,20696,4.669305593859880e-01,-3.163660642140843e-02,0.000000000000000e+00,1.816778909934694e+00,9.853349017903202e-01,9.038237029883210e-03,0.000000000000000e+00,1.306034168650429e+00,5.056605416806198e+00,1,5.220000147819519e-01,5.200999975204468e-01,5.220000147819519e-01,5.000000000000000e-01
7.287265329165745e-01,1.665932488189767e-01,10398,20701,4.662162041255000e-01,-3.045792022001752e-02,0.000000000000000e+00,1.816775585398060e+00,9.853419625297570e-01,9.054597297107588e-03,0.000000000000000e+00,1.306032955574076e+00,5.056608311864778e+00,1,5.222499966621399e-01,5.200999975204468e-01,5.222499966621399e-01,5.000000000000000e-01
7.287322109863915e-01,1.663681218628672e-01,10403,20706,4.655018488650102e-01,-2.927923401862725e-02,0.000000000000000e+00,1.816772260861427e+00,9.853490232691937e-01,9.070957564331973e-03,0.000000000000000e+00,1.306031742497725e+00,5.056611206923356e+00,1,5.224999785423279e-01,5.200999975204468e-01,5.224999785423279e-01,5.000000000000000e-01
7.287378904100639e-01,1.661429412284185e-01,10408,20711,4.647873232766104e-01,-2.810026677617685e-02,0.000000000000000e+00,1.816768935532105e+00,9.853560856921639e-01,9.087321732430759e-03,0.000000000000000e+00,1.306030529132132e+00,5.056614102672220e+00,1,5.227500200271606e-01,5.200999975204468e-01,5.227500200271606e-01,5.000000000000000e-01
7.287435684798811e-01,1.659178142723095e-01,10413,20716,4.640729680161224e-01,-2.692158057478596e-02,0.000000000000000e+00,1.816765610995472e+00,9.853631464316007e-01,9.103681999655139e-03,0.000000000000000e+00,1.306029316055781e+00,5.056616997730798e+00,1,5.230000019073486e-01,5.200999975204468e-01,5.230000019073486e-01,5.000000000000000e-01
7.287492465496980e-01,1.656926873162003e-01,10418,20721,4.633586127556341e-01,-2.574289437339454e-02,0.000000000000000e+00,1.816762286458839e+00,9.853702071710375e-01,9.120042266879527e-03,0.000000000000000e+00,1.306028102979429e+00,5.056619892789378e+00,1,5.232499837875366e-01,5.200999975204468e-01,5.232499837875366e-01,5.000000000000000e-01
7.287549259733705e-01,1.654675066817518e-01,10423,20726,4.626440871672349e-01,-2.456392713094518e-02,0.000000000000000e+00,1.816758961129517e+00,9.853772695940080e-01,9.136406434978298e-03,0.000000000000000e+00,1.306026889613836e+00,5.056622788538244e+00,1,5.235000252723694e-01,5.200999975204468e-01,5.235000252723694e-01,5.000000000000000e-01
7.287606040431878e-01,1.652423797256428e-01,10428,20731,4.619297319067469e-01,-2.338524092955429e-02,0.000000000000000e+00,1.816755636592884e+00,9.853843303334446e-01,9.152766702202678e-03,0.000000000000000e+00,1.306025676537484e+00,5.056625683596821e+00,1,5.237500071525574e-01,5.200999975204468e-01,5.237500071525574e-01,5.000000000000000e-01
7.287662821130048e-01,1.650172527695338e-01,10433,20736,4.612153766462588e-01,-2.220655472816339e-02,0.000000000000000e+00,1.816752312056250e+00,9.853913910728813e-01,9.169126969427057e-03,0.000000000000000e+00,1.306024463461132e+00,5.056628578655401e+00,1,5.239999890327454e-01,5.200999975204468e-01,5.239999890327454e-01,5.000000000000000e-01
7.287719601828220e-01,1.647921258134253e-01,10438,20741,4.605010213857728e-01,-2.102786852677232e-02,0.000000000000000e+00,1.816748987519618e+00,9.853984518123182e-01,9.185487236651427e-03,0.000000000000000e+00,1.306023250384780e+00,5.056631473713981e+00,1,5.242499709129333e-01,5.200999975204468e-01,5.242499709129333e-01,5.000000000000000e-01
7.287776396064944e-01,1.645669451789767e-01,10443,20746,4.597864957973734e-01,-1.984890128432243e-02,0.000000000000000e+00,1.816745662190296e+00,9.854055142352887e-01,9.201851404750204e-03,0.000000000000000e+00,1.306022037019188e+00,5.056634369462845e+00,1,5.245000123977661e-01,5.200999975204468e-01,5.245000123977661e-01,5.000000000000000e-01
7.287833176763115e-01,1.643418182228676e-01,10448,20751,4.590721405368849e-01,-1.867021508293100e-02,0.000000000000000e+00,1.816742337653663e+00,9.854125749747255e-01,9.218211671974591e-03,0.000000000000000e+00,1.306020823942836e+00,5.056637264521424e+00,1,5.247499942779541e-01,5.200999975204468e-01,5.247499942779541e-01,5.000000000000000e-01
7.287889957461284e-01,1.641166912667580e-01,10453,20756,4.583577852763951e-01,-1.749152888154084e-02,0.000000000000000e+00,1.816739013117029e+00,9.854196357141622e-01,9.234571939198976e-03,0.000000000000000e+00,1.306019610866484e+00,5.056640159580002e+00,1,5.249999761581421e-01,5.200999975204468e-01,5.249999761581421e-01,5.000000000000000e-01
7.287946751698011e-01,1.638915106323095e-01,10458,20761,4.576432596879957e-01,-1.631256163909096e-02,0.000000000000000e+00,1.816735687787708e+00,9.854266981371325e-01,9.250936107297755e-03,0.000000000000000e+00,1.306018397500891e+00,5.056643055328868e+00,1,5.252500176429749e-01,5.200999975204468e-01,5.252500176429749e-01,5.000000000000000e-01
7.288003532396181e-01,1.636663836762005e-01,10463,20766,4.569289044275077e-01,-1.513387543770007e-02,0.000000000000000e+00,1.816732363251074e+00,9.854337588765691e-01,9.267296374522135e-03,0.000000000000000e+00,1.306017184424539e+00,5.056645950387447e+00,1,5.254999995231628e-01,5.200999975204468e-01,5.254999995231628e-01,5.000000000000000e-01
7.288060313094351e-01,1.634412567200914e-01,10468,20771,4.562145491670196e-01,-1.395518923630917e-02,0.000000000000000e+00,1.816729038714441e+00,9.854408196160060e-01,9.283656641746515e-03,0.000000000000000e+00,1.306015971348187e+00,5.056648845446025e+00,1,5.257499814033508e-01,5.200999975204468e-01,5.257499814033508e-01,5.000000000000000e-01
7.288117107331077e-01,1.632160760856428e-01,10473,20776,4.555000235786202e-01,-1.277622199385929e-02,0.000000000000000e+00,1.816725713385119e+00,9.854478820389766e-01,9.300020809845294e-03,0.000000000000000e+00,1.306014757982595e+00,5.056651741194890e+00,1,5.260000228881836e-01,5.200999975204468e-01,5.260000228881836e-01,5.000000000000000e-01
7.288173888029248e-01,1.629909491295338e-01,10478,20781,4.547856683181322e-01,-1.159753579246840e-02,0.000000000000000e+00,1.816722388848486e+00,9.854549427784132e-01,9.316381077069674e-03,0.000000000000000e+00,1.306013544906243e+00,5.056654636253469e+00,1,5.262500047683716e-01,5.200999975204468e-01,5.262500047683716e-01,5.000000000000000e-01
7.288230668727418e-01,1.627658221734247e-01,10483,20786,4.540713130576441e-01,-1.041884959107751e-02,0.000000000000000e+00,1.816719064311853e+00,9.854620035178501e-01,9.332741344294054e-03,0.000000000000000e+00,1.306012331829891e+00,5.056657531312048e+00,1,5.264999866485596e-01,5.200999975204468e-01,5.264999866485596e-01,5.000000000000000e-01
7.288287462964144e-01,1.625406415389761e-01,10488,20791,4.533567874692447e-01,-9.239882348627628e-03,0.000000000000000e+00,1.816715738982531e+00,9.854690659408203e-01,9.349105512392833e-03,0.000000000000000e+00,1.306011118464299e+00,5.056660427060913e+00,1,5.267500281333923e-01,5.200999975204468e-01,5.267500281333923e-01,5.000000000000000e-01
7.288344243662315e-01,1.623155145828671e-01,10493,20796,4.526424322087566e-01,-8.061196147236733e-03,0.000000000000000e+00,1.816712414445898e+00,9.854761266802569e-01,9.365465779617213e-03,0.000000000000000e+00,1.306009905387947e+00,5.056663322119491e+00,1,5.270000100135803e-01,5.200999975204468e-01,5.270000100135803e-01,5.000000000000000e-01
7.288401024360485e-01,1.620903876267580e-01,10498,20801,4.519280769482682e-01,-6.882509945845315e-03,0.000000000000000e+00,1.816709089909265e+00,9.854831874196940e-01,9.381826046841599e-03,0.000000000000000e+00,1.306008692311595e+00,5.056666217178071e+00,1,5.272499918937683e-01,5.200999975204468e-01,5.272499918937683e-01,5.000000000000000e-01
7.288457805058655e-01,1.618652606706490e-01,10503,20806,4.512137216877805e-01,-5.703823744454946e-03,0.000000000000000e+00,1.816705765372632e+00,9.854902481591307e-01,9.398186314065972e-03,0.000000000000000e+00,1.306007479235243e+00,5.056669112236650e+00,1,5.274999737739563e-01,5.200999975204468e-01,5.274999737739563e-01,5.000000000000000e-01
7.288514599295381e-01,1.616400800362005e-01,10508,20811,4.504991960993810e-01,-4.524856502005065e-03,0.000000000000000e+00,1.816702440043310e+00,9.854973105821009e-01,9.414550482164750e-03,0.000000000000000e+00,1.306006265869651e+00,5.056672007985515e+00,1,5.277500152587891e-01,5.200999975204468e-01,5.277500152587891e-01,5.000000000000000e-01
7.288571379993551e-01,1.614149530800914e-01,10513,20816,4.497848408388930e-01,-3.346170300614170e-03,0.000000000000000e+00,1.816699115506677e+00,9.855043713215377e-01,9.430910749389131e-03,0.000000000000000e+00,1.306005052793298e+00,5.056674903044094e+00,1,5.279999971389771e-01,5.200999975204468e-01,5.279999971389771e-01,5.000000000000000e-01
7.288628160691721e-01,1.611898261239824e-01,10518,20821,4.490704855784050e-01,-2.167484099223275e-03,0.000000000000000e+00,1.816695790970043e+00,9.855114320609745e-01,9.447271016613511e-03,0.000000000000000e+00,1.306003839716947e+00,5.056677798102672e+00,1,5.282499790191650e-01,5.200999975204468e-01,5.282499790191650e-01,5.000000000000000e-01
7.288684954928446e-01,1.609646454895338e-01,10523,20826,4.483559599900055e-01,-9.885168567733936e-04,0.000000000000000e+00,1.816692465640722e+00,9.855184944839448e-01,9.463635184712290e-03,0.000000000000000e+00,1.306002626351354e+00,5.056680693851537e+00,1,5.285000205039978e-01,5.200999975204468e-01,5.285000205039978e-01,5.000000000000000e-01
7.288741735626618e-01,1.607395185334247e-01,10528,20831,4.476416047295175e-01,1.901693446174951e-04,0.000000000000000e+00,1.816689141104088e+00,9.855255552233815e-01,9.479995451936670e-03,0.000000000000000e+00,1.306001413275002e+00,5.056683588910117e+00,1,5.287500023841858e-01,5.200999975204468e-01,5.287500023841858e-01,5.000000000000000e-01
7.288798516324788e-01,1.605143915773157e-01,10533,20836,4.469272494690295e-01,1.368855546008385e-03,0.000000000000000e+00,1.816685816567456e+00,9.855326159628185e-01,9.496355719161050e-03,0.000000000000000e+00,1.306000200198651e+00,5.056686483968695e+00,1,5.289999842643738e-01,5.200999975204468e-01,5.289999842643738e-01,5.000000000000000e-01
7.288855310561514e-01,1.602892109428676e-01,10538,20841,4.462127238806317e-01,2.547822788459189e-03,0.000000000000000e+00,1.816682491238133e+00,9.855396783857888e-01,9.512719887259824e-03,0.000000000000000e+00,1.305998986833058e+00,5.056689379717561e+00,1,5.292500257492065e-01,5.200999975204468e-01,5.292500257492065e-01,5.000000000000000e-01
7.288912091259683e-01,1.600640839867580e-01,10543,20846,4.454983686201419e-01,3.726508989849160e-03,0.000000000000000e+00,1.816679166701500e+00,9.855467391252254e-01,9.529080154484209e-03,0.000000000000000e+00,1.305997773756706e+00,5.056692274776139e+00,1,5.295000076293945e-01,5.200999975204468e-01,5.295000076293945e-01,5.000000000000000e-01
7.288968871957855e-01,1.598389570306485e-01,10548,20851,4.447840133596522e-01,4.905195191239111e-03,0.000000000000000e+00,1.816675842164867e+00,9.855537998646622e-01,9.545440421708592e-03,0.000000000000000e+00,1.305996560680354e+00,5.056695169834717e+00,1,5.297499895095825e-01,5.200999975204468e-01,5.297499895095825e-01,5.000000000000000e-01
7.289025652656025e-01,1.596138300745398e-01,10553,20857,4.440696580991655e-01,6.083881392631473e-03,0.000000000000000e+00,1.816672517628234e+00,9.855608606040991e-01,9.561800688932975e-03,0.000000000000000e+00,1.305995347604002e+00,5.056698064893297e+00,1,5.299999713897705e-01,5.200999975204468e-01,5.299999713897705e-01,5.000000000000000e-01
7.289038852637654e-01,1.591547284893463e-01,10558,20862,4.425293465303525e-01,6.836810950716665e-03,0.000000000000000e+00,1.816678884361379e+00,9.855634524767374e-01,9.576482667380259e-03,0.000000000000000e+00,1.305997902967962e+00,5.056709736919516e+00,1,5.302500128746033e-01,5.200999975204468e-01,5.302500128746033e-01,5.000000000000000e-01
7.289052044485163e-01,1.586957095819725e-01,10563,20867,4.409893076631971e-01,7.589512284182290e-03,0.000000000000000e+00,1.816685250685677e+00,9.855660432200619e-01,9.591160953496342e-03,0.000000000000000e+00,1.306000458153948e+00,5.056721407167442e+00,1,5.304999947547913e-01,5.200999975204468e-01,5.304999947547913e-01,5.000000000000000e-01
7.289065236332672e-01,1.582366906745982e-01,10568,20872,4.394492687960403e-01,8.342213617644983e-03,0.000000000000000e+00,1.816691617009973e+00,9.855686339633867e-01,9.605839239612416e-03,0.000000000000000e+00,1.306003013339934e+00,5.056733077415370e+00,1,5.307499766349792e-01,5.200999975204468e-01,5.307499766349792e-01,5.000000000000000e-01
7.289078431325591e-01,1.577775623206544e-01,10573,20877,4.379088627283864e-01,9.095094422098346e-03,0.000000000000000e+00,1.816697984852230e+00,9.855712253244372e-01,9.620521025558307e-03,0.000000000000000e+00,1.306005569135169e+00,5.056744750445902e+00,1,5.310000181198120e-01,5.200999975204468e-01,5.310000181198120e-01,5.000000000000000e-01
7.289091623173098e-01,1.573185434132794e-01,10578,20882,4.363688238612274e-01,9.847795755560348e-03,0.000000000000000e+00,1.816704351176527e+00,9.855738160677618e-01,9.635199311674390e-03,0.000000000000000e+00,1.306008124321155e+00,5.056756420693829e+00,1,5.312500000000000e-01,5.200999975204468e-01,5.312500000000000e-01,5.000000000000000e-01
7.289104815020609e-01,1.568595245059053e-01,10583,20887,4.348287849940711e-01,1.060049708902471e-02,0.000000000000000e+00,1.816710717500824e+00,9.855764068110866e-01,9.649877597790471e-03,0.000000000000000e+00,1.306010679507141e+00,5.056768090941756e+00,1,5.314999818801880e-01,5.200999975204468e-01,5.314999818801880e-01,5.000000000000000e-01
7.289118010013528e-01,1.564003961519623e-01,10588,20892,4.332883789264201e-01,1.135337789347839e-02,0.000000000000000e+00,1.816717085343081e+00,9.855789981721372e-01,9.664559383736344e-03,0.000000000000000e+00,1.306013235302375e+00,5.056779763972290e+00,1,5.317500233650208e-01,5.200999975204468e-01,5.317500233650208e-01,5.000000000000000e-01
7.289131201861039e-01,1.559413772445879e-01,10593,20897,4.317483400592629e-01,1.210607922694141e-02,0.000000000000000e+00,1.816723451667378e+00,9.855815889154620e-01,9.679237669852426e-03,0.000000000000000e+00,1.306015790488362e+00,5.056791434220216e+00,1,5.320000052452087e-01,5.200999975204468e-01,5.320000052452087e-01,5.000000000000000e-01
7.289144393708546e-01,1.554823583372132e-01,10598,20902,4.302083011921048e-01,1.285878056040475e-02,0.000000000000000e+00,1.816729817991674e+00,9.855841796587864e-01,9.693915955968510e-03,0.000000000000000e+00,1.306018345674348e+00,5.056803104468143e+00,1,5.322499871253967e-01,5.200999975204468e-01,5.322499871253967e-01,5.000000000000000e-01
7.289157588701466e-01,1.550232299832701e-01,10603,20907,4.286678951244532e-01,1.361166136485877e-02,0.000000000000000e+00,1.816736185833931e+00,9.855867710198370e-01,9.708597741914390e-03,0.000000000000000e+00,1.306020901469582e+00,5.056814777498677e+00,1,5.325000286102295e-01,5.200999975204468e-01,5.325000286102295e-01,5.000000000000000e-01
7.289170780548975e-01,1.545642110758954e-01,10608,20912,4.271278562572952e-01,1.436436269832212e-02,0.000000000000000e+00,1.816742552158228e+00,9.855893617631617e-01,9.723276028030477e-03,0.000000000000000e+00,1.306023456655569e+00,5.056826447746602e+00,1,5.327500104904175e-01,5.200999975204468e-01,5.327500104904175e-01,5.000000000000000e-01
7.289183972396485e-01,1.541051921685208e-01,10613,20917,4.255878173901371e-01,1.511706403178547e-02,0.000000000000000e+00,1.816748918482525e+00,9.855919525064865e-01,9.737954314146561e-03,0.000000000000000e+00,1.306026011841555e+00,5.056838117994529e+00,1,5.329999923706055e-01,5.200999975204468e-01,5.329999923706055e-01,5.000000000000000e-01
7.289197164243995e-01,1.536461732611462e-01,10618,20922,4.240477785229791e-01,1.586976536524881e-02,0.000000000000000e+00,1.816755284806822e+00,9.855945432498110e-01,9.752632600262651e-03,0.000000000000000e+00,1.306028567027541e+00,5.056849788242457e+00,1,5.332499742507935e-01,5.200999975204468e-01,5.332499742507935e-01,5.000000000000000e-01
7.289210359236914e-01,1.531870449072032e-01,10623,20927,4.225073724553283e-01,1.662264616970250e-02,0.000000000000000e+00,1.816761652649079e+00,9.855971346108616e-01,9.767314386208523e-03,0.000000000000000e+00,1.306031122822776e+00,5.056861461272988e+00,1,5.335000157356262e-01,5.200999975204468e-01,5.335000157356262e-01,5.000000000000000e-01
7.289223551084424e-01,1.527280259998286e-01,10628,20932,4.209673335881703e-01,1.737534750316585e-02,0.000000000000000e+00,1.816768018973375e+00,9.855997253541864e-01,9.781992672324607e-03,0.000000000000000e+00,1.306033678008762e+00,5.056873131520916e+00,1,5.337499976158142e-01,5.200999975204468e-01,5.337499976158142e-01,5.000000000000000e-01
7.289236742931930e-01,1.522690070924539e-01,10633,20937,4.194272947210121e-01,1.812804883662919e-02,0.000000000000000e+00,1.816774385297672e+00,9.856023160975109e-01,9.796670958440694e-03,0.000000000000000e+00,1.306036233194748e+00,5.056884801768843e+00,1,5.339999794960022e-01,5.200999975204468e-01,5.339999794960022e-01,5.000000000000000e-01
7.289249937924851e-01,1.518098787385109e-01,10638,20942,4.178868886533613e-01,1.888092964108288e-02,0.000000000000000e+00,1.816780753139929e+00,9.856049074585617e-01,9.811352744386565e-03,0.000000000000000e+00,1.306038788989983e+00,5.056896474799375e+00,1,5.342500209808350e-01,5.200999975204468e-01,5.342500209808350e-01,5.000000000000000e-01
7.289263129772361e-01,1.513508598311368e-01,10643,20947,4.163468497862050e-01,1.963363097454739e-02,0.000000000000000e+00,1.816787119464226e+00,9.856074982018864e-01,9.826031030502650e-03,0.000000000000000e+00,1.306041344175969e+00,5.056908145047303e+00,1,5.345000028610229e-01,5.200999975204468e-01,5.345000028610229e-01,5.000000000000000e-01
7.289276321619869e-01,1.508918409237616e-01,10648,20952,4.148068109190453e-01,2.038633230800957e-02,0.000000000000000e+00,1.816793485788523e+00,9.856100889452110e-01,9.840709316618739e-03,0.000000000000000e+00,1.306043899361955e+00,5.056919815295229e+00,1,5.347499847412109e-01,5.200999975204468e-01,5.347499847412109e-01,5.000000000000000e-01
7.289289516612788e-01,1.504327125698187e-01,10653,20957,4.132664048513943e-01,2.113921311246326e-02,0.000000000000000e+00,1.816799853630780e+00,9.856126803062616e-01,9.855391102564611e-03,0.000000000000000e+00,1.306046455157190e+00,5.056931488325762e+00,1,5.350000262260437e-01,5.200999975204468e-01,5.350000262260437e-01,5.000000000000000e-01
7.289302708460298e-01,1.499736936624440e-01,10658,20962,4.117263659842363e-01,2.189191444592661e-02,0.000000000000000e+00,1.816806219955077e+00,9.856152710495862e-01,9.870069388680697e-03,0.000000000000000e+00,1.306049010343176e+00,5.056943158573690e+00,1,5.352500081062317e-01,5.200999975204468e-01,5.352500081062317e-01,5.000000000000000e-01
7.289315900307807e-01,1.495146747550694e-01,10663,20967,4.101863271170783e-01,2.264461577938996e-02,0.000000000000000e+00,1.816812586279373e+00,9.856178617929106e-01,9.884747674796784e-03,0.000000000000000e+00,1.306051565529162e+00,5.056954828821616e+00,1,5.354999899864197e-01,5.200999975204468e-01,5.354999899864197e-01,5.000000000000000e-01
7.289329092155314e-01,1.490556558476947e-01,10668,20972,4.086462882499203e-01,2.339731711285330e-02,0.000000000000000e+00,1.816818952603670e+00,9.856204525362353e-01,9.899425960912870e-03,0.000000000000000e+00,1.306054120715148e+00,5.056966499069542e+00,1,5.357499718666077e-01,5.200999975204468e-01,5.357499718666077e-01,5.000000000000000e-01
7.289342287148235e-01,1.485965274937518e-01,10673,20977,4.071058821822693e-01,2.415019791730699e-02,0.000000000000000e+00,1.816825320445927e+00,9.856230438972862e-01,9.914107746858742e-03,0.000000000000000e+00,1.306056676510383e+00,5.056978172100075e+00,1,5.360000133514404e-01,5.200999975204468e-01,5.360000133514404e-01,5.000000000000000e-01
7.289355478995743e-01,1.481375085863771e-01,10678,20982,4.055658433151113e-01,2.490289925077033e-02,0.000000000000000e+00,1.816831686770224e+00,9.856256346406106e-01,9.928786032974828e-03,0.000000000000000e+00,1.306059231696369e+00,5.056989842348003e+00,1,5.362499952316284e-01,5.200999975204468e-01,5.362499952316284e-01,5.000000000000000e-01
7.289368670843253e-01,1.476784896790025e-01,10683,20987,4.040258044479534e-01,2.565560058423368e-02,0.000000000000000e+00,1.816838053094521e+00,9.856282253839354e-01,9.943464319090918e-03,0.000000000000000e+00,1.306061786882355e+00,5.057001512595930e+00,1,5.364999771118164e-01,5.200999975204468e-01,5.364999771118164e-01,5.000000000000000e-01
7.289381865836171e-01,1.472193613250595e-01,10688,20992,4.024853983803024e-01,2.640848138868736e-02,0.000000000000000e+00,1.816844420936778e+00,9.856308167449860e-01,9.958146105036786e-03,0.000000000000000e+00,1.306064342677590e+00,5.057013185626462e+00,1,5.367500185966492e-01,5.200999975204468e-01,5.367500185966492e-01,5.000000000000000e-01
7.289395057683681e-01,1.467603424176849e-01,10693,20997,4.009453595131443e-01,2.716118272215071e-02,0.000000000000000e+00,1.816850787261074e+00,9.856334074883104e-01,9.972824391152872e-03,0.000000000000000e+00,1.306066897863576e+00,5.057024855874388e+00,1,5.370000004768372e-01,5.200999975204468e-01,5.370000004768372e-01,5.000000000000000e-01
7.289408249531190e-01,1.463013235103097e-01,10698,21002,3.994053206459847e-01,2.791388405561276e-02,0.000000000000000e+00,1.816857153585371e+00,9.856359982316351e-01,9.987502677268965e-03,0.000000000000000e+00,1.306069453049562e+00,5.057036526122316e+00,1,5.372499823570251e-01,5.200999975204468e-01,5.372499823570251e-01,5.000000000000000e-01
7.289421444524109e-01,1.458421951563673e-01,10703,21007,3.978649145783354e-01,2.866676486006774e-02,0.000000000000000e+00,1.816863521427628e+00,9.856385895926858e-01,1.000218446321483e-02,0.000000000000000e+00,1.306072008844797e+00,5.057048199152848e+00,1,5.375000238418579e-01,5.200999975204468e-01,5.375000238418579e-01,5.000000000000000e-01
7.289434636371619e-01,1.453831762489926e-01,10708,21012,3.963248757111775e-01,2.941946619353109e-02,0.000000000000000e+00,1.816869887751925e+00,9.856411803360106e-01,1.001686274933092e-02,0.000000000000000e+00,1.306074564030783e+00,5.057059869400775e+00,1,5.377500057220459e-01,5.200999975204468e-01,5.377500057220459e-01,5.000000000000000e-01
7.289447828219128e-01,1.449241573416180e-01,10713,21017,3.947848368440194e-01,3.017216752699444e-02,0.000000000000000e+00,1.816876254076222e+00,9.856437710793351e-01,1.003154103544701e-02,0.000000000000000e+00,1.306077119216769e+00,5.057071539648701e+00,1,5.379999876022339e-01,5.200999975204468e-01,5.379999876022339e-01,5.000000000000000e-01
7.289461023212047e-01,1.444650289876750e-01,10718,21022,3.932444307763685e-01,3.092504833144813e-02,0.000000000000000e+00,1.816882621918479e+00,9.856463624403859e-01,1.004622282139288e-02,0.000000000000000e+00,1.306079675012004e+00,5.057083212679235e+00,1,5.382500290870667e-01,5.200999975204468e-01,5.382500290870667e-01,5.000000000000000e-01
7.289474215059556e-01,1.440060100803004e-01,10723,21027,3.917043919092105e-01,3.167774966491146e-02,0.000000000000000e+00,1.816888988242775e+00,9.856489531837105e-01,1.006090110750896e-02,0.000000000000000e+00,1.306082230197990e+00,5.057094882927162e+00,1,5.385000109672546e-01,5.200999975204468e-01,5.385000109672546e-01,5.000000000000000e-01
7.289487406907066e-01,1.435469911729257e-01,10728,21032,3.901643530420524e-01,3.243045099837482e-02,0.000000000000000e+00,1.816895354567072e+00,9.856515439270350e-01,1.007557939362505e-02,0.000000000000000e+00,1.306084785383976e+00,5.057106553175089e+00,1,5.387499928474426e-01,5.200999975204468e-01,5.387499928474426e-01,5.000000000000000e-01
7.289500598754575e-01,1.430879722655511e-01,10733,21037,3.886243141748945e-01,3.318315233183817e-02,0.000000000000000e+00,1.816901720891369e+00,9.856541346703598e-01,1.009025767974114e-02,0.000000000000000e+00,1.306087340569962e+00,5.057118223423016e+00,1,5.389999747276306e-01,5.200999975204468e-01,5.389999747276306e-01,5.000000000000000e-01
7.289513793747493e-01,1.426288439116081e-01,10738,21042,3.870839081072436e-01,3.393603313629184e-02,0.000000000000000e+00,1.816908088733626e+00,9.856567260314104e-01,1.010493946568701e-02,0.000000000000000e+00,1.306089896365197e+00,5.057129896453548e+00,1,5.392500162124634e-01,5.200999975204468e-01,5.392500162124634e-01,5.000000000000000e-01
7.289526985595003e-01,1.421698250042335e-01,10743,21047,3.855438692400855e-01,3.468873446975521e-02,0.000000000000000e+00,1.816914455057923e+00,9.856593167747351e-01,1.011961775180309e-02,0.000000000000000e+00,1.306092451551183e+00,5.057141566701475e+00,1,5.394999980926514e-01,5.200999975204468e-01,5.394999980926514e-01,5.000000000000000e-01
7.289540177442512e-01,1.417108060968588e-01,10748,21052,3.840038303729274e-01,3.544143580321855e-02,0.000000000000000e+00,1.816920821382220e+00,9.856619075180595e-01,1.013429603791918e-02,0.000000000000000e+00,1.306095006737169e+00,5.057153236949402e+00,1,5.397499799728394e-01,5.200999975204468e-01,5.397499799728394e-01,5.000000000000000e-01
7.289553366403178e-01,1.412516672062954e-01,10753,21058,3.824633918560014e-01,3.619430781638042e-02,0.000000000000000e+00,1.816927189684834e+00,9.856644981656221e-01,1.014897828495822e-02,0.000000000000000e+00,1.306097562818812e+00,5.057164910284476e+00,1,5.400000214576721e-01,5.200999975204468e-01,5.400000214576721e-01,5.000000000000000e-01
7.289496282486382e-01,1.406698966582605e-01,10758,21063,3.805453188916998e-01,3.684459056699271e-02,0.000000000000000e+00,1.816938919174871e+00,9.856587767701811e-01,1.016902830663175e-02,0.000000000000000e+00,1.306103454658398e+00,5.057180128416404e+00,1,5.402500033378601e-01,5.200999975204468e-01,5.402500033378601e-01,5.000000000000000e-01
7.289439198569589e-01,1.400881261102272e-01,10763,21068,3.786272459274034e-01,3.749487331760926e-02,0.000000000000000e+00,1.816950648664907e+00,9.856530553747400e-01,1.018907832830528e-02,0.000000000000000e+00,1.306109346497984e+00,5.057195346548333e+00,1,5.404999852180481e-01,5.200999975204468e-01,5.404999852180481e-01,5.000000000000000e-01
7.289382101041945e-01,1.395062168472330e-01,10768,21073,3.767087156257305e-01,3.814531111895459e-02,0.000000000000000e+00,1.816962380951673e+00,9.856473326151133e-01,1.020913313062296e-02,0.000000000000000e+00,1.306115239742396e+00,5.057210568308810e+00,1,5.407500267028809e-01,5.200999975204468e-01,5.407500267028809e-01,5.000000000000000e-01
7.289325017125152e-01,1.389244462991999e-01,10773,21078,3.747906426614349e-01,3.879559386957084e-02,0.000000000000000e+00,1.816974110441710e+00,9.856416112196725e-01,1.022918315229647e-02,0.000000000000000e+00,1.306121131581983e+00,5.057225786440741e+00,1,5.410000085830688e-01,5.200999975204468e-01,5.410000085830688e-01,5.000000000000000e-01
7.289267933208360e-01,1.383426757511661e-01,10778,21083,3.728725696971369e-01,3.944587662018798e-02,0.000000000000000e+00,1.816985839931746e+00,9.856358898242318e-01,1.024923317397001e-02,0.000000000000000e+00,1.306127023421569e+00,5.057241004572672e+00,1,5.412499904632568e-01,5.200999975204468e-01,5.412499904632568e-01,5.000000000000000e-01
7.289210849291567e-01,1.377609052031330e-01,10783,21088,3.709544967328412e-01,4.009615937080423e-02,0.000000000000000e+00,1.816997569421782e+00,9.856301684287907e-01,1.026928319564352e-02,0.000000000000000e+00,1.306132915261155e+00,5.057256222704600e+00,1,5.414999723434448e-01,5.200999975204468e-01,5.414999723434448e-01,5.000000000000000e-01
7.289153751763922e-01,1.371789959401383e-01,10788,21093,3.690359664311667e-01,4.074659717214815e-02,0.000000000000000e+00,1.817009301708549e+00,9.856244456691641e-01,1.028933799796122e-02,0.000000000000000e+00,1.306138808505567e+00,5.057271444465078e+00,1,5.417500138282776e-01,5.200999975204468e-01,5.417500138282776e-01,5.000000000000000e-01
7.289096667847128e-01,1.365972253921050e-01,10793,21098,3.671178934668703e-01,4.139687992276470e-02,0.000000000000000e+00,1.817021031198585e+00,9.856187242737231e-01,1.030938801963474e-02,0.000000000000000e+00,1.306144700345154e+00,5.057286662597008e+00,1,5.419999957084656e-01,5.200999975204468e-01,5.419999957084656e-01,5.000000000000000e-01
7.289039583930337e-01,1.360154548440719e-01,10798,21103,3.651998205025747e-01,4.204716267338095e-02,0.000000000000000e+00,1.817032760688621e+00,9.856130028782822e-01,1.032943804130824e-02,0.000000000000000e+00,1.306150592184740e+00,5.057301880728938e+00,1,5.422499775886536e-01,5.200999975204468e-01,5.422499775886536e-01,5.000000000000000e-01
7.288982486402691e-01,1.354335455810770e-01,10803,21108,3.632812902008993e-01,4.269760047472516e-02,0.000000000000000e+00,1.817044492975389e+00,9.856072801186556e-01,1.034949284362595e-02,0.000000000000000e+00,1.306156485429152e+00,5.057317102489416e+00,1,5.425000190734863e-01,5.200999975204468e-01,5.425000190734863e-01,5.000000000000000e-01
7.288925402485897e-01,1.348517750330437e-01,10808,21113,3.613632172366029e-01,4.334788322534170e-02,0.000000000000000e+00,1.817056222465425e+00,9.856015587232148e-01,1.036954286529947e-02,0.000000000000000e+00,1.306162377268739e+00,5.057332320621345e+00,1,5.427500009536743e-01,5.200999975204468e-01,5.427500009536743e-01,5.000000000000000e-01
7.288868318569103e-01,1.342700044850103e-01,10813,21118,3.594451442723065e-01,4.399816597595825e-02,0.000000000000000e+00,1.817067951955461e+00,9.855958373277738e-01,1.038959288697299e-02,0.000000000000000e+00,1.306168269108325e+00,5.057347538753276e+00,1,5.429999828338623e-01,5.200999975204468e-01,5.429999828338623e-01,5.000000000000000e-01
7.288811221041459e-01,1.336880952220156e-01,10818,21123,3.575266139706318e-01,4.464860377730218e-02,0.000000000000000e+00,1.817079684242228e+00,9.855901145681469e-01,1.040964768929068e-02,0.000000000000000e+00,1.306174162352737e+00,5.057362760513753e+00,1,5.432500243186951e-01,5.200999975204468e-01,5.432500243186951e-01,5.000000000000000e-01
7.288754137124667e-01,1.331063246739823e-01,10823,21128,3.556085410063354e-01,4.529888652791872e-02,0.000000000000000e+00,1.817091413732264e+00,9.855843931727062e-01,1.042969771096420e-02,0.000000000000000e+00,1.306180054192323e+00,5.057377978645683e+00,1,5.435000061988831e-01,5.200999975204468e-01,5.435000061988831e-01,5.000000000000000e-01
7.288697053207875e-01,1.325245541259490e-01,10828,21133,3.536904680420390e-01,4.594916927853527e-02,0.000000000000000e+00,1.817103143222300e+00,9.855786717772653e-01,1.044974773263772e-02,0.000000000000000e+00,1.306185946031910e+00,5.057393196777613e+00,1,5.437499880790710e-01,5.200999975204468e-01,5.437499880790710e-01,5.000000000000000e-01
7.288639955680228e-01,1.319426448629543e-01,10833,21138,3.517719377403645e-01,4.659960707987919e-02,0.000000000000000e+00,1.817114875509067e+00,9.855729490176385e-01,1.046980253495541e-02,0.000000000000000e+00,1.306191839276322e+00,5.057408418538091e+00,1,5.440000295639038e-01,5.200999975204468e-01,5.440000295639038e-01,5.000000000000000e-01
7.288582871763437e-01,1.313608743149207e-01,10838,21143,3.498538647760672e-01,4.724988983049602e-02,0.000000000000000e+00,1.817126604999104e+00,9.855672276221978e-01,1.048985255662894e-02,0.000000000000000e+00,1.306197731115908e+00,5.057423636670021e+00,1,5.442500114440918e-01,5.200999975204468e-01,5.442500114440918e-01,5.000000000000000e-01
7.288525787846644e-01,1.307791037668876e-01,10843,21148,3.479357918117716e-01,4.790017258111228e-02,0.000000000000000e+00,1.817138334489139e+00,9.855615062267566e-01,1.050990257830245e-02,0.000000000000000e+00,1.306203622955495e+00,5.057438854801950e+00,1,5.444999933242798e-01,5.200999975204468e-01,5.444999933242798e-01,5.000000000000000e-01
7.288468703929850e-01,1.301973332188543e-01,10848,21153,3.460177188474753e-01,4.855045533172882e-02,0.000000000000000e+00,1.817150063979176e+00,9.855557848313159e-01,1.052995259997597e-02,0.000000000000000e+00,1.306209514795081e+00,5.057454072933879e+00,1,5.447499752044678e-01,5.200999975204468e-01,5.447499752044678e-01,5.000000000000000e-01
7.288411606402205e-01,1.296154239558596e-01,10853,21158,3.440991885458007e-01,4.920089313307275e-02,0.000000000000000e+00,1.817161796265943e+00,9.855500620716892e-01,1.055000740229366e-02,0.000000000000000e+00,1.306215408039493e+00,5.057469294694357e+00,1,5.450000166893005e-01,5.200999975204468e-01,5.450000166893005e-01,5.000000000000000e-01
7.288354522485414e-01,1.290336534078262e-01,10858,21163,3.421811155815043e-01,4.985117588368929e-02,0.000000000000000e+00,1.817173525755979e+00,9.855443406762483e-01,1.057005742396718e-02,0.000000000000000e+00,1.306221299879079e+00,5.057484512826287e+00,1,5.452499985694885e-01,5.200999975204468e-01,5.452499985694885e-01,5.000000000000000e-01
7.288297438568621e-01,1.284518828597929e-01,10863,21168,3.402630426172079e-01,5.050145863430584e-02,0.000000000000000e+00,1.817185255246015e+00,9.855386192808073e-01,1.059010744564070e-02,0.000000000000000e+00,1.306227191718666e+00,5.057499730958217e+00,1,5.454999804496765e-01,5.200999975204468e-01,5.454999804496765e-01,5.000000000000000e-01
7.288240341040975e-01,1.278699735967982e-01,10868,21173,3.383445123155333e-01,5.115189643564976e-02,0.000000000000000e+00,1.817196987532783e+00,9.855328965211807e-01,1.061016224795839e-02,0.000000000000000e+00,1.306233084963078e+00,5.057514952718695e+00,1,5.457500219345093e-01,5.200999975204468e-01,5.457500219345093e-01,5.000000000000000e-01
7.288183257124181e-01,1.272882030487649e-01,10873,21178,3.364264393512368e-01,5.180217918626630e-02,0.000000000000000e+00,1.817208717022819e+00,9.855271751257397e-01,1.063021226963191e-02,0.000000000000000e+00,1.306238976802664e+00,5.057530170850624e+00,1,5.460000038146973e-01,5.200999975204468e-01,5.460000038146973e-01,5.000000000000000e-01
7.288126173207390e-01,1.267064325007315e-01,10878,21183,3.345083663869405e-01,5.245246193688284e-02,0.000000000000000e+00,1.817220446512855e+00,9.855214537302989e-01,1.065026229130543e-02,0.000000000000000e+00,1.306244868642250e+00,5.057545388982554e+00,1,5.462499856948853e-01,5.200999975204468e-01,5.462499856948853e-01,5.000000000000000e-01
7.288069075679744e-01,1.261245232377369e-01,10883,21188,3.325898360852658e-01,5.310289973822678e-02,0.000000000000000e+00,1.817232178799622e+00,9.855157309706721e-01,1.067031709362312e-02,0.000000000000000e+00,1.306250761886663e+00,5.057560610743032e+00,1,5.465000271797180e-01,5.200999975204468e-01,5.465000271797180e-01,5.000000000000000e-01
7.288011991762952e-01,1.255427526897041e-01,10888,21193,3.306717631209711e-01,5.375318248884466e-02,0.000000000000000e+00,1.817243908289658e+00,9.855100095752314e-01,1.069036711529664e-02,0.000000000000000e+00,1.306256653726249e+00,5.057575828874961e+00,1,5.467500090599060e-01,5.200999975204468e-01,5.467500090599060e-01,5.000000000000000e-01
7.287954907846159e-01,1.249609821416702e-01,10893,21198,3.287536901566731e-01,5.440346523945987e-02,0.000000000000000e+00,1.817255637779694e+00,9.855042881797904e-01,1.071041713697016e-02,0.000000000000000e+00,1.306262545565835e+00,5.057591047006891e+00,1,5.469999909400940e-01,5.200999975204468e-01,5.469999909400940e-01,5.000000000000000e-01
7.287897823929366e-01,1.243792115936369e-01,10898,21203,3.268356171923767e-01,5.505374799007640e-02,0.000000000000000e+00,1.817267367269730e+00,9.854985667843494e-01,1.073046715864368e-02,0.000000000000000e+00,1.306268437405421e+00,5.057606265138821e+00,1,5.472499728202820e-01,5.200999975204468e-01,5.472499728202820e-01,5.000000000000000e-01
7.287840726401720e-01,1.237973023306422e-01,10903,21208,3.249170868907020e-01,5.570418579142032e-02,0.000000000000000e+00,1.817279099556497e+00,9.854928440247227e-01,1.075052196096138e-02,0.000000000000000e+00,1.306274330649834e+00,5.057621486899299e+00,1,5.475000143051147e-01,5.200999975204468e-01,5.475000143051147e-01,5.000000000000000e-01
7.287783642484928e-01,1.232155317826088e-01,10908,21213,3.229990139264057e-01,5.635446854203688e-02,0.000000000000000e+00,1.817290829046534e+00,9.854871226292818e-01,1.077057198263489e-02,0.000000000000000e+00,1.306280222489420e+00,5.057636705031229e+00,1,5.477499961853027e-01,5.200999975204468e-01,5.477499961853027e-01,5.000000000000000e-01
7.287726558568135e-01,1.226337612345755e-01,10913,21218,3.210809409621092e-01,5.700475129265342e-02,0.000000000000000e+00,1.817302558536570e+00,9.854814012338410e-01,1.079062200430841e-02,0.000000000000000e+00,1.306286114329006e+00,5.057651923163158e+00,1,5.479999780654907e-01,5.200999975204468e-01,5.479999780654907e-01,5.000000000000000e-01
7.287669461040490e-01,1.220518519715808e-01,10918,21223,3.191624106604347e-01,5.765518909399735e-02,0.000000000000000e+00,1.817314290823337e+00,9.854756784742142e-01,1.081067680662611e-02,0.000000000000000e+00,1.306292007573419e+00,5.057667144923638e+00,1,5.482500195503235e-01,5.200999975204468e-01,5.482500195503235e-01,5.000000000000000e-01
7.287612377123696e-01,1.214700814235475e-01,10923,21228,3.172443376961382e-01,5.830547184461388e-02,0.000000000000000e+00,1.817326020313373e+00,9.854699570787733e-01,1.083072682829963e-02,0.000000000000000e+00,1.306297899413005e+00,5.057682363055566e+00,1,5.485000014305115e-01,5.200999975204468e-01,5.485000014305115e-01,5.000000000000000e-01
7.287555293206904e-01,1.208883108755142e-01,10928,21233,3.153262647318419e-01,5.895575459523043e-02,0.000000000000000e+00,1.817337749803409e+00,9.854642356833325e-01,1.085077684997314e-02,0.000000000000000e+00,1.306303791252591e+00,5.057697581187496e+00,1,5.487499833106995e-01,5.200999975204468e-01,5.487499833106995e-01,5.000000000000000e-01
7.287498195679258e-01,1.203064016125195e-01,10933,21238,3.134077344301672e-01,5.960619239657436e-02,0.000000000000000e+00,1.817349482090177e+00,9.854585129237057e-01,1.087083165229084e-02,0.000000000000000e+00,1.306309684497003e+00,5.057712802947973e+00,1,5.490000247955322e-01,5.200999975204468e-01,5.490000247955322e-01,5.000000000000000e-01
7.287441111762465e-01,1.197246310644861e-01,10938,21243,3.114896614658708e-01,6.025647514719089e-02,0.000000000000000e+00,1.817361211580212e+00,9.854527915282647e-01,1.089088167396435e-02,0.000000000000000e+00,1.306315576336590e+00,5.057728021079903e+00,1,5.492500066757202e-01,5.200999975204468e-01,5.492500066757202e-01,5.000000000000000e-01
7.287384027845674e-01,1.191428605164528e-01,10943,21248,3.095715885015745e-01,6.090675789780745e-02,0.000000000000000e+00,1.817372941070249e+00,9.854470701328240e-01,1.091093169563788e-02,0.000000000000000e+00,1.306321468176176e+00,5.057743239211833e+00,1,5.494999885559082e-01,5.200999975204468e-01,5.494999885559082e-01,5.000000000000000e-01
7.287326943928881e-01,1.185610899684192e-01,10948,21253,3.076535155372772e-01,6.155704064842428e-02,0.000000000000000e+00,1.817384670560285e+00,9.854413487373830e-01,1.093098171731140e-02,0.000000000000000e+00,1.306327360015762e+00,5.057758457343763e+00,1,5.497499704360962e-01,5.200999975204468e-01,5.497499704360962e-01,5.000000000000000e-01
7.287269842509150e-01,1.179791933518635e-01,10953,21259,3.057350179048177e-01,6.220749019311285e-02,0.000000000000000e+00,1.817396403211501e+00,9.854356255153700e-01,1.095103650748410e-02,0.000000000000000e+00,1.306333253431492e+00,5.057773679249342e+00,1,5.500000119209290e-01,5.200999975204468e-01,5.500000119209290e-01,5.000000000000000e-01
7.287131141555629e-01,1.176626186223114e-01,10958,21264,3.045020183532023e-01,6.310403089621586e-02,0.000000000000000e+00,1.817415775190810e+00,9.854202078761805e-01,1.097083184881756e-02,0.000000000000000e+00,1.306342737796342e+00,5.057791940142208e+00,1,5.502499938011169e-01,5.200999975204468e-01,5.502499938011169e-01,5.000000000000000e-01
7.286992440602112e-01,1.173460438927580e-01,10963,21269,3.032690188015836e-01,6.400057159931377e-02,0.000000000000000e+00,1.817435147170119e+00,9.854047902369906e-01,1.099062719015103e-02,0.000000000000000e+00,1.306352222161191e+00,5.057810201035070e+00,1,5.504999756813049e-01,5.200999975204468e-01,5.504999756813049e-01,5.000000000000000e-01
7.286853706577313e-01,1.170293936804374e-01,10968,21274,3.020357252586583e-01,6.489732606986892e-02,0.000000000000000e+00,1.817454523768403e+00,9.853893689216829e-01,1.101042725140374e-02,0.000000000000000e+00,1.306361708787454e+00,5.057828466281989e+00,1,5.507500171661377e-01,5.200999975204468e-01,5.507500171661377e-01,5.000000000000000e-01
7.286715005623792e-01,1.167128189508856e-01,10973,21279,3.008027257070441e-01,6.579386677297112e-02,0.000000000000000e+00,1.817473895747712e+00,9.853739512824935e-01,1.103022259273719e-02,0.000000000000000e+00,1.306371193152303e+00,5.057846727174854e+00,1,5.509999990463257e-01,5.200999975204468e-01,5.509999990463257e-01,5.000000000000000e-01
7.286576304670275e-01,1.163962442213332e-01,10978,21284,2.995697261554282e-01,6.669040747607205e-02,0.000000000000000e+00,1.817493267727021e+00,9.853585336433041e-01,1.105001793407065e-02,0.000000000000000e+00,1.306380677517153e+00,5.057864988067720e+00,1,5.512499809265137e-01,5.200999975204468e-01,5.512499809265137e-01,5.000000000000000e-01
7.286437570645473e-01,1.160795940090127e-01,10983,21289,2.983364326125030e-01,6.758716194662719e-02,0.000000000000000e+00,1.817512644325305e+00,9.853431123279965e-01,1.106981799532336e-02,0.000000000000000e+00,1.306390164143416e+00,5.057883253314636e+00,1,5.515000224113464e-01,5.200999975204468e-01,5.515000224113464e-01,5.000000000000000e-01
7.286298869691956e-01,1.157630192794603e-01,10988,21294,2.971034330608871e-01,6.848370264972811e-02,0.000000000000000e+00,1.817532016304614e+00,9.853276946888069e-01,1.108961333665682e-02,0.000000000000000e+00,1.306399648508265e+00,5.057901514207503e+00,1,5.517500042915344e-01,5.200999975204468e-01,5.517500042915344e-01,5.000000000000000e-01
7.286160168738436e-01,1.154464445499079e-01,10993,21299,2.958704335092712e-01,6.938024335282902e-02,0.000000000000000e+00,1.817551388283923e+00,9.853122770496170e-01,1.110940867799028e-02,0.000000000000000e+00,1.306409132873115e+00,5.057919775100366e+00,1,5.519999861717224e-01,5.200999975204468e-01,5.519999861717224e-01,5.000000000000000e-01
7.286021434713635e-01,1.151297943375873e-01,10998,21304,2.946371399663460e-01,7.027699782338417e-02,0.000000000000000e+00,1.817570764882207e+00,9.852968557343096e-01,1.112920873924299e-02,0.000000000000000e+00,1.306418619499378e+00,5.057938040347285e+00,1,5.522500276565552e-01,5.200999975204468e-01,5.522500276565552e-01,5.000000000000000e-01
7.285882733760118e-01,1.148132196080356e-01,11003,21309,2.934041404147318e-01,7.117353852648636e-02,0.000000000000000e+00,1.817590136861516e+00,9.852814380951200e-01,1.114900408057644e-02,0.000000000000000e+00,1.306428103864227e+00,5.057956301240148e+00,1,5.525000095367432e-01,5.200999975204468e-01,5.525000095367432e-01,5.000000000000000e-01
7.285744032806598e-01,1.144966448784832e-01,11008,21314,2.921711408631159e-01,7.207007922958727e-02,0.000000000000000e+00,1.817609508840826e+00,9.852660204559305e-01,1.116879942190990e-02,0.000000000000000e+00,1.306437588229077e+00,5.057974562133015e+00,1,5.527499914169312e-01,5.200999975204468e-01,5.527499914169312e-01,5.000000000000000e-01
7.285605331853081e-01,1.141800701489299e-01,11013,21319,2.909381413114976e-01,7.296661993268731e-02,0.000000000000000e+00,1.817628880820134e+00,9.852506028167408e-01,1.118859476324338e-02,0.000000000000000e+00,1.306447072593927e+00,5.057992823025880e+00,1,5.529999732971191e-01,5.200999975204468e-01,5.529999732971191e-01,5.000000000000000e-01
7.285466597828280e-01,1.138634199366089e-01,11018,21324,2.897048477685711e-01,7.386337440324080e-02,0.000000000000000e+00,1.817648257418418e+00,9.852351815014333e-01,1.120839482449608e-02,0.000000000000000e+00,1.306456559220189e+00,5.058011088272797e+00,1,5.532500147819519e-01,5.200999975204468e-01,5.532500147819519e-01,5.000000000000000e-01
7.285327896874760e-01,1.135468452070572e-01,11023,21329,2.884718482169570e-01,7.475991510634297e-02,0.000000000000000e+00,1.817667629397727e+00,9.852197638622436e-01,1.122819016582954e-02,0.000000000000000e+00,1.306466043585039e+00,5.058029349165662e+00,1,5.534999966621399e-01,5.200999975204468e-01,5.534999966621399e-01,5.000000000000000e-01
7.285189195921243e-01,1.132302704775047e-01,11028,21334,2.872388486653412e-01,7.565645580944390e-02,0.000000000000000e+00,1.817687001377037e+00,9.852043462230541e-01,1.124798550716300e-02,0.000000000000000e+00,1.306475527949889e+00,5.058047610058527e+00,1,5.537499785423279e-01,5.200999975204468e-01,5.537499785423279e-01,5.000000000000000e-01
7.285050461896443e-01,1.129136202651842e-01,11033,21339,2.860055551224159e-01,7.655321027999905e-02,0.000000000000000e+00,1.817706377975320e+00,9.851889249077463e-01,1.126778556841571e-02,0.000000000000000e+00,1.306485014576151e+00,5.058065875305445e+00,1,5.540000200271606e-01,5.200999975204468e-01,5.540000200271606e-01,5.000000000000000e-01
7.284911760942924e-01,1.125970455356318e-01,11038,21344,2.847725555708000e-01,7.744975098309996e-02,0.000000000000000e+00,1.817725749954630e+00,9.851735072685568e-01,1.128758090974916e-02,0.000000000000000e+00,1.306494498941001e+00,5.058084136198310e+00,1,5.542500019073486e-01,5.200999975204468e-01,5.542500019073486e-01,5.000000000000000e-01
7.284773059989404e-01,1.122804708060794e-01,11043,21349,2.835395560191841e-01,7.834629168620086e-02,0.000000000000000e+00,1.817745121933939e+00,9.851580896293672e-01,1.130737625108263e-02,0.000000000000000e+00,1.306503983305850e+00,5.058102397091174e+00,1,5.544999837875366e-01,5.200999975204468e-01,5.544999837875366e-01,5.000000000000000e-01
7.284634325964605e-01,1.119638205937588e-01,11048,21354,2.823062624762588e-01,7.924304615675602e-02,0.000000000000000e+00,1.817764498532222e+00,9.851426683140596e-01,1.132717631233533e-02,0.000000000000000e+00,1.306513469932113e+00,5.058120662338091e+00,1,5.547500252723694e-01,5.200999975204468e-01,5.547500252723694e-01,5.000000000000000e-01
7.284495625011085e-01,1.116472458642064e-01,11053,21359,2.810732629246430e-01,8.013958685985693e-02,0.000000000000000e+00,1.817783870511532e+00,9.851272506748701e-01,1.134697165366879e-02,0.000000000000000e+00,1.306522954296963e+00,5.058138923230956e+00,1,5.550000071525574e-01,5.200999975204468e-01,5.550000071525574e-01,5.000000000000000e-01
7.284356924057566e-01,1.113306711346540e-01,11058,21364,2.798402633730270e-01,8.103612756295786e-02,0.000000000000000e+00,1.817803242490841e+00,9.851118330356805e-01,1.136676699500225e-02,0.000000000000000e+00,1.306532438661812e+00,5.058157184123822e+00,1,5.552499890327454e-01,5.200999975204468e-01,5.552499890327454e-01,5.000000000000000e-01
7.284218223104048e-01,1.110140964051016e-01,11063,21369,2.786072638214112e-01,8.193266826605874e-02,0.000000000000000e+00,1.817822614470150e+00,9.850964153964910e-01,1.138656233633571e-02,0.000000000000000e+00,1.306541923026662e+00,5.058175445016687e+00,1,5.554999709129333e-01,5.200999975204468e-01,5.554999709129333e-01,5.000000000000000e-01
7.284079489079249e-01,1.106974461927811e-01,11068,21374,2.773739702784859e-01,8.282942273661392e-02,0.000000000000000e+00,1.817841991068434e+00,9.850809940811833e-01,1.140636239758842e-02,0.000000000000000e+00,1.306551409652925e+00,5.058193710263605e+00,1,5.557500123977661e-01,5.200999975204468e-01,5.557500123977661e-01,5.000000000000000e-01
7.283940788125729e-01,1.103808714632287e-01,11073,21379,2.761409707268700e-01,8.372596343971483e-02,0.000000000000000e+00,1.817861363047743e+00,9.850655764419938e-01,1.142615773892188e-02,0.000000000000000e+00,1.306560894017775e+00,5.058211971156470e+00,1,5.559999942779541e-01,5.200999975204468e-01,5.559999942779541e-01,5.000000000000000e-01
7.283802087172211e-01,1.100642967336763e-01,11078,21384,2.749079711752541e-01,8.462250414281575e-02,0.000000000000000e+00,1.817880735027052e+00,9.850501588028040e-01,1.144595308025534e-02,0.000000000000000e+00,1.306570378382624e+00,5.058230232049334e+00,1,5.562499761581421e-01,5.200999975204468e-01,5.562499761581421e-01,5.000000000000000e-01
7.283663353147410e-01,1.097476465213557e-01,11083,21389,2.736746776323288e-01,8.551925861337090e-02,0.000000000000000e+00,1.817900111625335e+00,9.850347374874966e-01,1.146575314150805e-02,0.000000000000000e+00,1.306579865008886e+00,5.058248497296252e+00,1,5.565000176429749e-01,5.200999975204468e-01,5.565000176429749e-01,5.000000000000000e-01
7.283524652193891e-01,1.094310717918033e-01,11088,21394,2.724416780807129e-01,8.641579931647181e-02,0.000000000000000e+00,1.817919483604645e+00,9.850193198483068e-01,1.148554848284151e-02,0.000000000000000e+00,1.306589349373736e+00,5.058266758189117e+00,1,5.567499995231628e-01,5.200999975204468e-01,5.567499995231628e-01,5.000000000000000e-01
7.283385951240373e-01,1.091144970622509e-01,11093,21399,2.712086785290970e-01,8.731234001957272e-02,0.000000000000000e+00,1.817938855583954e+00,9.850039022091175e-01,1.150534382417497e-02,0.000000000000000e+00,1.306598833738586e+00,5.058285019081983e+00,1,5.569999814033508e-01,5.200999975204468e-01,5.569999814033508e-01,5.000000000000000e-01
7.283247217215574e-01,1.087978468499313e-01,11098,21404,2.699753849861742e-01,8.820909449012870e-02,0.000000000000000e+00,1.817958232182238e+00,9.849884808938099e-01,1.152514388542766e-02,0.000000000000000e+00,1.306608320364849e+00,5.058303284328900e+00,1,5.572500228881836e-01,5.200999975204468e-01,5.572500228881836e-01,5.000000000000000e-01
7.283108516262053e-01,1.084812721203779e-01,11103,21409,2.687423854345559e-01,8.910563519322878e-02,0.000000000000000e+00,1.817977604161547e+00,9.849730632546201e-01,1.154493922676113e-02,0.000000000000000e+00,1.306617804729698e+00,5.058321545221764e+00,1,5.575000047683716e-01,5.200999975204468e-01,5.575000047683716e-01,5.000000000000000e-01
7.282969815308535e-01,1.081646973908256e-01,11108,21414,2.675093858829400e-01,9.000217589632971e-02,0.000000000000000e+00,1.817996976140856e+00,9.849576456154305e-01,1.156473456809460e-02,0.000000000000000e+00,1.306627289094548e+00,5.058339806114630e+00,1,5.577499866485596e-01,5.200999975204468e-01,5.577499866485596e-01,5.000000000000000e-01
7.282831081283734e-01,1.078480471785050e-01,11113,21419,2.662760923400147e-01,9.089893036688486e-02,0.000000000000000e+00,1.818016352739140e+00,9.849422243001229e-01,1.158453462934731e-02,0.000000000000000e+00,1.306636775720810e+00,5.058358071361547e+00,1,5.580000281333923e-01,5.200999975204468e-01,5.580000281333923e-01,5.000000000000000e-01
7.282692380330217e-01,1.075314724489526e-01,11118,21424,2.650430927883988e-01,9.179547106998578e-02,0.000000000000000e+00,1.818035724718449e+00,9.849268066609334e-01,1.160432997068077e-02,0.000000000000000e+00,1.306646260085660e+00,5.058376332254413e+00,1,5.582500100135803e-01,5.200999975204468e-01,5.582500100135803e-01,5.000000000000000e-01
7.282553679376698e-01,1.072148977194002e-01,11123,21429,2.638100932367829e-01,9.269201177308668e-02,0.000000000000000e+00,1.818055096697758e+00,9.849113890217438e-01,1.162412531201423e-02,0.000000000000000e+00,1.306655744450510e+00,5.058394593147277e+00,1,5.584999918937683e-01,5.200999975204468e-01,5.584999918937683e-01,5.000000000000000e-01
7.282414978423177e-01,1.068983229898478e-01,11128,21434,2.625770936851670e-01,9.358855247618758e-02,0.000000000000000e+00,1.818074468677067e+00,9.848959713825542e-01,1.164392065334768e-02,0.000000000000000e+00,1.306665228815360e+00,5.058412854040142e+00,1,5.587499737739563e-01,5.200999975204468e-01,5.587499737739563e-01,5.000000000000000e-01
7.282276244398379e-01,1.065816727775273e-01,11133,21439,2.613438001422417e-01,9.448530694674276e-02,0.000000000000000e+00,1.818093845275351e+00,9.848805500672466e-01,1.166372071460040e-02,0.000000000000000e+00,1.306674715441622e+00,5.058431119287059e+00,1,5.590000152587891e-01,5.200999975204468e-01,5.590000152587891e-01,5.000000000000000e-01
7.282137543444860e-01,1.062650980479748e-01,11138,21444,2.601108005906259e-01,9.538184764984367e-02,0.000000000000000e+00,1.818113217254660e+00,9.848651324280571e-01,1.168351605593385e-02,0.000000000000000e+00,1.306684199806472e+00,5.058449380179924e+00,1,5.592499971389771e-01,5.200999975204468e-01,5.592499971389771e-01,5.000000000000000e-01
7.281998842491341e-01,1.059485233184224e-01,11143,21449,2.588778010390099e-01,9.627838835294457e-02,0.000000000000000e+00,1.818132589233970e+00,9.848497147888675e-01,1.170331139726731e-02,0.000000000000000e+00,1.306693684171321e+00,5.058467641072791e+00,1,5.594999790191650e-01,5.200999975204468e-01,5.594999790191650e-01,5.000000000000000e-01
7.281860108466541e-01,1.056318731061020e-01,11148,21454,2.576445074960853e-01,9.717514282349933e-02,0.000000000000000e+00,1.818151965832253e+00,9.848342934735598e-01,1.172311145852001e-02,0.000000000000000e+00,1.306703170797584e+00,5.058485906319707e+00,1,5.597500205039978e-01,5.200999975204468e-01,5.597500205039978e-01,5.000000000000000e-01
7.281721407513022e-01,1.053152983765495e-01,11153,21460,2.564115079444688e-01,9.807168352660062e-02,0.000000000000000e+00,1.818171337811562e+00,9.848188758343702e-01,1.174290679985348e-02,0.000000000000000e+00,1.306712655162434e+00,5.058504167212572e+00,1,5.600000023841858e-01,5.200999975204468e-01,5.600000023841858e-01,5.000000000000000e-01
7.281479747111913e-01,1.051684477283171e-01,11158,21465,2.551833147822094e-01,9.940925445708505e-02,0.000000000000000e+00,1.818200998213785e+00,9.847908415307703e-01,1.175924008448717e-02,0.000000000000000e+00,1.306725578871139e+00,5.058522034864542e+00,1,5.602499842643738e-01,5.200999975204468e-01,5.602499842643738e-01,5.000000000000000e-01
7.281238030072493e-01,1.050215604465196e-01,11163,21470,2.539548287288015e-01,1.007471401051830e-01,0.000000000000000e+00,1.818230665589963e+00,9.847628006631454e-01,1.177557729658834e-02,0.000000000000000e+00,1.306738505628509e+00,5.058539906780550e+00,1,5.605000257492065e-01,5.200999975204468e-01,5.605000257492065e-01,5.000000000000000e-01
7.280996370653345e-01,1.048747081795686e-01,11168,21475,2.527266355206966e-01,1.020847068294096e-01,0.000000000000000e+00,1.818260325894061e+00,9.847347664798750e-01,1.179191061424088e-02,0.000000000000000e+00,1.306751429304412e+00,5.058557774436270e+00,1,5.607500076293945e-01,5.200999975204468e-01,5.607500076293945e-01,5.000000000000000e-01
7.280754711234195e-01,1.047278559126194e-01,11173,21480,2.514984423125972e-01,1.034222735536373e-01,0.000000000000000e+00,1.818289986198159e+00,9.847067322966047e-01,1.180824393189339e-02,0.000000000000000e+00,1.306764352980314e+00,5.058575642091989e+00,1,5.609999895095825e-01,5.200999975204468e-01,5.609999895095825e-01,5.000000000000000e-01
7.280513051815047e-01,1.045810036456694e-01,11178,21485,2.502702491044956e-01,1.047598402778639e-01,0.000000000000000e+00,1.818319646502258e+00,9.846786981133344e-01,1.182457724954591e-02,0.000000000000000e+00,1.306777276656217e+00,5.058593509747709e+00,1,5.612499713897705e-01,5.200999975204468e-01,5.612499713897705e-01,5.000000000000000e-01
7.280271334775626e-01,1.044341163638728e-01,11183,21490,2.490417630510897e-01,1.060977259259631e-01,0.000000000000000e+00,1.818349313878436e+00,9.846506572457093e-01,1.184091446164707e-02,0.000000000000000e+00,1.306790203413587e+00,5.058611381663718e+00,1,5.615000128746033e-01,5.200999975204468e-01,5.615000128746033e-01,5.000000000000000e-01
7.280029675356479e-01,1.042872640969228e-01,11188,21495,2.478135698429887e-01,1.074352926501890e-01,0.000000000000000e+00,1.818378974182534e+00,9.846226230624391e-01,1.185724777929958e-02,0.000000000000000e+00,1.306803127089490e+00,5.058629249319438e+00,1,5.617499947547913e-01,5.200999975204468e-01,5.617499947547913e-01,5.000000000000000e-01
7.279788015937328e-01,1.041404118299728e-01,11193,21500,2.465853766348870e-01,1.087728593744156e-01,0.000000000000000e+00,1.818408634486632e+00,9.845945888791687e-01,1.187358109695210e-02,0.000000000000000e+00,1.306816050765392e+00,5.058647116975157e+00,1,5.619999766349792e-01,5.200999975204468e-01,5.619999766349792e-01,5.000000000000000e-01
7.279546298897910e-01,1.039935245481760e-01,11198,21505,2.453568905814801e-01,1.101107450225159e-01,0.000000000000000e+00,1.818438301862811e+00,9.845665480115436e-01,1.188991830905328e-02,0.000000000000000e+00,1.306828977522763e+00,5.058664988891165e+00,1,5.622500181198120e-01,5.200999975204468e-01,5.622500181198120e-01,5.000000000000000e-01
7.279304639478761e-01,1.038466722812260e-01,11203,21510,2.441286973733785e-01,1.114483117467425e-01,0.000000000000000e+00,1.818467962166909e+00,9.845385138282732e-01,1.190625162670580e-02,0.000000000000000e+00,1.306841901198665e+00,5.058682856546885e+00,1,5.625000000000000e-01,5.200999975204468e-01,5.625000000000000e-01,5.000000000000000e-01
7.279062980059612e-01,1.036998200142760e-01,11208,21515,2.429005041652774e-01,1.127858784709685e-01,0.000000000000000e+00,1.818497622471007e+00,9.845104796450030e-01,1.192258494435831e-02,0.000000000000000e+00,1.306854824874568e+00,5.058700724202605e+00,1,5.627499818801880e-01,5.200999975204468e-01,5.627499818801880e-01,5.000000000000000e-01
7.278821263020192e-01,1.035529327324801e-01,11213,21520,2.416720181118727e-01,1.141237641190701e-01,0.000000000000000e+00,1.818527289847185e+00,9.844824387773780e-01,1.193892215645948e-02,0.000000000000000e+00,1.306867751631938e+00,5.058718596118614e+00,1,5.630000233650208e-01,5.200999975204468e-01,5.630000233650208e-01,5.000000000000000e-01
7.278579603601042e-01,1.034060804655292e-01,11218,21525,2.404438249037688e-01,1.154613308432954e-01,0.000000000000000e+00,1.818556950151283e+00,9.844544045941073e-01,1.195525547411200e-02,0.000000000000000e+00,1.306880675307841e+00,5.058736463774332e+00,1,5.632500052452087e-01,5.200999975204468e-01,5.632500052452087e-01,5.000000000000000e-01
7.278337944181894e-01,1.032592281985792e-01,11223,21530,2.392156316956672e-01,1.167988975675219e-01,0.000000000000000e+00,1.818586610455381e+00,9.844263704108371e-01,1.197158879176452e-02,0.000000000000000e+00,1.306893598983744e+00,5.058754331430053e+00,1,5.634999871253967e-01,5.200999975204468e-01,5.634999871253967e-01,5.000000000000000e-01
7.278096227142474e-01,1.031123409167824e-01,11228,21535,2.379871456422608e-01,1.181367832156217e-01,0.000000000000000e+00,1.818616277831559e+00,9.843983295432119e-01,1.198792600386569e-02,0.000000000000000e+00,1.306906525741114e+00,5.058772203346062e+00,1,5.637500286102295e-01,5.200999975204468e-01,5.637500286102295e-01,5.000000000000000e-01
7.277854567723325e-01,1.029654886498324e-01,11233,21540,2.367589524341592e-01,1.194743499398483e-01,0.000000000000000e+00,1.818645938135658e+00,9.843702953599418e-01,1.200425932151821e-02,0.000000000000000e+00,1.306919449417016e+00,5.058790071001780e+00,1,5.640000104904175e-01,5.200999975204468e-01,5.640000104904175e-01,5.000000000000000e-01
7.277612908304177e-01,1.028186363828824e-01,11238,21545,2.355307592260576e-01,1.208119166640748e-01,0.000000000000000e+00,1.818675598439756e+00,9.843422611766716e-01,1.202059263917073e-02,0.000000000000000e+00,1.306932373092919e+00,5.058807938657500e+00,1,5.642499923706055e-01,5.200999975204468e-01,5.642499923706055e-01,5.000000000000000e-01
7.277371248885027e-01,1.026717841159324e-01,11243,21550,2.343025660179559e-01,1.221494833883014e-01,0.000000000000000e+00,1.818705258743854e+00,9.843142269934010e-01,1.203692595682324e-02,0.000000000000000e+00,1.306945296768822e+00,5.058825806313219e+00,1,5.644999742507935e-01,5.200999975204468e-01,5.644999742507935e-01,5.000000000000000e-01
7.277129531845608e-01,1.025248968341356e-01,11248,21555,2.330740799645496e-01,1.234873690364011e-01,0.000000000000000e+00,1.818734926120032e+00,9.842861861257761e-01,1.205326316892442e-02,0.000000000000000e+00,1.306958223526192e+00,5.058843678229229e+00,1,5.647500157356262e-01,5.200999975204468e-01,5.647500157356262e-01,5.000000000000000e-01
7.276887872426459e-01,1.023780445671856e-01,11253,21560,2.318458867564479e-01,1.248249357606277e-01,0.000000000000000e+00,1.818764586424130e+00,9.842581519425057e-01,1.206959648657693e-02,0.000000000000000e+00,1.306971147202095e+00,5.058861545884948e+00,1,5.649999976158142e-01,5.200999975204468e-01,5.649999976158142e-01,5.000000000000000e-01
7.276646213007310e-01,1.022311923002347e-01,11258,21565,2.306176935483438e-01,1.261625024848530e-01,0.000000000000000e+00,1.818794246728229e+00,9.842301177592353e-01,1.208592980422946e-02,0.000000000000000e+00,1.306984070877997e+00,5.058879413540666e+00,1,5.652499794960022e-01,5.200999975204468e-01,5.652499794960022e-01,5.000000000000000e-01
7.276404495967890e-01,1.020843050184380e-01,11263,21570,2.293892074949375e-01,1.275003881329527e-01,0.000000000000000e+00,1.818823914104407e+00,9.842020768916102e-01,1.210226701633063e-02,0.000000000000000e+00,1.306996997635367e+00,5.058897285456677e+00,1,5.655000209808350e-01,5.200999975204468e-01,5.655000209808350e-01,5.000000000000000e-01
7.276162836548742e-01,1.019374527514889e-01,11268,21575,2.281610142868383e-01,1.288379548571806e-01,0.000000000000000e+00,1.818853574408505e+00,9.841740427083400e-01,1.211860033398314e-02,0.000000000000000e+00,1.307009921311270e+00,5.058915153112396e+00,1,5.657500028610229e-01,5.200999975204468e-01,5.657500028610229e-01,5.000000000000000e-01
7.275921177129592e-01,1.017906004845388e-01,11273,21580,2.269328210787367e-01,1.301755215814071e-01,0.000000000000000e+00,1.818883234712603e+00,9.841460085250695e-01,1.213493365163566e-02,0.000000000000000e+00,1.307022844987173e+00,5.058933020768115e+00,1,5.659999847412109e-01,5.200999975204468e-01,5.659999847412109e-01,5.000000000000000e-01
7.275679460090172e-01,1.016437132027421e-01,11278,21585,2.257043350253303e-01,1.315134072295069e-01,0.000000000000000e+00,1.818912902088782e+00,9.841179676574447e-01,1.215127086373683e-02,0.000000000000000e+00,1.307035771744543e+00,5.058950892684125e+00,1,5.662500262260437e-01,5.200999975204468e-01,5.662500262260437e-01,5.000000000000000e-01
7.275437800671023e-01,1.014968609357921e-01,11283,21590,2.244761418172286e-01,1.328509739537335e-01,0.000000000000000e+00,1.818942562392879e+00,9.840899334741742e-01,1.216760418138934e-02,0.000000000000000e+00,1.307048695420446e+00,5.058968760339844e+00,1,5.665000081062317e-01,5.200999975204468e-01,5.665000081062317e-01,5.000000000000000e-01
7.275196141251874e-01,1.013500086688420e-01,11288,21595,2.232479486091271e-01,1.341885406779600e-01,0.000000000000000e+00,1.818972222696978e+00,9.840618992909038e-01,1.218393749904186e-02,0.000000000000000e+00,1.307061619096348e+00,5.058986627995562e+00,1,5.667499899864197e-01,5.200999975204468e-01,5.667499899864197e-01,5.000000000000000e-01
7.274954481832725e-01,1.012031564018921e-01,11293,21600,2.220197554010260e-01,1.355261074021860e-01,0.000000000000000e+00,1.819001883001076e+00,9.840338651076336e-01,1.220027081669437e-02,0.000000000000000e+00,1.307074542772251e+00,5.059004495651283e+00,1,5.669999718666077e-01,5.200999975204468e-01,5.669999718666077e-01,5.000000000000000e-01
7.274712764793305e-01,1.010562691200953e-01,11298,21605,2.207912693476191e-01,1.368639930502863e-01,0.000000000000000e+00,1.819031550377254e+00,9.840058242400085e-01,1.221660802879555e-02,0.000000000000000e+00,1.307087469529621e+00,5.059022367567291e+00,1,5.672500133514404e-01,5.200999975204468e-01,5.672500133514404e-01,5.000000000000000e-01
7.274471105374157e-01,1.009094168531453e-01,11303,21610,2.195630761395174e-01,1.382015597745129e-01,0.000000000000000e+00,1.819061210681352e+00,9.839777900567380e-01,1.223294134644807e-02,0.000000000000000e+00,1.307100393205524e+00,5.059040235223010e+00,1,5.674999952316284e-01,5.200999975204468e-01,5.674999952316284e-01,5.000000000000000e-01
7.274229445955007e-01,1.007625645861944e-01,11308,21615,2.183348829314131e-01,1.395391264987381e-01,0.000000000000000e+00,1.819090870985451e+00,9.839497558734678e-01,1.224927466410059e-02,0.000000000000000e+00,1.307113316881427e+00,5.059058102878730e+00,1,5.677499771118164e-01,5.200999975204468e-01,5.677499771118164e-01,5.000000000000000e-01
7.273987728915587e-01,1.006156773043985e-01,11313,21620,2.171063968780094e-01,1.408770121468392e-01,0.000000000000000e+00,1.819120538361629e+00,9.839217150058427e-01,1.226561187620176e-02,0.000000000000000e+00,1.307126243638797e+00,5.059075974794739e+00,1,5.680000185966492e-01,5.200999975204468e-01,5.680000185966492e-01,5.000000000000000e-01
7.273746069496440e-01,1.004688250374485e-01,11318,21625,2.158782036699078e-01,1.422145788710658e-01,0.000000000000000e+00,1.819150198665727e+00,9.838936808225724e-01,1.228194519385428e-02,0.000000000000000e+00,1.307139167314700e+00,5.059093842450459e+00,1,5.682500004768372e-01,5.200999975204468e-01,5.682500004768372e-01,5.000000000000000e-01
7.273504410077289e-01,1.003219727704985e-01,11323,21630,2.146500104618062e-01,1.435521455952923e-01,0.000000000000000e+00,1.819179858969825e+00,9.838656466393021e-01,1.229827851150679e-02,0.000000000000000e+00,1.307152090990602e+00,5.059111710106178e+00,1,5.684999823570251e-01,5.200999975204468e-01,5.684999823570251e-01,5.000000000000000e-01
7.273262693037871e-01,1.001750854887018e-01,11328,21635,2.134215244083998e-01,1.448900312433921e-01,0.000000000000000e+00,1.819209526346004e+00,9.838376057716770e-01,1.231461572360796e-02,0.000000000000000e+00,1.307165017747972e+00,5.059129582022187e+00,1,5.687500238418579e-01,5.200999975204468e-01,5.687500238418579e-01,5.000000000000000e-01
7.273021033618721e-01,1.000282332217526e-01,11333,21640,2.121933312003009e-01,1.462275979676200e-01,0.000000000000000e+00,1.819239186650102e+00,9.838095715884067e-01,1.233094904126047e-02,0.000000000000000e+00,1.307177941423875e+00,5.059147449677906e+00,1,5.690000057220459e-01,5.200999975204468e-01,5.690000057220459e-01,5.000000000000000e-01
7.272779374199572e-01,9.988138095480169e-02,11338,21645,2.109651379921965e-01,1.475651646918452e-01,0.000000000000000e+00,1.819268846954200e+00,9.837815374051363e-01,1.234728235891300e-02,0.000000000000000e+00,1.307190865099778e+00,5.059165317333626e+00,1,5.692499876022339e-01,5.200999975204468e-01,5.692499876022339e-01,5.000000000000000e-01
7.272537657160153e-01,9.973449367300499e-02,11343,21650,2.097366519387902e-01,1.489030503399450e-01,0.000000000000000e+00,1.819298514330378e+00,9.837534965375112e-01,1.236361957101417e-02,0.000000000000000e+00,1.307203791857148e+00,5.059183189249636e+00,1,5.695000290870667e-01,5.200999975204468e-01,5.695000290870667e-01,5.000000000000000e-01
7.272295997741004e-01,9.958764140605494e-02,11348,21655,2.085084587306885e-01,1.502406170641715e-01,0.000000000000000e+00,1.819328174634476e+00,9.837254623542409e-01,1.237995288866669e-02,0.000000000000000e+00,1.307216715533051e+00,5.059201056905355e+00,1,5.697500109672546e-01,5.200999975204468e-01,5.697500109672546e-01,5.000000000000000e-01
7.272054338321854e-01,9.944078913910492e-02,11353,21661,2.072802655225869e-01,1.515781837883981e-01,0.000000000000000e+00,1.819357834938574e+00,9.836974281709705e-01,1.239628620631921e-02,0.000000000000000e+00,1.307229639208953e+00,5.059218924561074e+00,1,5.699999928474426e-01,5.200999975204468e-01,5.699999928474426e-01,5.000000000000000e-01
7.271702701697711e-01,9.957868800634627e-02,11358,21666,2.067597001001276e-01,1.526923220442120e-01,0.000000000000000e+00,1.819403957781323e+00,9.836554041259369e-01,1.241339907210711e-02,0.000000000000000e+00,1.307245044162048e+00,5.059231766835796e+00,1,5.702499747276306e-01,5.200999975204468e-01,5.702499747276306e-01,5.000000000000000e-01
7.271350978083245e-01,9.971662790318525e-02,11363,21671,2.062390308084746e-01,1.538067195560308e-01,0.000000000000000e+00,1.819450092092569e+00,9.836133696604749e-01,1.243051604052653e-02,0.000000000000000e+00,1.307260452859251e+00,5.059244612028754e+00,1,5.705000162124634e-01,5.200999975204468e-01,5.705000162124634e-01,5.000000000000000e-01
7.270999338312312e-01,9.985453491804470e-02,11368,21676,2.057184856334529e-01,1.549208514188568e-01,0.000000000000000e+00,1.819496215406363e+00,9.835713452151476e-01,1.244762892861974e-02,0.000000000000000e+00,1.307275857883344e+00,5.059257454159685e+00,1,5.707499980926514e-01,5.200999975204468e-01,5.707499980926514e-01,5.000000000000000e-01
7.270647698541378e-01,9.999244193290507e-02,11373,21681,2.051979404584338e-01,1.560349832816846e-01,0.000000000000000e+00,1.819542338720157e+00,9.835293207698202e-01,1.246474181671296e-02,0.000000000000000e+00,1.307291262907436e+00,5.059270296290616e+00,1,5.709999799728394e-01,5.200999975204468e-01,5.709999799728394e-01,5.000000000000000e-01
7.270295974926911e-01,1.001303818297433e-01,11378,21686,2.046772711667777e-01,1.571493807935027e-01,0.000000000000000e+00,1.819588473031402e+00,9.834872863043581e-01,1.248185878513238e-02,0.000000000000000e+00,1.307306671604639e+00,5.059283141483571e+00,1,5.712500214576721e-01,5.200999975204468e-01,5.712500214576721e-01,5.000000000000000e-01
7.269944335155976e-01,1.002682888446036e-01,11383,21691,2.041567259917587e-01,1.582635126563305e-01,0.000000000000000e+00,1.819634596345196e+00,9.834452618590309e-01,1.249897167322560e-02,0.000000000000000e+00,1.307322076628731e+00,5.059295983614502e+00,1,5.715000033378601e-01,5.200999975204468e-01,5.715000033378601e-01,5.000000000000000e-01
7.269592695385043e-01,1.004061958594641e-01,11388,21696,2.036361808167395e-01,1.593776445191588e-01,0.000000000000000e+00,1.819680719658990e+00,9.834032374137037e-01,1.251608456131882e-02,0.000000000000000e+00,1.307337481652824e+00,5.059308825745434e+00,1,5.717499852180481e-01,5.200999975204468e-01,5.717499852180481e-01,5.000000000000000e-01
7.269240971770576e-01,1.005441357563022e-01,11393,21701,2.031155115250838e-01,1.604920420309758e-01,0.000000000000000e+00,1.819726853970235e+00,9.833612029482417e-01,1.253320152973823e-02,0.000000000000000e+00,1.307352890350026e+00,5.059321670938390e+00,1,5.720000267028809e-01,5.200999975204468e-01,5.720000267028809e-01,5.000000000000000e-01
7.268889331999641e-01,1.006820427711625e-01,11398,21706,2.025949663500650e-01,1.616061738938031e-01,0.000000000000000e+00,1.819772977284029e+00,9.833191785029144e-01,1.255031441783144e-02,0.000000000000000e+00,1.307368295374119e+00,5.059334513069321e+00,1,5.722500085830688e-01,5.200999975204468e-01,5.722500085830688e-01,5.000000000000000e-01
7.268537692228707e-01,1.008199497860222e-01,11403,21711,2.020744211750426e-01,1.627203057566302e-01,0.000000000000000e+00,1.819819100597822e+00,9.832771540575870e-01,1.256742730592466e-02,0.000000000000000e+00,1.307383700398211e+00,5.059347355200252e+00,1,5.724999904632568e-01,5.200999975204468e-01,5.724999904632568e-01,5.000000000000000e-01
7.268186052457773e-01,1.009578568008832e-01,11408,21716,2.015538760000268e-01,1.638344376194593e-01,0.000000000000000e+00,1.819865223911616e+00,9.832351296122597e-01,1.258454019401788e-02,0.000000000000000e+00,1.307399105422304e+00,5.059360197331184e+00,1,5.727499723434448e-01,5.200999975204468e-01,5.727499723434448e-01,5.000000000000000e-01
7.267834328843309e-01,1.010957966977214e-01,11413,21721,2.010332067083709e-01,1.649488351312768e-01,0.000000000000000e+00,1.819911358222862e+00,9.831930951467978e-01,1.260165716243730e-02,0.000000000000000e+00,1.307414514119507e+00,5.059373042524140e+00,1,5.730000138282776e-01,5.200999975204468e-01,5.730000138282776e-01,5.000000000000000e-01
7.267482689072373e-01,1.012337037125817e-01,11418,21726,2.005126615333518e-01,1.660629669941046e-01,0.000000000000000e+00,1.819957481536656e+00,9.831510707014705e-01,1.261877005053051e-02,0.000000000000000e+00,1.307429919143599e+00,5.059385884655071e+00,1,5.732499957084656e-01,5.200999975204468e-01,5.732499957084656e-01,5.000000000000000e-01
7.267131049301438e-01,1.013716107274421e-01,11423,21731,1.999921163583328e-01,1.671770988569324e-01,0.000000000000000e+00,1.820003604850450e+00,9.831090462561431e-01,1.263588293862373e-02,0.000000000000000e+00,1.307445324167692e+00,5.059398726786003e+00,1,5.734999775886536e-01,5.200999975204468e-01,5.734999775886536e-01,5.000000000000000e-01
7.266779325686974e-01,1.015095506242802e-01,11428,21736,1.994714470666769e-01,1.682914963687499e-01,0.000000000000000e+00,1.820049739161695e+00,9.830670117906811e-01,1.265299990704314e-02,0.000000000000000e+00,1.307460732864894e+00,5.059411571978957e+00,1,5.737500190734863e-01,5.200999975204468e-01,5.737500190734863e-01,5.000000000000000e-01
7.266427685916039e-01,1.016474576391406e-01,11433,21741,1.989509018916579e-01,1.694056282315777e-01,0.000000000000000e+00,1.820095862475489e+00,9.830249873453538e-01,1.267011279513636e-02,0.000000000000000e+00,1.307476137888987e+00,5.059424414109889e+00,1,5.740000009536743e-01,5.200999975204468e-01,5.740000009536743e-01,5.000000000000000e-01
7.266076046145105e-01,1.017853646540015e-01,11438,21746,1.984303567166423e-01,1.705197600944067e-01,0.000000000000000e+00,1.820141985789283e+00,9.829829629000266e-01,1.268722568322958e-02,0.000000000000000e+00,1.307491542913079e+00,5.059437256240821e+00,1,5.742499828338623e-01,5.200999975204468e-01,5.742499828338623e-01,5.000000000000000e-01
7.265724322530640e-01,1.019233045508391e-01,11443,21751,1.979096874249830e-01,1.716341576062231e-01,0.000000000000000e+00,1.820188120100529e+00,9.829409284345644e-01,1.270434265164900e-02,0.000000000000000e+00,1.307506951610282e+00,5.059450101433777e+00,1,5.745000243186951e-01,5.200999975204468e-01,5.745000243186951e-01,5.000000000000000e-01
7.265372682759704e-01,1.020612115656989e-01,11448,21756,1.973891422499605e-01,1.727482894690498e-01,0.000000000000000e+00,1.820234243414322e+00,9.828989039892370e-01,1.272145553974222e-02,0.000000000000000e+00,1.307522356634374e+00,5.059462943564708e+00,1,5.747500061988831e-01,5.200999975204468e-01,5.747500061988831e-01,5.000000000000000e-01
7.265021042988771e-01,1.021991185805598e-01,11453,21761,1.968685970749450e-01,1.738624213318787e-01,0.000000000000000e+00,1.820280366728116e+00,9.828568795439099e-01,1.273856842783543e-02,0.000000000000000e+00,1.307537761658466e+00,5.059475785695639e+00,1,5.749999880790710e-01,5.200999975204468e-01,5.749999880790710e-01,5.000000000000000e-01
7.264669319374304e-01,1.023370584773980e-01,11458,21766,1.963479277832891e-01,1.749768188436963e-01,0.000000000000000e+00,1.820326501039362e+00,9.828148450784479e-01,1.275568539625484e-02,0.000000000000000e+00,1.307553170355669e+00,5.059488630888596e+00,1,5.752500295639038e-01,5.200999975204468e-01,5.752500295639038e-01,5.000000000000000e-01
7.264317679603370e-01,1.024749654922583e-01,11463,21771,1.958273826082701e-01,1.760909507065241e-01,0.000000000000000e+00,1.820372624353155e+00,9.827728206331205e-01,1.277279828434806e-02,0.000000000000000e+00,1.307568575379761e+00,5.059501473019527e+00,1,5.755000114440918e-01,5.200999975204468e-01,5.755000114440918e-01,5.000000000000000e-01
7.263966039832437e-01,1.026128725071187e-01,11468,21776,1.953068374332511e-01,1.772050825693519e-01,0.000000000000000e+00,1.820418747666949e+00,9.827307961877931e-01,1.278991117244128e-02,0.000000000000000e+00,1.307583980403854e+00,5.059514315150459e+00,1,5.757499933242798e-01,5.200999975204468e-01,5.757499933242798e-01,5.000000000000000e-01
7.263614400061502e-01,1.027507795219791e-01,11473,21781,1.947862922582320e-01,1.783192144321797e-01,0.000000000000000e+00,1.820464870980743e+00,9.826887717424659e-01,1.280702406053449e-02,0.000000000000000e+00,1.307599385427946e+00,5.059527157281389e+00,1,5.759999752044678e-01,5.200999975204468e-01,5.759999752044678e-01,5.000000000000000e-01
7.263262676447036e-01,1.028887194188172e-01,11478,21786,1.942656229665762e-01,1.794336119439972e-01,0.000000000000000e+00,1.820511005291988e+00,9.826467372770040e-01,1.282414102895391e-02,0.000000000000000e+00,1.307614794125149e+00,5.059540002474346e+00,1,5.762500166893005e-01,5.200999975204468e-01,5.762500166893005e-01,5.000000000000000e-01
7.262911036676101e-01,1.030266264336776e-01,11483,21791,1.937450777915571e-01,1.805477438068250e-01,0.000000000000000e+00,1.820557128605782e+00,9.826047128316765e-01,1.284125391704713e-02,0.000000000000000e+00,1.307630199149242e+00,5.059552844605276e+00,1,5.764999985694885e-01,5.200999975204468e-01,5.764999985694885e-01,5.000000000000000e-01
7.262559396905166e-01,1.031645334485379e-01,11488,21796,1.932245326165381e-01,1.816618756696529e-01,0.000000000000000e+00,1.820603251919576e+00,9.825626883863492e-01,1.285836680514034e-02,0.000000000000000e+00,1.307645604173334e+00,5.059565686736208e+00,1,5.767499804496765e-01,5.200999975204468e-01,5.767499804496765e-01,5.000000000000000e-01
7.262207673290701e-01,1.033024733453761e-01,11493,21801,1.927038633248822e-01,1.827762731814704e-01,0.000000000000000e+00,1.820649386230822e+00,9.825206539208873e-01,1.287548377355976e-02,0.000000000000000e+00,1.307661012870537e+00,5.059578531929164e+00,1,5.770000219345093e-01,5.200999975204468e-01,5.770000219345093e-01,5.000000000000000e-01
7.261856033519767e-01,1.034403803602364e-01,11498,21806,1.921833181498632e-01,1.838904050442982e-01,0.000000000000000e+00,1.820695509544615e+00,9.824786294755601e-01,1.289259666165297e-02,0.000000000000000e+00,1.307676417894629e+00,5.059591374060095e+00,1,5.772500038146973e-01,5.200999975204468e-01,5.772500038146973e-01,5.000000000000000e-01
7.261504393748832e-01,1.035782873750968e-01,11503,21811,1.916627729748442e-01,1.850045369071260e-01,0.000000000000000e+00,1.820741632858409e+00,9.824366050302327e-01,1.290970954974619e-02,0.000000000000000e+00,1.307691822918722e+00,5.059604216191027e+00,1,5.774999856948853e-01,5.200999975204468e-01,5.774999856948853e-01,5.000000000000000e-01
7.261152670134368e-01,1.037162272719349e-01,11508,21816,1.911421036831883e-01,1.861189344189435e-01,0.000000000000000e+00,1.820787767169655e+00,9.823945705647708e-01,1.292682651816561e-02,0.000000000000000e+00,1.307707231615924e+00,5.059617061383982e+00,1,5.777500271797180e-01,5.200999975204468e-01,5.777500271797180e-01,5.000000000000000e-01
7.260801030363433e-01,1.038541342867953e-01,11513,21821,1.906215585081693e-01,1.872330662817713e-01,0.000000000000000e+00,1.820833890483448e+00,9.823525461194433e-01,1.294393940625882e-02,0.000000000000000e+00,1.307722636640017e+00,5.059629903514914e+00,1,5.780000090599060e-01,5.200999975204468e-01,5.780000090599060e-01,5.000000000000000e-01
7.260449390592498e-01,1.039920413016557e-01,11518,21826,1.901010133331502e-01,1.883471981445992e-01,0.000000000000000e+00,1.820880013797242e+00,9.823105216741161e-01,1.296105229435204e-02,0.000000000000000e+00,1.307738041664109e+00,5.059642745645846e+00,1,5.782499909400940e-01,5.200999975204468e-01,5.782499909400940e-01,5.000000000000000e-01
7.260097750821564e-01,1.041299483165160e-01,11523,21831,1.895804681581312e-01,1.894613300074270e-01,0.000000000000000e+00,1.820926137111036e+00,9.822684972287887e-01,1.297816518244526e-02,0.000000000000000e+00,1.307753446688201e+00,5.059655587776777e+00,1,5.784999728202820e-01,5.200999975204468e-01,5.784999728202820e-01,5.000000000000000e-01
7.259746027207097e-01,1.042678882133542e-01,11528,21836,1.890597988664753e-01,1.905757275192445e-01,0.000000000000000e+00,1.820972271422282e+00,9.822264627633268e-01,1.299528215086468e-02,0.000000000000000e+00,1.307768855385405e+00,5.059668432969731e+00,1,5.787500143051147e-01,5.200999975204468e-01,5.787500143051147e-01,5.000000000000000e-01
7.259394387436163e-01,1.044057952282145e-01,11533,21841,1.885392536914563e-01,1.916898593820723e-01,0.000000000000000e+00,1.821018394736075e+00,9.821844383179994e-01,1.301239503895789e-02,0.000000000000000e+00,1.307784260409497e+00,5.059681275100663e+00,1,5.789999961853027e-01,5.200999975204468e-01,5.789999961853027e-01,5.000000000000000e-01
7.259042747665230e-01,1.045437022430749e-01,11538,21846,1.880187085164373e-01,1.928039912449001e-01,0.000000000000000e+00,1.821064518049869e+00,9.821424138726722e-01,1.302950792705111e-02,0.000000000000000e+00,1.307799665433589e+00,5.059694117231595e+00,1,5.792499780654907e-01,5.200999975204468e-01,5.792499780654907e-01,5.000000000000000e-01
7.258691024050764e-01,1.046816421399130e-01,11543,21851,1.874980392247814e-01,1.939183887567177e-01,0.000000000000000e+00,1.821110652361115e+00,9.821003794072101e-01,1.304662489547052e-02,0.000000000000000e+00,1.307815074130792e+00,5.059706962424551e+00,1,5.795000195503235e-01,5.200999975204468e-01,5.795000195503235e-01,5.000000000000000e-01
7.258339384279829e-01,1.048195491547736e-01,11548,21856,1.869774940497667e-01,1.950325206195464e-01,0.000000000000000e+00,1.821156775674909e+00,9.820583549618829e-01,1.306373778356374e-02,0.000000000000000e+00,1.307830479154884e+00,5.059719804555482e+00,1,5.797500014305115e-01,5.200999975204468e-01,5.797500014305115e-01,5.000000000000000e-01
7.257987744508895e-01,1.049574561696338e-01,11553,21862,1.864569488747434e-01,1.961466524823733e-01,0.000000000000000e+00,1.821202898988702e+00,9.820163305165556e-01,1.308085067165696e-02,0.000000000000000e+00,1.307845884178977e+00,5.059732646686413e+00,1,5.799999833106995e-01,5.200999975204468e-01,5.799999833106995e-01,5.000000000000000e-01
7.257642611214994e-01,1.052557926852571e-01,11558,21867,1.877391449963547e-01,1.959700159626858e-01,0.000000000000000e+00,1.821254853926586e+00,9.819758302011043e-01,1.310257126409454e-02,0.000000000000000e+00,1.307863240994760e+00,5.059753911185002e+00,1,5.802500247955322e-01,5.200999975204468e-01,5.802500247955322e-01,5.000000000000000e-01
7.257297560633432e-01,1.055540687877286e-01,11563,21872,1.890211557829352e-01,1.957933353927093e-01,0.000000000000000e+00,1.821306796867941e+00,9.819353396424596e-01,1.312428698601984e-02,0.000000000000000e+00,1.307880593803050e+00,5.059775171176439e+00,1,5.805000066757202e-01,5.200999975204468e-01,5.805000066757202e-01,5.000000000000000e-01
7.256952510051872e-01,1.058523448902004e-01,11568,21877,1.903031665695170e-01,1.956166548227327e-01,0.000000000000000e+00,1.821358739809296e+00,9.818948490838150e-01,1.314600270794516e-02,0.000000000000000e+00,1.307897946611341e+00,5.059796431167878e+00,1,5.807499885559082e-01,5.200999975204468e-01,5.807499885559082e-01,5.000000000000000e-01
7.256607459470309e-01,1.061506209926720e-01,11573,21882,1.915851773560981e-01,1.954399742527560e-01,0.000000000000000e+00,1.821410682750650e+00,9.818543585251702e-01,1.316771842987048e-02,0.000000000000000e+00,1.307915299419630e+00,5.059817691159314e+00,1,5.809999704360962e-01,5.200999975204468e-01,5.809999704360962e-01,5.000000000000000e-01
7.256262326616318e-01,1.064489682148629e-01,11578,21887,1.928674938200247e-01,1.952632515557957e-01,0.000000000000000e+00,1.821462638077065e+00,9.818138583121245e-01,1.318943932960264e-02,0.000000000000000e+00,1.307932656365452e+00,5.059838956219895e+00,1,5.812500119209290e-01,5.200999975204468e-01,5.812500119209290e-01,5.000000000000000e-01
7.255917276034756e-01,1.067472443173346e-01,11583,21892,1.941495046066058e-01,1.950865709858191e-01,0.000000000000000e+00,1.821514581018420e+00,9.817733677534800e-01,1.321115505152795e-02,0.000000000000000e+00,1.307950009173742e+00,5.059860216211334e+00,1,5.814999938011169e-01,5.200999975204468e-01,5.814999938011169e-01,5.000000000000000e-01
7.255572225453194e-01,1.070455204198061e-01,11588,21897,1.954315153931864e-01,1.949098904158426e-01,0.000000000000000e+00,1.821566523959774e+00,9.817328771948354e-01,1.323287077345326e-02,0.000000000000000e+00,1.307967361982032e+00,5.059881476202772e+00,1,5.817499756813049e-01,5.200999975204468e-01,5.817499756813049e-01,5.000000000000000e-01
7.255227092599202e-01,1.073438676419970e-01,11593,21902,1.967138318571130e-01,1.947331677188822e-01,0.000000000000000e+00,1.821618479286190e+00,9.816923769817896e-01,1.325459167318542e-02,0.000000000000000e+00,1.307984718927854e+00,5.059902741263354e+00,1,5.820000171661377e-01,5.200999975204468e-01,5.820000171661377e-01,5.000000000000000e-01
7.254882042017639e-01,1.076421437444686e-01,11598,21907,1.979958426436941e-01,1.945564871489056e-01,0.000000000000000e+00,1.821670422227544e+00,9.816518864231449e-01,1.327630739511073e-02,0.000000000000000e+00,1.308002071736144e+00,5.059924001254791e+00,1,5.822499990463257e-01,5.200999975204468e-01,5.822499990463257e-01,5.000000000000000e-01
7.254536991436079e-01,1.079404198469402e-01,11603,21912,1.992778534302747e-01,1.943798065789291e-01,0.000000000000000e+00,1.821722365168899e+00,9.816113958645002e-01,1.329802311703603e-02,0.000000000000000e+00,1.308019424544434e+00,5.059945261246229e+00,1,5.824999809265137e-01,5.200999975204468e-01,5.824999809265137e-01,5.000000000000000e-01
7.254191858582085e-01,1.082387670691313e-01,11608,21917,2.005601698942024e-01,1.942030838819686e-01,0.000000000000000e+00,1.821774320495314e+00,9.815708956514544e-01,1.331974401676821e-02,0.000000000000000e+00,1.308036781490256e+00,5.059966526306812e+00,1,5.827500224113464e-01,5.200999975204468e-01,5.827500224113464e-01,5.000000000000000e-01
7.253846808000523e-01,1.085370431716029e-01,11613,21922,2.018421806807787e-01,1.940264033119914e-01,0.000000000000000e+00,1.821826263436668e+00,9.815304050928095e-01,1.334145973869352e-02,0.000000000000000e+00,1.308054134298546e+00,5.059987786298248e+00,1,5.830000042915344e-01,5.200999975204468e-01,5.830000042915344e-01,5.000000000000000e-01
7.253501757418963e-01,1.088353192740746e-01,11618,21927,2.031241914673648e-01,1.938497227420154e-01,0.000000000000000e+00,1.821878206378023e+00,9.814899145341649e-01,1.336317546061884e-02,0.000000000000000e+00,1.308071487106836e+00,5.060009046289686e+00,1,5.832499861717224e-01,5.200999975204468e-01,5.832499861717224e-01,5.000000000000000e-01
7.253156624564969e-01,1.091336664962654e-01,11623,21932,2.044065079312908e-01,1.936730000450552e-01,0.000000000000000e+00,1.821930161704438e+00,9.814494143211193e-01,1.338489636035099e-02,0.000000000000000e+00,1.308088844052658e+00,5.060030311350268e+00,1,5.835000276565552e-01,5.200999975204468e-01,5.835000276565552e-01,5.000000000000000e-01
7.252811573983409e-01,1.094319425987369e-01,11628,21937,2.056885187178764e-01,1.934963194750791e-01,0.000000000000000e+00,1.821982104645793e+00,9.814089237624748e-01,1.340661208227630e-02,0.000000000000000e+00,1.308106196860948e+00,5.060051571341707e+00,1,5.837500095367432e-01,5.200999975204468e-01,5.837500095367432e-01,5.000000000000000e-01
7.252466523401848e-01,1.097302187012088e-01,11633,21942,2.069705295044536e-01,1.933196389051018e-01,0.000000000000000e+00,1.822034047587147e+00,9.813684332038299e-01,1.342832780420163e-02,0.000000000000000e+00,1.308123549669238e+00,5.060072831333144e+00,1,5.839999914169312e-01,5.200999975204468e-01,5.839999914169312e-01,5.000000000000000e-01
7.252121472820287e-01,1.100284948036803e-01,11638,21947,2.082525402910342e-01,1.931429583351253e-01,0.000000000000000e+00,1.822085990528501e+00,9.813279426451853e-01,1.345004352612693e-02,0.000000000000000e+00,1.308140902477527e+00,5.060094091324581e+00,1,5.842499732971191e-01,5.200999975204468e-01,5.842499732971191e-01,5.000000000000000e-01
7.251776339966293e-01,1.103268420258713e-01,11643,21952,2.095348567549613e-01,1.929662356381649e-01,0.000000000000000e+00,1.822137945854916e+00,9.812874424321394e-01,1.347176442585910e-02,0.000000000000000e+00,1.308158259423349e+00,5.060115356385163e+00,1,5.845000147819519e-01,5.200999975204468e-01,5.845000147819519e-01,5.000000000000000e-01
7.251431289384731e-01,1.106251181283430e-01,11648,21957,2.108168675415424e-01,1.927895550681883e-01,0.000000000000000e+00,1.822189888796271e+00,9.812469518734949e-01,1.349348014778441e-02,0.000000000000000e+00,1.308175612231639e+00,5.060136616376601e+00,1,5.847499966621399e-01,5.200999975204468e-01,5.847499966621399e-01,5.000000000000000e-01
7.251086238803170e-01,1.109233942308147e-01,11653,21962,2.120988783281236e-01,1.926128744982117e-01,0.000000000000000e+00,1.822241831737626e+00,9.812064613148501e-01,1.351519586970973e-02,0.000000000000000e+00,1.308192965039929e+00,5.060157876368038e+00,1,5.849999785423279e-01,5.200999975204468e-01,5.849999785423279e-01,5.000000000000000e-01
7.250741105949176e-01,1.112217414530055e-01,11658,21967,2.133811947920555e-01,1.924361518012517e-01,0.000000000000000e+00,1.822293787064040e+00,9.811659611018044e-01,1.353691676944189e-02,0.000000000000000e+00,1.308210321985751e+00,5.060179141428621e+00,1,5.852500200271606e-01,5.200999975204468e-01,5.852500200271606e-01,5.000000000000000e-01
7.250396055367615e-01,1.115200175554772e-01,11663,21972,2.146632055786313e-01,1.922594712312747e-01,0.000000000000000e+00,1.822345730005395e+00,9.811254705431596e-01,1.355863249136720e-02,0.000000000000000e+00,1.308227674794041e+00,5.060200401420057e+00,1,5.855000019073486e-01,5.200999975204468e-01,5.855000019073486e-01,5.000000000000000e-01
7.250051004786054e-01,1.118182936579489e-01,11668,21977,2.159452163652125e-01,1.920827906612982e-01,0.000000000000000e+00,1.822397672946750e+00,9.810849799845149e-01,1.358034821329251e-02,0.000000000000000e+00,1.308245027602331e+00,5.060221661411495e+00,1,5.857499837875366e-01,5.200999975204468e-01,5.857499837875366e-01,5.000000000000000e-01
7.249705871932062e-01,1.121166408801398e-01,11673,21982,2.172275328291390e-01,1.919060679643378e-01,0.000000000000000e+00,1.822449628273164e+00,9.810444797714692e-01,1.360206911302467e-02,0.000000000000000e+00,1.308262384548153e+00,5.060242926472077e+00,1,5.860000252723694e-01,5.200999975204468e-01,5.860000252723694e-01,5.000000000000000e-01
7.249360821350501e-01,1.124149169826114e-01,11678,21987,2.185095436157202e-01,1.917293873943612e-01,0.000000000000000e+00,1.822501571214519e+00,9.810039892128246e-01,1.362378483494999e-02,0.000000000000000e+00,1.308279737356443e+00,5.060264186463515e+00,1,5.862500071525574e-01,5.200999975204468e-01,5.862500071525574e-01,5.000000000000000e-01
7.249015770768938e-01,1.127131930850831e-01,11683,21992,2.197915544023014e-01,1.915527068243846e-01,0.000000000000000e+00,1.822553514155874e+00,9.809634986541800e-01,1.364550055687530e-02,0.000000000000000e+00,1.308297090164733e+00,5.060285446454952e+00,1,5.864999890327454e-01,5.200999975204468e-01,5.864999890327454e-01,5.000000000000000e-01
7.248670720187378e-01,1.130114691875546e-01,11688,21997,2.210735651888819e-01,1.913760262544081e-01,0.000000000000000e+00,1.822605457097228e+00,9.809230080955351e-01,1.366721627880060e-02,0.000000000000000e+00,1.308314442973023e+00,5.060306706446389e+00,1,5.867499709129333e-01,5.200999975204468e-01,5.867499709129333e-01,5.000000000000000e-01
7.248325587333384e-01,1.133098164097455e-01,11693,22002,2.223558816528085e-01,1.911993035574478e-01,0.000000000000000e+00,1.822657412423643e+00,9.808825078824895e-01,1.368893717853277e-02,0.000000000000000e+00,1.308331799918845e+00,5.060327971506972e+00,1,5.870000123977661e-01,5.200999975204468e-01,5.870000123977661e-01,5.000000000000000e-01
7.247980536751824e-01,1.136080925122171e-01,11698,22007,2.236378924393897e-01,1.910226229874711e-01,0.000000000000000e+00,1.822709355364998e+00,9.808420173238448e-01,1.371065290045808e-02,0.000000000000000e+00,1.308349152727134e+00,5.060349231498409e+00,1,5.872499942779541e-01,5.200999975204468e-01,5.872499942779541e-01,5.000000000000000e-01
7.247635486170262e-01,1.139063686146889e-01,11703,22012,2.249199032259714e-01,1.908459424174945e-01,0.000000000000000e+00,1.822761298306352e+00,9.808015267652000e-01,1.373236862238340e-02,0.000000000000000e+00,1.308366505535425e+00,5.060370491489847e+00,1,5.874999761581421e-01,5.200999975204468e-01,5.874999761581421e-01,5.000000000000000e-01
7.247290353316269e-01,1.142047158368798e-01,11708,22017,2.262022196898980e-01,1.906692197205341e-01,0.000000000000000e+00,1.822813253632767e+00,9.807610265521542e-01,1.375408952211556e-02,0.000000000000000e+00,1.308383862481246e+00,5.060391756550429e+00,1,5.877500176429749e-01,5.200999975204468e-01,5.877500176429749e-01,5.000000000000000e-01
7.246945302734706e-01,1.145029919393515e-01,11713,22022,2.274842304764791e-01,1.904925391505575e-01,0.000000000000000e+00,1.822865196574122e+00,9.807205359935096e-01,1.377580524404087e-02,0.000000000000000e+00,1.308401215289536e+00,5.060413016541866e+00,1,5.879999995231628e-01,5.200999975204468e-01,5.879999995231628e-01,5.000000000000000e-01
7.246600252153148e-01,1.148012680418231e-01,11718,22027,2.287662412630602e-01,1.903158585805810e-01,0.000000000000000e+00,1.822917139515476e+00,9.806800454348650e-01,1.379752096596619e-02,0.000000000000000e+00,1.308418568097827e+00,5.060434276533304e+00,1,5.882499814033508e-01,5.200999975204468e-01,5.882499814033508e-01,5.000000000000000e-01
7.246255119299153e-01,1.150996152640140e-01,11723,22032,2.300485577269868e-01,1.901391358836206e-01,0.000000000000000e+00,1.822969094841891e+00,9.806395452218191e-01,1.381924186569835e-02,0.000000000000000e+00,1.308435925043648e+00,5.060455541593885e+00,1,5.885000228881836e-01,5.200999975204468e-01,5.885000228881836e-01,5.000000000000000e-01
7.245910068717591e-01,1.153978913664855e-01,11728,22037,2.313305685135674e-01,1.899624553136440e-01,0.000000000000000e+00,1.823021037783246e+00,9.805990546631745e-01,1.384095758762365e-02,0.000000000000000e+00,1.308453277851938e+00,5.060476801585323e+00,1,5.887500047683716e-01,5.200999975204468e-01,5.887500047683716e-01,5.000000000000000e-01
7.245565018136031e-01,1.156961674689573e-01,11733,22042,2.326125793001491e-01,1.897857747436674e-01,0.000000000000000e+00,1.823072980724600e+00,9.805585641045300e-01,1.386267330954897e-02,0.000000000000000e+00,1.308470630660228e+00,5.060498061576762e+00,1,5.889999866485596e-01,5.200999975204468e-01,5.889999866485596e-01,5.000000000000000e-01
7.245219885282037e-01,1.159945146911481e-01,11738,22047,2.338948957640751e-01,1.896090520467071e-01,0.000000000000000e+00,1.823124936051015e+00,9.805180638914841e-01,1.388439420928112e-02,0.000000000000000e+00,1.308487987606050e+00,5.060519326637343e+00,1,5.892500281333923e-01,5.200999975204468e-01,5.892500281333923e-01,5.000000000000000e-01
7.244874834700475e-01,1.162927907936198e-01,11743,22052,2.351769065506568e-01,1.894323714767304e-01,0.000000000000000e+00,1.823176878992370e+00,9.804775733328392e-01,1.390610993120645e-02,0.000000000000000e+00,1.308505340414340e+00,5.060540586628781e+00,1,5.895000100135803e-01,5.200999975204468e-01,5.895000100135803e-01,5.000000000000000e-01
7.244529784118916e-01,1.165910668960915e-01,11748,22057,2.364589173372380e-01,1.892556909067539e-01,0.000000000000000e+00,1.823228821933725e+00,9.804370827741947e-01,1.392782565313176e-02,0.000000000000000e+00,1.308522693222630e+00,5.060561846620219e+00,1,5.897499918937683e-01,5.200999975204468e-01,5.897499918937683e-01,5.000000000000000e-01
7.244184733537353e-01,1.168893429985632e-01,11753,22063,2.377409281238191e-01,1.890790103367772e-01,0.000000000000000e+00,1.823280764875079e+00,9.803965922155502e-01,1.394954137505708e-02,0.000000000000000e+00,1.308540046030920e+00,5.060583106611656e+00,1,5.899999737739563e-01,5.200999975204468e-01,5.899999737739563e-01,5.000000000000000e-01
7.243949671075331e-01,1.173016885103181e-01,11758,22068,2.398260197808339e-01,1.880079608926166e-01,0.000000000000000e+00,1.823323365713651e+00,9.803704595065870e-01,1.396842540501850e-02,0.000000000000000e+00,1.308555971690026e+00,5.060613510586130e+00,1,5.902500152587891e-01,5.200999975204468e-01,5.902500152587891e-01,5.000000000000000e-01
7.243714676190655e-01,1.177139476828697e-01,11763,22073,2.419106985849887e-01,1.869370729736545e-01,0.000000000000000e+00,1.823365955416045e+00,9.803443345338732e-01,1.398730463591295e-02,0.000000000000000e+00,1.308571893402685e+00,5.060643908271357e+00,1,5.904999971389771e-01,5.200999975204468e-01,5.904999971389771e-01,5.000000000000000e-01
7.243479681305979e-01,1.181262068554200e-01,11768,22078,2.439953773891526e-01,1.858661850546938e-01,0.000000000000000e+00,1.823408545118439e+00,9.803182095611598e-01,1.400618386680738e-02,0.000000000000000e+00,1.308587815115344e+00,5.060674305956583e+00,1,5.907499790191650e-01,5.200999975204468e-01,5.907499790191650e-01,5.000000000000000e-01
7.243244630390093e-01,1.185385643253418e-01,11773,22083,2.460805532554979e-01,1.847950417976493e-01,0.000000000000000e+00,1.823451144975746e+00,9.802920783593159e-01,1.402506759918751e-02,0.000000000000000e+00,1.308603740624311e+00,5.060704710889709e+00,1,5.910000205039978e-01,5.200999975204468e-01,5.910000205039978e-01,5.000000000000000e-01
7.243009635505417e-01,1.189508234978926e-01,11778,22088,2.481652320596563e-01,1.837241538786883e-01,0.000000000000000e+00,1.823493734678139e+00,9.802659533866022e-01,1.404394683008194e-02,0.000000000000000e+00,1.308619662336970e+00,5.060735108574937e+00,1,5.912500023841858e-01,5.200999975204468e-01,5.912500023841858e-01,5.000000000000000e-01
7.242774640620744e-01,1.193630826704431e-01,11783,22093,2.502499108638213e-01,1.826532659597273e-01,0.000000000000000e+00,1.823536324380534e+00,9.802398284138886e-01,1.406282606097638e-02,0.000000000000000e+00,1.308635584049630e+00,5.060765506260164e+00,1,5.914999842643738e-01,5.200999975204468e-01,5.914999842643738e-01,5.000000000000000e-01
7.242539589704861e-01,1.197754401403649e-01,11788,22098,2.523350867301667e-01,1.815821227026826e-01,0.000000000000000e+00,1.823578924237841e+00,9.802136972120448e-01,1.408170979335650e-02,0.000000000000000e+00,1.308651509558597e+00,5.060795911193290e+00,1,5.917500257492065e-01,5.200999975204468e-01,5.917500257492065e-01,5.000000000000000e-01
7.242304594820184e-01,1.201876993129161e-01,11793,22103,2.544197655343194e-01,1.805112347837216e-01,0.000000000000000e+00,1.823621513940235e+00,9.801875722393312e-01,1.410058902425094e-02,0.000000000000000e+00,1.308667431271256e+00,5.060826308878516e+00,1,5.920000076293945e-01,5.200999975204468e-01,5.920000076293945e-01,5.000000000000000e-01
7.242069599935508e-01,1.205999584854672e-01,11798,22108,2.565044443384797e-01,1.794403468647597e-01,0.000000000000000e+00,1.823664103642629e+00,9.801614472666176e-01,1.411946825514539e-02,0.000000000000000e+00,1.308683352983916e+00,5.060856706563743e+00,1,5.922499895095825e-01,5.200999975204468e-01,5.922499895095825e-01,5.000000000000000e-01
7.241834605050830e-01,1.210122176580182e-01,11803,22113,2.585891231426390e-01,1.783694589457984e-01,0.000000000000000e+00,1.823706693345023e+00,9.801353222939040e-01,1.413834748603983e-02,0.000000000000000e+00,1.308699274696575e+00,5.060887104248971e+00,1,5.924999713897705e-01,5.200999975204468e-01,5.924999713897705e-01,5.000000000000000e-01
7.241599554134948e-01,1.214245751279396e-01,11808,22118,2.606742990089825e-01,1.772983156887547e-01,0.000000000000000e+00,1.823749293202329e+00,9.801091910920601e-01,1.415723121841994e-02,0.000000000000000e+00,1.308715200205542e+00,5.060917509182095e+00,1,5.927500128746033e-01,5.200999975204468e-01,5.927500128746033e-01,5.000000000000000e-01
7.241364559250271e-01,1.218368343004910e-01,11813,22123,2.627589778131361e-01,1.762274277697932e-01,0.000000000000000e+00,1.823791882904723e+00,9.800830661193463e-01,1.417611044931438e-02,0.000000000000000e+00,1.308731121918201e+00,5.060947906867323e+00,1,5.929999947547913e-01,5.200999975204468e-01,5.929999947547913e-01,5.000000000000000e-01
7.241129564365594e-01,1.222490934730415e-01,11818,22128,2.648436566173012e-01,1.751565398508320e-01,0.000000000000000e+00,1.823834472607118e+00,9.800569411466326e-01,1.419498968020882e-02,0.000000000000000e+00,1.308747043630860e+00,5.060978304552549e+00,1,5.932499766349792e-01,5.200999975204468e-01,5.932499766349792e-01,5.000000000000000e-01
7.240894513449712e-01,1.226614509429629e-01,11823,22133,2.669288324836524e-01,1.740853965937875e-01,0.000000000000000e+00,1.823877072464425e+00,9.800308099447890e-01,1.421387341258894e-02,0.000000000000000e+00,1.308762969139827e+00,5.061008709485676e+00,1,5.935000181198120e-01,5.200999975204468e-01,5.935000181198120e-01,5.000000000000000e-01
7.240659518565036e-01,1.230737101155139e-01,11828,22138,2.690135112878118e-01,1.730145086748261e-01,0.000000000000000e+00,1.823919662166819e+00,9.800046849720752e-01,1.423275264348339e-02,0.000000000000000e+00,1.308778890852487e+00,5.061039107170902e+00,1,5.937500000000000e-01,5.200999975204468e-01,5.937500000000000e-01,5.000000000000000e-01
7.240424523680359e-01,1.234859692880649e-01,11833,22143,2.710981900919633e-01,1.719436207558656e-01,0.000000000000000e+00,1.823962251869213e+00,9.799785599993616e-01,1.425163187437781e-02,0.000000000000000e+00,1.308794812565146e+00,5.061069504856130e+00,1,5.939999818801880e-01,5.200999975204468e-01,5.939999818801880e-01,5.000000000000000e-01
7.240189472764476e-01,1.238983267579865e-01,11838,22148,2.731833659583078e-01,1.708724774988215e-01,0.000000000000000e+00,1.824004851726519e+00,9.799524287975176e-01,1.427051560675792e-02,0.000000000000000e+00,1.308810738074113e+00,5.061099909789256e+00,1,5.942500233650208e-01,5.200999975204468e-01,5.942500233650208e-01,5.000000000000000e-01
7.239954477879800e-01,1.243105859305375e-01,11843,22153,2.752680447624672e-01,1.698015895798602e-01,0.000000000000000e+00,1.824047441428914e+00,9.799263038248042e-01,1.428939483765237e-02,0.000000000000000e+00,1.308826659786772e+00,5.061130307474484e+00,1,5.945000052452087e-01,5.200999975204468e-01,5.945000052452087e-01,5.000000000000000e-01
7.239719482995124e-01,1.247228451030886e-01,11848,22158,2.773527235666274e-01,1.687307016608983e-01,0.000000000000000e+00,1.824090031131308e+00,9.799001788520907e-01,1.430827406854682e-02,0.000000000000000e+00,1.308842581499432e+00,5.061160705159710e+00,1,5.947499871253967e-01,5.200999975204468e-01,5.947499871253967e-01,5.000000000000000e-01
7.239484432079240e-01,1.251352025730102e-01,11853,22163,2.794378994329718e-01,1.676595584038542e-01,0.000000000000000e+00,1.824132630988614e+00,9.798740476502465e-01,1.432715780092693e-02,0.000000000000000e+00,1.308858507008398e+00,5.061191110092835e+00,1,5.950000286102295e-01,5.200999975204468e-01,5.950000286102295e-01,5.000000000000000e-01
7.239249437194564e-01,1.255474617455610e-01,11858,22168,2.815225782371302e-01,1.665886704848933e-01,0.000000000000000e+00,1.824175220691008e+00,9.798479226775330e-01,1.434603703182137e-02,0.000000000000000e+00,1.308874428721058e+00,5.061221507778062e+00,1,5.952500104904175e-01,5.200999975204468e-01,5.952500104904175e-01,5.000000000000000e-01
7.239014442309887e-01,1.259597209181121e-01,11863,22173,2.836072570412905e-01,1.655177825659314e-01,0.000000000000000e+00,1.824217810393403e+00,9.798217977048194e-01,1.436491626271581e-02,0.000000000000000e+00,1.308890350433717e+00,5.061251905463290e+00,1,5.954999923706055e-01,5.200999975204468e-01,5.954999923706055e-01,5.000000000000000e-01
7.238779447425210e-01,1.263719800906633e-01,11868,22178,2.856919358454427e-01,1.644468946469706e-01,0.000000000000000e+00,1.824260400095797e+00,9.797956727321058e-01,1.438379549361025e-02,0.000000000000000e+00,1.308906272146376e+00,5.061282303148516e+00,1,5.957499742507935e-01,5.200999975204468e-01,5.957499742507935e-01,5.000000000000000e-01
7.238544396509328e-01,1.267843375605851e-01,11873,22183,2.877771117117880e-01,1.633757513899260e-01,0.000000000000000e+00,1.824302999953103e+00,9.797695415302619e-01,1.440267922599037e-02,0.000000000000000e+00,1.308922197655343e+00,5.061312708081642e+00,1,5.960000157356262e-01,5.200999975204468e-01,5.960000157356262e-01,5.000000000000000e-01
7.238309401624651e-01,1.271965967331357e-01,11878,22188,2.898617905159536e-01,1.623048634709646e-01,0.000000000000000e+00,1.824345589655497e+00,9.797434165575483e-01,1.442155845688482e-02,0.000000000000000e+00,1.308938119368003e+00,5.061343105766869e+00,1,5.962499976158142e-01,5.200999975204468e-01,5.962499976158142e-01,5.000000000000000e-01
7.238074406739976e-01,1.276088559056866e-01,11883,22193,2.919464693201130e-01,1.612339755520032e-01,0.000000000000000e+00,1.824388179357892e+00,9.797172915848347e-01,1.444043768777926e-02,0.000000000000000e+00,1.308954041080662e+00,5.061373503452097e+00,1,5.964999794960022e-01,5.200999975204468e-01,5.964999794960022e-01,5.000000000000000e-01
7.237839355824092e-01,1.280212133756082e-01,11888,22198,2.940316451864574e-01,1.601628322949591e-01,0.000000000000000e+00,1.824430779215198e+00,9.796911603829908e-01,1.445932142015937e-02,0.000000000000000e+00,1.308969966589629e+00,5.061403908385222e+00,1,5.967500209808350e-01,5.200999975204468e-01,5.967500209808350e-01,5.000000000000000e-01
7.237604360939416e-01,1.284334725481592e-01,11893,22203,2.961163239906167e-01,1.590919443759978e-01,0.000000000000000e+00,1.824473368917592e+00,9.796650354102772e-01,1.447820065105381e-02,0.000000000000000e+00,1.308985888302288e+00,5.061434306070449e+00,1,5.970000028610229e-01,5.200999975204468e-01,5.970000028610229e-01,5.000000000000000e-01
7.237369366054739e-01,1.288457317207101e-01,11898,22208,2.982010027947760e-01,1.580210564570363e-01,0.000000000000000e+00,1.824515958619986e+00,9.796389104375633e-01,1.449707988194825e-02,0.000000000000000e+00,1.309001810014947e+00,5.061464703755676e+00,1,5.972499847412109e-01,5.200999975204468e-01,5.972499847412109e-01,5.000000000000000e-01
7.237134315138856e-01,1.292580891906316e-01,11903,22213,3.002861786611196e-01,1.569499131999928e-01,0.000000000000000e+00,1.824558558477293e+00,9.796127792357197e-01,1.451596361432836e-02,0.000000000000000e+00,1.309017735523915e+00,5.061495108688802e+00,1,5.975000262260437e-01,5.200999975204468e-01,5.975000262260437e-01,5.000000000000000e-01
7.236899320254179e-01,1.296703483631827e-01,11908,22218,3.023708574652798e-01,1.558790252810309e-01,0.000000000000000e+00,1.824601148179687e+00,9.795866542630061e-01,1.453484284522281e-02,0.000000000000000e+00,1.309033657236574e+00,5.061525506374029e+00,1,5.977500081062317e-01,5.200999975204468e-01,5.977500081062317e-01,5.000000000000000e-01
7.236664325369504e-01,1.300826075357335e-01,11913,22223,3.044555362694382e-01,1.548081373620701e-01,0.000000000000000e+00,1.824643737882082e+00,9.795605292902922e-01,1.455372207611725e-02,0.000000000000000e+00,1.309049578949233e+00,5.061555904059256e+00,1,5.979999899864197e-01,5.200999975204468e-01,5.979999899864197e-01,5.000000000000000e-01
7.236429330484828e-01,1.304948667082846e-01,11918,22228,3.065402150735985e-01,1.537372494431082e-01,0.000000000000000e+00,1.824686327584476e+00,9.795344043175787e-01,1.457260130701170e-02,0.000000000000000e+00,1.309065500661893e+00,5.061586301744483e+00,1,5.982499718666077e-01,5.200999975204468e-01,5.982499718666077e-01,5.000000000000000e-01
7.236194279568944e-01,1.309072241782064e-01,11923,22233,3.086253909399438e-01,1.526661061860636e-01,0.000000000000000e+00,1.824728927441782e+00,9.795082731157347e-01,1.459148503939181e-02,0.000000000000000e+00,1.309081426170859e+00,5.061616706677608e+00,1,5.985000133514404e-01,5.200999975204468e-01,5.985000133514404e-01,5.000000000000000e-01
7.235959284684268e-01,1.313194833507574e-01,11928,22238,3.107100697441032e-01,1.515952182671022e-01,0.000000000000000e+00,1.824771517144176e+00,9.794821481430213e-01,1.461036427028626e-02,0.000000000000000e+00,1.309097347883519e+00,5.061647104362837e+00,1,5.987499952316284e-01,5.200999975204468e-01,5.987499952316284e-01,5.000000000000000e-01
7.235724289799590e-01,1.317317425233080e-01,11933,22243,3.127947485482606e-01,1.505243303481418e-01,0.000000000000000e+00,1.824814106846570e+00,9.794560231703076e-01,1.462924350118069e-02,0.000000000000000e+00,1.309113269596178e+00,5.061677502048062e+00,1,5.989999771118164e-01,5.200999975204468e-01,5.989999771118164e-01,5.000000000000000e-01
7.235489238883708e-01,1.321440999932298e-01,11938,22248,3.148799244146060e-01,1.494531870910972e-01,0.000000000000000e+00,1.824856706703877e+00,9.794298919684638e-01,1.464812723356081e-02,0.000000000000000e+00,1.309129195105145e+00,5.061707906981188e+00,1,5.992500185966492e-01,5.200999975204468e-01,5.992500185966492e-01,5.000000000000000e-01
7.235254243999032e-01,1.325563591657807e-01,11943,22253,3.169646032187653e-01,1.483822991721359e-01,0.000000000000000e+00,1.824899296406271e+00,9.794037669957500e-01,1.466700646445525e-02,0.000000000000000e+00,1.309145116817804e+00,5.061738304666415e+00,1,5.995000004768372e-01,5.200999975204468e-01,5.995000004768372e-01,5.000000000000000e-01
7.235019249114354e-01,1.329686183383317e-01,11948,22258,3.190492820229247e-01,1.473114112531745e-01,0.000000000000000e+00,1.824941886108665e+00,9.793776420230365e-01,1.468588569534969e-02,0.000000000000000e+00,1.309161038530464e+00,5.061768702351642e+00,1,5.997499823570251e-01,5.200999975204468e-01,5.997499823570251e-01,5.000000000000000e-01
7.234784206079357e-01,1.333809601937394e-01,11953,22264,3.211343610633452e-01,1.462403233519058e-01,0.000000000000000e+00,1.824984484815326e+00,9.793515117289070e-01,1.470476833653560e-02,0.000000000000000e+00,1.309176963583101e+00,5.061799106569830e+00,1,6.000000238418579e-01,5.200999975204468e-01,6.000000238418579e-01,5.000000000000000e-01
7.234631842283249e-01,1.336295011867575e-01,11958,22269,3.222038200524300e-01,1.457498407399554e-01,0.000000000000000e+00,1.825015009998302e+00,9.793349041418761e-01,1.471220639616867e-02,0.000000000000000e+00,1.309188100686135e+00,5.061822008125542e+00,1,6.002500057220459e-01,5.200999975204468e-01,6.002500057220459e-01,5.000000000000000e-01
7.234479478487141e-01,1.338780421797760e-01,11963,22274,3.232732790414999e-01,1.452593581280064e-01,0.000000000000000e+00,1.825045535181277e+00,9.793182965548455e-01,1.471964445580174e-02,0.000000000000000e+00,1.309199237789169e+00,5.061844909681255e+00,1,6.004999876022339e-01,5.200999975204468e-01,6.004999876022339e-01,5.000000000000000e-01
7.234327078362042e-01,1.341266424338802e-01,11968,22279,3.243429930279445e-01,1.447687585674134e-01,0.000000000000000e+00,1.825076067642551e+00,9.793016850079705e-01,1.472708428893495e-02,0.000000000000000e+00,1.309210377547687e+00,5.061867816697519e+00,1,6.007500290870667e-01,5.200999975204468e-01,6.007500290870667e-01,5.000000000000000e-01
7.234174714565936e-01,1.343751834268986e-01,11973,22284,3.254124520170302e-01,1.442782759554627e-01,0.000000000000000e+00,1.825106592825527e+00,9.792850774209397e-01,1.473452234856803e-02,0.000000000000000e+00,1.309221514650721e+00,5.061890718253231e+00,1,6.010000109672546e-01,5.200999975204468e-01,6.010000109672546e-01,5.000000000000000e-01
7.234022350769826e-01,1.346237244199167e-01,11978,22289,3.264819110061067e-01,1.437877933435133e-01,0.000000000000000e+00,1.825137118008502e+00,9.792684698339089e-01,1.474196040820109e-02,0.000000000000000e+00,1.309232651753755e+00,5.061913619808943e+00,1,6.012499928474426e-01,5.200999975204468e-01,6.012499928474426e-01,5.000000000000000e-01
7.233869986973720e-01,1.348722654129352e-01,11983,22294,3.275513699951849e-01,1.432973107315632e-01,0.000000000000000e+00,1.825167643191477e+00,9.792518622468783e-01,1.474939846783417e-02,0.000000000000000e+00,1.309243788856788e+00,5.061936521364657e+00,1,6.014999747276306e-01,5.200999975204468e-01,6.014999747276306e-01,5.000000000000000e-01
7.233717586848618e-01,1.351208656670392e-01,11988,22299,3.286210839816370e-01,1.428067111709695e-01,0.000000000000000e+00,1.825198175652751e+00,9.792352507000033e-01,1.475683830096739e-02,0.000000000000000e+00,1.309254928615307e+00,5.061959428380922e+00,1,6.017500162124634e-01,5.200999975204468e-01,6.017500162124634e-01,5.000000000000000e-01
7.233565223052513e-01,1.353694066600576e-01,11993,22304,3.296905429707147e-01,1.423162285590197e-01,0.000000000000000e+00,1.825228700835727e+00,9.792186431129726e-01,1.476427636060046e-02,0.000000000000000e+00,1.309266065718341e+00,5.061982329936633e+00,1,6.019999980926514e-01,5.200999975204468e-01,6.019999980926514e-01,5.000000000000000e-01
7.233412859256405e-01,1.356179476530758e-01,11998,22309,3.307600019597993e-01,1.418257459470695e-01,0.000000000000000e+00,1.825259226018702e+00,9.792020355259419e-01,1.477171442023353e-02,0.000000000000000e+00,1.309277202821374e+00,5.062005231492346e+00,1,6.022499799728394e-01,5.200999975204468e-01,6.022499799728394e-01,5.000000000000000e-01
7.233260459131302e-01,1.358665479071800e-01,12003,22314,3.318297159462443e-01,1.413351463864763e-01,0.000000000000000e+00,1.825289758479976e+00,9.791854239790666e-01,1.477915425336675e-02,0.000000000000000e+00,1.309288342579893e+00,5.062028138508611e+00,1,6.025000214576721e-01,5.200999975204468e-01,6.025000214576721e-01,5.000000000000000e-01
7.233108095335197e-01,1.361150889001985e-01,12008,22319,3.328991749353142e-01,1.408446637745270e-01,0.000000000000000e+00,1.825320283662951e+00,9.791688163920358e-01,1.478659231299981e-02,0.000000000000000e+00,1.309299479682926e+00,5.062051040064323e+00,1,6.027500033378601e-01,5.200999975204468e-01,6.027500033378601e-01,5.000000000000000e-01
7.232955731539088e-01,1.363636298932169e-01,12013,22324,3.339686339243998e-01,1.403541811625763e-01,0.000000000000000e+00,1.825350808845927e+00,9.791522088050052e-01,1.479403037263289e-02,0.000000000000000e+00,1.309310616785960e+00,5.062073941620035e+00,1,6.029999852180481e-01,5.200999975204468e-01,6.029999852180481e-01,5.000000000000000e-01
7.232803331413987e-01,1.366122301473208e-01,12018,22329,3.350383479108440e-01,1.398635816019834e-01,0.000000000000000e+00,1.825381341307200e+00,9.791355972581300e-01,1.480147020576610e-02,0.000000000000000e+00,1.309321756544479e+00,5.062096848636301e+00,1,6.032500267028809e-01,5.200999975204468e-01,6.032500267028809e-01,5.000000000000000e-01
7.232650967617881e-01,1.368607711403391e-01,12023,22334,3.361078068999287e-01,1.393730989900333e-01,0.000000000000000e+00,1.825411866490176e+00,9.791189896710993e-01,1.480890826539917e-02,0.000000000000000e+00,1.309332893647512e+00,5.062119750192013e+00,1,6.035000085830688e-01,5.200999975204468e-01,6.035000085830688e-01,5.000000000000000e-01
7.232498603821773e-01,1.371093121333576e-01,12028,22339,3.371772658890067e-01,1.388826163780832e-01,0.000000000000000e+00,1.825442391673151e+00,9.791023820840687e-01,1.481634632503224e-02,0.000000000000000e+00,1.309344030750546e+00,5.062142651747726e+00,1,6.037499904632568e-01,5.200999975204468e-01,6.037499904632568e-01,5.000000000000000e-01
7.232346240025666e-01,1.373578531263759e-01,12033,22344,3.382467248780843e-01,1.383921337661334e-01,0.000000000000000e+00,1.825472916856127e+00,9.790857744970378e-01,1.482378438466532e-02,0.000000000000000e+00,1.309355167853580e+00,5.062165553303437e+00,1,6.039999723434448e-01,5.200999975204468e-01,6.039999723434448e-01,5.000000000000000e-01
7.232193839900565e-01,1.376064533804798e-01,12038,22349,3.393164388645437e-01,1.379015342055395e-01,0.000000000000000e+00,1.825503449317400e+00,9.790691629501629e-01,1.483122421779854e-02,0.000000000000000e+00,1.309366307612098e+00,5.062188460319703e+00,1,6.042500138282776e-01,5.200999975204468e-01,6.042500138282776e-01,5.000000000000000e-01
7.232041476104459e-01,1.378549943734983e-01,12043,22354,3.403858978536140e-01,1.374110515935900e-01,0.000000000000000e+00,1.825533974500376e+00,9.790525553631321e-01,1.483866227743161e-02,0.000000000000000e+00,1.309377444715132e+00,5.062211361875415e+00,1,6.044999957084656e-01,5.200999975204468e-01,6.044999957084656e-01,5.000000000000000e-01
7.231889112308350e-01,1.381035353665166e-01,12048,22359,3.414553568426912e-01,1.369205689816403e-01,0.000000000000000e+00,1.825564499683352e+00,9.790359477761014e-01,1.484610033706467e-02,0.000000000000000e+00,1.309388581818166e+00,5.062234263431128e+00,1,6.047499775886536e-01,5.200999975204468e-01,6.047499775886536e-01,5.000000000000000e-01
7.231736712183250e-01,1.383521356206207e-01,12053,22364,3.425250708291439e-01,1.364299694210465e-01,0.000000000000000e+00,1.825595032144625e+00,9.790193362292262e-01,1.485354017019790e-02,0.000000000000000e+00,1.309399721576684e+00,5.062257170447392e+00,1,6.050000190734863e-01,5.200999975204468e-01,6.050000190734863e-01,5.000000000000000e-01
7.231584348387141e-01,1.386006766136390e-01,12058,22369,3.435945298182209e-01,1.359394868090968e-01,0.000000000000000e+00,1.825625557327601e+00,9.790027286421956e-01,1.486097822983096e-02,0.000000000000000e+00,1.309410858679718e+00,5.062280072003105e+00,1,6.052500009536743e-01,5.200999975204468e-01,6.052500009536743e-01,5.000000000000000e-01
7.231431984591036e-01,1.388492176066574e-01,12063,22374,3.446639888072985e-01,1.354490041971470e-01,0.000000000000000e+00,1.825656082510576e+00,9.789861210551651e-01,1.486841628946403e-02,0.000000000000000e+00,1.309421995782752e+00,5.062302973558818e+00,1,6.054999828338623e-01,5.200999975204468e-01,6.054999828338623e-01,5.000000000000000e-01
7.231279584465935e-01,1.390978178607615e-01,12068,22379,3.457337027937510e-01,1.349584046365532e-01,0.000000000000000e+00,1.825686614971850e+00,9.789695095082900e-01,1.487585612259726e-02,0.000000000000000e+00,1.309433135541270e+00,5.062325880575083e+00,1,6.057500243186951e-01,5.200999975204468e-01,6.057500243186951e-01,5.000000000000000e-01
7.231127220669825e-01,1.393463588537800e-01,12073,22384,3.468031617828291e-01,1.344679220246031e-01,0.000000000000000e+00,1.825717140154825e+00,9.789529019212591e-01,1.488329418223033e-02,0.000000000000000e+00,1.309444272644304e+00,5.062348782130794e+00,1,6.060000061988831e-01,5.200999975204468e-01,6.060000061988831e-01,5.000000000000000e-01
7.230974856873720e-01,1.395948998467982e-01,12078,22389,3.478726207718987e-01,1.339774394126538e-01,0.000000000000000e+00,1.825747665337801e+00,9.789362943342284e-01,1.489073224186339e-02,0.000000000000000e+00,1.309455409747337e+00,5.062371683686507e+00,1,6.062499880790710e-01,5.200999975204468e-01,6.062499880790710e-01,5.000000000000000e-01
7.230822456748619e-01,1.398435001009022e-01,12083,22394,3.489423347583508e-01,1.334868398520602e-01,0.000000000000000e+00,1.825778197799075e+00,9.789196827873534e-01,1.489817207499661e-02,0.000000000000000e+00,1.309466549505856e+00,5.062394590702771e+00,1,6.065000295639038e-01,5.200999975204468e-01,6.065000295639038e-01,5.000000000000000e-01
7.230670092952511e-01,1.400920410939208e-01,12088,22399,3.500117937474365e-01,1.329963572401098e-01,0.000000000000000e+00,1.825808722982050e+00,9.789030752003226e-01,1.490561013462969e-02,0.000000000000000e+00,1.309477686608890e+00,5.062417492258485e+00,1,6.067500114440918e-01,5.200999975204468e-01,6.067500114440918e-01,5.000000000000000e-01
7.230517729156404e-01,1.403405820869391e-01,12093,22404,3.510812527365140e-01,1.325058746281599e-01,0.000000000000000e+00,1.825839248165026e+00,9.788864676132918e-01,1.491304819426276e-02,0.000000000000000e+00,1.309488823711923e+00,5.062440393814197e+00,1,6.069999933242798e-01,5.200999975204468e-01,6.069999933242798e-01,5.000000000000000e-01
7.230365365360296e-01,1.405891230799574e-01,12098,22409,3.521507117255911e-01,1.320153920162103e-01,0.000000000000000e+00,1.825869773348001e+00,9.788698600262611e-01,1.492048625389582e-02,0.000000000000000e+00,1.309499960814957e+00,5.062463295369909e+00,1,6.072499752044678e-01,5.200999975204468e-01,6.072499752044678e-01,5.000000000000000e-01
7.230212965235197e-01,1.408377233340614e-01,12103,22414,3.532204257120433e-01,1.315247924556167e-01,0.000000000000000e+00,1.825900305809275e+00,9.788532484793862e-01,1.492792608702904e-02,0.000000000000000e+00,1.309511100573475e+00,5.062486202386173e+00,1,6.075000166893005e-01,5.200999975204468e-01,6.075000166893005e-01,5.000000000000000e-01
7.230060601439088e-01,1.410862643270798e-01,12108,22419,3.542898847011209e-01,1.310343098436668e-01,0.000000000000000e+00,1.825930830992250e+00,9.788366408923552e-01,1.493536414666212e-02,0.000000000000000e+00,1.309522237676509e+00,5.062509103941886e+00,1,6.077499985694885e-01,5.200999975204468e-01,6.077499985694885e-01,5.000000000000000e-01
7.229908237642981e-01,1.413348053200982e-01,12113,22424,3.553593436901984e-01,1.305438272317170e-01,0.000000000000000e+00,1.825961356175226e+00,9.788200333053247e-01,1.494280220629518e-02,0.000000000000000e+00,1.309533374779543e+00,5.062532005497600e+00,1,6.079999804496765e-01,5.200999975204468e-01,6.079999804496765e-01,5.000000000000000e-01
7.229755837517882e-01,1.415834055742022e-01,12118,22429,3.564290576766506e-01,1.300532276711234e-01,0.000000000000000e+00,1.825991888636500e+00,9.788034217584496e-01,1.495024203942840e-02,0.000000000000000e+00,1.309544514538061e+00,5.062554912513864e+00,1,6.082500219345093e-01,5.200999975204468e-01,6.082500219345093e-01,5.000000000000000e-01
7.229603473721772e-01,1.418319465672205e-01,12123,22434,3.574985166657212e-01,1.295627450591735e-01,0.000000000000000e+00,1.826022413819475e+00,9.787868141714188e-01,1.495768009906147e-02,0.000000000000000e+00,1.309555651641095e+00,5.062577814069575e+00,1,6.085000038146973e-01,5.200999975204468e-01,6.085000038146973e-01,5.000000000000000e-01
7.229451109925666e-01,1.420804875602390e-01,12128,22439,3.585679756548057e-01,1.290722624472237e-01,0.000000000000000e+00,1.826052939002450e+00,9.787702065843882e-01,1.496511815869455e-02,0.000000000000000e+00,1.309566788744128e+00,5.062600715625289e+00,1,6.087499856948853e-01,5.200999975204468e-01,6.087499856948853e-01,5.000000000000000e-01
7.229298709800565e-01,1.423290878143430e-01,12133,22444,3.596376896412579e-01,1.285816628866301e-01,0.000000000000000e+00,1.826083471463724e+00,9.787535950375130e-01,1.497255799182777e-02,0.000000000000000e+00,1.309577928502647e+00,5.062623622641553e+00,1,6.090000271797180e-01,5.200999975204468e-01,6.090000271797180e-01,5.000000000000000e-01
7.229146346004458e-01,1.425776288073615e-01,12138,22449,3.607071486303359e-01,1.280911802746800e-01,0.000000000000000e+00,1.826113996646700e+00,9.787369874504824e-01,1.497999605146084e-02,0.000000000000000e+00,1.309589065605681e+00,5.062646524197266e+00,1,6.092500090599060e-01,5.200999975204468e-01,6.092500090599060e-01,5.000000000000000e-01
7.228993982208349e-01,1.428261698003798e-01,12143,22454,3.617766076194130e-01,1.276006976627304e-01,0.000000000000000e+00,1.826144521829675e+00,9.787203798634516e-01,1.498743411109391e-02,0.000000000000000e+00,1.309600202708715e+00,5.062669425752978e+00,1,6.094999909400940e-01,5.200999975204468e-01,6.094999909400940e-01,5.000000000000000e-01
7.228841618412242e-01,1.430747107933981e-01,12148,22459,3.628460666084906e-01,1.271102150507805e-01,0.000000000000000e+00,1.826175047012651e+00,9.787037722764209e-01,1.499487217072697e-02,0.000000000000000e+00,1.309611339811748e+00,5.062692327308690e+00,1,6.097499728202820e-01,5.200999975204468e-01,6.097499728202820e-01,5.000000000000000e-01
7.228689217019530e-01,1.433232944218628e-01,12153,22465,3.639156845377416e-01,1.266197125430422e-01,0.000000000000000e+00,1.826205579602958e+00,9.786871605553212e-01,1.500231156290254e-02,0.000000000000000e+00,1.309622479552397e+00,5.062715234088998e+00,1,6.100000143051147e-01,5.200999975204468e-01,6.100000143051147e-01,5.000000000000000e-01
7.228514701694772e-01,1.432813023710675e-01,12158,22470,3.633065440694932e-01,1.278252285743545e-01,0.000000000000000e+00,1.826238359653114e+00,9.786675083953281e-01,1.500204388769708e-02,0.000000000000000e+00,1.309633304374529e+00,5.062734012302415e+00,1,6.102499961853027e-01,5.200999975204468e-01,6.102499961853027e-01,5.000000000000000e-01
7.228340186370013e-01,1.432393103202719e-01,12163,22475,3.626974036012372e-01,1.290307446056670e-01,0.000000000000000e+00,1.826271139703269e+00,9.786478562353348e-01,1.500177621249160e-02,0.000000000000000e+00,1.309644129196661e+00,5.062752790515830e+00,1,6.104999780654907e-01,5.200999975204468e-01,6.104999780654907e-01,5.000000000000000e-01
7.228165629434543e-01,1.431973082570656e-01,12168,22480,3.620881178920493e-01,1.302365480752320e-01,0.000000000000000e+00,1.826303927569363e+00,9.786281993895617e-01,1.500150847346276e-02,0.000000000000000e+00,1.309654956599820e+00,5.062771573206645e+00,1,6.107500195503235e-01,5.200999975204468e-01,6.107500195503235e-01,5.000000000000000e-01
7.227991114109787e-01,1.431553162062701e-01,12173,22485,3.614789774237934e-01,1.314420641065444e-01,0.000000000000000e+00,1.826336707619518e+00,9.786085472295685e-01,1.500124079825729e-02,0.000000000000000e+00,1.309665781421953e+00,5.062790351420061e+00,1,6.110000014305115e-01,5.200999975204468e-01,6.110000014305115e-01,5.000000000000000e-01
7.227816598785028e-01,1.431133241554746e-01,12178,22490,3.608698369555376e-01,1.326475801378563e-01,0.000000000000000e+00,1.826369487669673e+00,9.785888950695750e-01,1.500097312305182e-02,0.000000000000000e+00,1.309676606244085e+00,5.062809129633476e+00,1,6.112499833106995e-01,5.200999975204468e-01,6.112499833106995e-01,5.000000000000000e-01
7.227642041849561e-01,1.430713220922682e-01,12183,22495,3.602605512463496e-01,1.338533836074218e-01,0.000000000000000e+00,1.826402275535769e+00,9.785692382238023e-01,1.500070538402298e-02,0.000000000000000e+00,1.309687433647244e+00,5.062827912324292e+00,1,6.115000247955322e-01,5.200999975204468e-01,6.115000247955322e-01,5.000000000000000e-01
7.227467526524802e-01,1.430293300414727e-01,12188,22500,3.596514107780933e-01,1.350588996387348e-01,0.000000000000000e+00,1.826435055585924e+00,9.785495860638088e-01,1.500043770881751e-02,0.000000000000000e+00,1.309698258469377e+00,5.062846690537707e+00,1,6.117500066757202e-01,5.200999975204468e-01,6.117500066757202e-01,5.000000000000000e-01
7.227293011200044e-01,1.429873379906772e-01,12193,22505,3.590422703098376e-01,1.362644156700467e-01,0.000000000000000e+00,1.826467835636079e+00,9.785299339038156e-01,1.500017003361203e-02,0.000000000000000e+00,1.309709083291509e+00,5.062865468751121e+00,1,6.119999885559082e-01,5.200999975204468e-01,6.119999885559082e-01,5.000000000000000e-01
7.227118495875288e-01,1.429453459398817e-01,12198,22510,3.584331298415814e-01,1.374699317013596e-01,0.000000000000000e+00,1.826500615686234e+00,9.785102817438224e-01,1.499990235840656e-02,0.000000000000000e+00,1.309719908113642e+00,5.062884246964539e+00,1,6.122499704360962e-01,5.200999975204468e-01,6.122499704360962e-01,5.000000000000000e-01
7.226943938939818e-01,1.429033438766754e-01,12203,22515,3.578238441323939e-01,1.386757351709241e-01,0.000000000000000e+00,1.826533403552328e+00,9.784906248980492e-01,1.499963461937772e-02,0.000000000000000e+00,1.309730735516800e+00,5.062903029655352e+00,1,6.125000119209290e-01,5.200999975204468e-01,6.125000119209290e-01,5.000000000000000e-01
7.226769423615058e-01,1.428613518258799e-01,12208,22520,3.572147036641381e-01,1.398812512022360e-01,0.000000000000000e+00,1.826566183602484e+00,9.784709727380559e-01,1.499936694417225e-02,0.000000000000000e+00,1.309741560338933e+00,5.062921807868769e+00,1,6.127499938011169e-01,5.200999975204468e-01,6.127499938011169e-01,5.000000000000000e-01
7.226594908290300e-01,1.428193597750843e-01,12213,22525,3.566055631958818e-01,1.410867672335489e-01,0.000000000000000e+00,1.826598963652639e+00,9.784513205780625e-01,1.499909926896677e-02,0.000000000000000e+00,1.309752385161066e+00,5.062940586082184e+00,1,6.129999756813049e-01,5.200999975204468e-01,6.129999756813049e-01,5.000000000000000e-01
7.226420351354832e-01,1.427773577118776e-01,12218,22530,3.559962774866866e-01,1.422925707031142e-01,0.000000000000000e+00,1.826631751518733e+00,9.784316637322895e-01,1.499883152993793e-02,0.000000000000000e+00,1.309763212564224e+00,5.062959368772997e+00,1,6.132500171661377e-01,5.200999975204468e-01,6.132500171661377e-01,5.000000000000000e-01
7.226245836030075e-01,1.427353656610821e-01,12223,22535,3.553871370184309e-01,1.434980867344260e-01,0.000000000000000e+00,1.826664531568889e+00,9.784120115722964e-01,1.499856385473246e-02,0.000000000000000e+00,1.309774037386357e+00,5.062978146986414e+00,1,6.134999990463257e-01,5.200999975204468e-01,6.134999990463257e-01,5.000000000000000e-01
7.226071320705317e-01,1.426933736102869e-01,12228,22540,3.547779965501823e-01,1.447036027657382e-01,0.000000000000000e+00,1.826697311619044e+00,9.783923594123031e-01,1.499829617952699e-02,0.000000000000000e+00,1.309784862208490e+00,5.062996925199830e+00,1,6.137499809265137e-01,5.200999975204468e-01,6.137499809265137e-01,5.000000000000000e-01
7.225896763769848e-01,1.426513715470806e-01,12233,22545,3.541687108409942e-01,1.459094062353037e-01,0.000000000000000e+00,1.826730099485139e+00,9.783727025665302e-01,1.499802844049815e-02,0.000000000000000e+00,1.309795689611648e+00,5.063015707890646e+00,1,6.140000224113464e-01,5.200999975204468e-01,6.140000224113464e-01,5.000000000000000e-01
7.225722248445090e-01,1.426093794962851e-01,12238,22550,3.535595703727382e-01,1.471149222666162e-01,0.000000000000000e+00,1.826762879535294e+00,9.783530504065368e-01,1.499776076529268e-02,0.000000000000000e+00,1.309806514433780e+00,5.063034486104060e+00,1,6.142500042915344e-01,5.200999975204468e-01,6.142500042915344e-01,5.000000000000000e-01
7.225547733120332e-01,1.425673874454896e-01,12243,22555,3.529504299044822e-01,1.483204382979286e-01,0.000000000000000e+00,1.826795659585449e+00,9.783333982465435e-01,1.499749309008721e-02,0.000000000000000e+00,1.309817339255913e+00,5.063053264317476e+00,1,6.144999861717224e-01,5.200999975204468e-01,6.144999861717224e-01,5.000000000000000e-01
7.225373176184862e-01,1.425253853822833e-01,12248,22560,3.523411441952944e-01,1.495262417674936e-01,0.000000000000000e+00,1.826828447451544e+00,9.783137414007702e-01,1.499722535105836e-02,0.000000000000000e+00,1.309828166659072e+00,5.063072047008291e+00,1,6.147500276565552e-01,5.200999975204468e-01,6.147500276565552e-01,5.000000000000000e-01
7.225198660860105e-01,1.424833933314877e-01,12253,22565,3.517320037270384e-01,1.507317577988060e-01,0.000000000000000e+00,1.826861227501699e+00,9.782940892407771e-01,1.499695767585289e-02,0.000000000000000e+00,1.309838991481204e+00,5.063090825221707e+00,1,6.150000095367432e-01,5.200999975204468e-01,6.150000095367432e-01,5.000000000000000e-01
7.225024145535346e-01,1.424414012806922e-01,12258,22570,3.511228632587824e-01,1.519372738301185e-01,0.000000000000000e+00,1.826894007551854e+00,9.782744370807839e-01,1.499669000064742e-02,0.000000000000000e+00,1.309849816303337e+00,5.063109603435122e+00,1,6.152499914169312e-01,5.200999975204468e-01,6.152499914169312e-01,5.000000000000000e-01
7.224849630210590e-01,1.423994092298971e-01,12263,22575,3.505137227905333e-01,1.531427898614315e-01,0.000000000000000e+00,1.826926787602009e+00,9.782547849207905e-01,1.499642232544195e-02,0.000000000000000e+00,1.309860641125470e+00,5.063128381648538e+00,1,6.154999732971191e-01,5.200999975204468e-01,6.154999732971191e-01,5.000000000000000e-01
7.224675073275122e-01,1.423574071666908e-01,12268,22580,3.499044370813454e-01,1.543485933309965e-01,0.000000000000000e+00,1.826959575468104e+00,9.782351280750177e-01,1.499615458641311e-02,0.000000000000000e+00,1.309871468528628e+00,5.063147164339354e+00,1,6.157500147819519e-01,5.200999975204468e-01,6.157500147819519e-01,5.000000000000000e-01
7.224500557950363e-01,1.423154151158948e-01,12273,22585,3.492952966130827e-01,1.555541093623083e-01,0.000000000000000e+00,1.826992355518259e+00,9.782154759150242e-01,1.499588691120763e-02,0.000000000000000e+00,1.309882293350761e+00,5.063165942552769e+00,1,6.159999966621399e-01,5.200999975204468e-01,6.159999966621399e-01,5.000000000000000e-01
7.224326042625605e-01,1.422734230650993e-01,12278,22590,3.486861561448267e-01,1.567596253936207e-01,0.000000000000000e+00,1.827025135568414e+00,9.781958237550308e-01,1.499561923600216e-02,0.000000000000000e+00,1.309893118172893e+00,5.063184720766184e+00,1,6.162499785423279e-01,5.200999975204468e-01,6.162499785423279e-01,5.000000000000000e-01
7.224151485690136e-01,1.422314210018930e-01,12283,22595,3.480768704356387e-01,1.579654288631857e-01,0.000000000000000e+00,1.827057923434509e+00,9.781761669092579e-01,1.499535149697332e-02,0.000000000000000e+00,1.309903945576052e+00,5.063203503456998e+00,1,6.165000200271606e-01,5.200999975204468e-01,6.165000200271606e-01,5.000000000000000e-01
7.223976970365379e-01,1.421894289510975e-01,12288,22600,3.474677299673828e-01,1.591709448944981e-01,0.000000000000000e+00,1.827090703484664e+00,9.781565147492646e-01,1.499508382176785e-02,0.000000000000000e+00,1.309914770398185e+00,5.063222281670415e+00,1,6.167500019073486e-01,5.200999975204468e-01,6.167500019073486e-01,5.000000000000000e-01
7.223802455040620e-01,1.421474369003019e-01,12293,22605,3.468585894991268e-01,1.603764609258105e-01,0.000000000000000e+00,1.827123483534819e+00,9.781368625892712e-01,1.499481614656237e-02,0.000000000000000e+00,1.309925595220317e+00,5.063241059883831e+00,1,6.169999837875366e-01,5.200999975204468e-01,6.169999837875366e-01,5.000000000000000e-01
7.223627898105152e-01,1.421054348370956e-01,12298,22610,3.462493037899390e-01,1.615822643953755e-01,0.000000000000000e+00,1.827156271400914e+00,9.781172057434984e-01,1.499454840753353e-02,0.000000000000000e+00,1.309936422623476e+00,5.063259842574646e+00,1,6.172500252723694e-01,5.200999975204468e-01,6.172500252723694e-01,5.000000000000000e-01
7.223453382780393e-01,1.420634427863001e-01,12303,22615,3.456401633216830e-01,1.627877804266880e-01,0.000000000000000e+00,1.827189051451069e+00,9.780975535835049e-01,1.499428073232806e-02,0.000000000000000e+00,1.309947247445608e+00,5.063278620788061e+00,1,6.175000071525574e-01,5.200999975204468e-01,6.175000071525574e-01,5.000000000000000e-01
7.223278867455636e-01,1.420214507355045e-01,12308,22620,3.450310228534270e-01,1.639932964580004e-01,0.000000000000000e+00,1.827221831501224e+00,9.780779014235117e-01,1.499401305712259e-02,0.000000000000000e+00,1.309958072267741e+00,5.063297399001477e+00,1,6.177499890327454e-01,5.200999975204468e-01,6.177499890327454e-01,5.000000000000000e-01
7.223104352130878e-01,1.419794586847090e-01,12313,22625,3.444218823851711e-01,1.651988124893128e-01,0.000000000000000e+00,1.827254611551380e+00,9.780582492635184e-01,1.499374538191712e-02,0.000000000000000e+00,1.309968897089874e+00,5.063316177214892e+00,1,6.179999709129333e-01,5.200999975204468e-01,6.179999709129333e-01,5.000000000000000e-01
7.222929795195409e-01,1.419374566215027e-01,12318,22630,3.438125966759832e-01,1.664046159588778e-01,0.000000000000000e+00,1.827287399417474e+00,9.780385924177454e-01,1.499347764288827e-02,0.000000000000000e+00,1.309979724493032e+00,5.063334959905707e+00,1,6.182500123977661e-01,5.200999975204468e-01,6.182500123977661e-01,5.000000000000000e-01
7.222755279870652e-01,1.418954645707072e-01,12323,22635,3.432034562077273e-01,1.676101319901902e-01,0.000000000000000e+00,1.827320179467629e+00,9.780189402577522e-01,1.499320996768280e-02,0.000000000000000e+00,1.309990549315165e+00,5.063353738119123e+00,1,6.184999942779541e-01,5.200999975204468e-01,6.184999942779541e-01,5.000000000000000e-01
7.222580764545893e-01,1.418534725199116e-01,12328,22640,3.425943157394710e-01,1.688156480215032e-01,0.000000000000000e+00,1.827352959517784e+00,9.779992880977588e-01,1.499294229247733e-02,0.000000000000000e+00,1.310001374137297e+00,5.063372516332538e+00,1,6.187499761581421e-01,5.200999975204468e-01,6.187499761581421e-01,5.000000000000000e-01
7.222406207610423e-01,1.418114704567053e-01,12333,22645,3.419850300302834e-01,1.700214514910676e-01,0.000000000000000e+00,1.827385747383879e+00,9.779796312519857e-01,1.499267455344849e-02,0.000000000000000e+00,1.310012201540456e+00,5.063391299023353e+00,1,6.190000176429749e-01,5.200999975204468e-01,6.190000176429749e-01,5.000000000000000e-01
7.222231692285666e-01,1.417694784059098e-01,12338,22650,3.413758895620272e-01,1.712269675223806e-01,0.000000000000000e+00,1.827418527434034e+00,9.779599790919926e-01,1.499240687824302e-02,0.000000000000000e+00,1.310023026362588e+00,5.063410077236769e+00,1,6.192499995231628e-01,5.200999975204468e-01,6.192499995231628e-01,5.000000000000000e-01
7.222057176960908e-01,1.417274863551143e-01,12343,22655,3.407667490937715e-01,1.724324835536925e-01,0.000000000000000e+00,1.827451307484189e+00,9.779403269319992e-01,1.499213920303754e-02,0.000000000000000e+00,1.310033851184721e+00,5.063428855450185e+00,1,6.194999814033508e-01,5.200999975204468e-01,6.194999814033508e-01,5.000000000000000e-01
7.221882620025439e-01,1.416854842919080e-01,12348,22660,3.401574633845837e-01,1.736382870232575e-01,0.000000000000000e+00,1.827484095350284e+00,9.779206700862263e-01,1.499187146400870e-02,0.000000000000000e+00,1.310044678587880e+00,5.063447638141000e+00,1,6.197500228881836e-01,5.200999975204468e-01,6.197500228881836e-01,5.000000000000000e-01
7.221708104700680e-01,1.416434922411124e-01,12353,22666,3.395483229163277e-01,1.748438030545699e-01,0.000000000000000e+00,1.827516875400439e+00,9.779010179262329e-01,1.499160378880323e-02,0.000000000000000e+00,1.310055503410012e+00,5.063466416354415e+00,1,6.200000047683716e-01,5.200999975204468e-01,6.200000047683716e-01,5.000000000000000e-01
7.221411578970379e-01,1.416589161610805e-01,12358,22671,3.378111193763844e-01,1.773064844866101e-01,0.000000000000000e+00,1.827571511320931e+00,9.778668941525924e-01,1.499330440267641e-02,0.000000000000000e+00,1.310071933224102e+00,5.063490703440608e+00,1,6.202499866485596e-01,5.200999975204468e-01,6.202499866485596e-01,5.000000000000000e-01
7.221114984865551e-01,1.416743426632218e-01,12363,22676,3.360735231471964e-01,1.797697291246897e-01,0.000000000000000e+00,1.827626159851596e+00,9.778327625187255e-01,1.499500538448383e-02,0.000000000000000e+00,1.310088366848710e+00,5.063514996212608e+00,1,6.205000281333923e-01,5.200999975204468e-01,6.205000281333923e-01,5.000000000000000e-01
7.220818461462537e-01,1.416897654880086e-01,12368,22681,3.343363411244978e-01,1.822323865769221e-01,0.000000000000000e+00,1.827680795355198e+00,9.777986390211242e-01,1.499670596081287e-02,0.000000000000000e+00,1.310104796555887e+00,5.063539283193722e+00,1,6.207500100135803e-01,5.200999975204468e-01,6.207500100135803e-01,5.000000000000000e-01
7.220521938059522e-01,1.417051883127954e-01,12373,22686,3.325991591018008e-01,1.846950440291523e-01,0.000000000000000e+00,1.827735430858799e+00,9.777645155235227e-01,1.499840653714191e-02,0.000000000000000e+00,1.310121226263064e+00,5.063563570174835e+00,1,6.209999918937683e-01,5.200999975204468e-01,6.209999918937683e-01,5.000000000000000e-01
7.220225414656509e-01,1.417206111375822e-01,12378,22691,3.308619770791031e-01,1.871577014813836e-01,0.000000000000000e+00,1.827790066362401e+00,9.777303920259216e-01,1.500010711347095e-02,0.000000000000000e+00,1.310137655970241e+00,5.063587857155949e+00,1,6.212499737739563e-01,5.200999975204468e-01,6.212499737739563e-01,5.000000000000000e-01
7.219928820551681e-01,1.417360376397236e-01,12383,22696,3.291243808499144e-01,1.896209461194643e-01,0.000000000000000e+00,1.827844714893066e+00,9.776962603920546e-01,1.500180809527837e-02,0.000000000000000e+00,1.310154089594849e+00,5.063612149927950e+00,1,6.215000152587891e-01,5.200999975204468e-01,6.215000152587891e-01,5.000000000000000e-01
7.219632297148667e-01,1.417514604645104e-01,12388,22701,3.273871988272166e-01,1.920836035716956e-01,0.000000000000000e+00,1.827899350396668e+00,9.776621368944531e-01,1.500350867160741e-02,0.000000000000000e+00,1.310170519302026e+00,5.063636436909063e+00,1,6.217499971389771e-01,5.200999975204468e-01,6.217499971389771e-01,5.000000000000000e-01
7.219335773745653e-01,1.417668832892972e-01,12393,22706,3.256500168045195e-01,1.945462610239258e-01,0.000000000000000e+00,1.827953985900270e+00,9.776280133968518e-01,1.500520924793645e-02,0.000000000000000e+00,1.310186949009203e+00,5.063660723890179e+00,1,6.219999790191650e-01,5.200999975204468e-01,6.219999790191650e-01,5.000000000000000e-01
7.219039179640826e-01,1.417823097914385e-01,12398,22711,3.239124205753300e-01,1.970095056620076e-01,0.000000000000000e+00,1.828008634430935e+00,9.775938817629848e-01,1.500691022974388e-02,0.000000000000000e+00,1.310203382633812e+00,5.063685016662179e+00,1,6.222500205039978e-01,5.200999975204468e-01,6.222500205039978e-01,5.000000000000000e-01
7.218742656237812e-01,1.417977326162253e-01,12403,22716,3.221752385526323e-01,1.994721631142389e-01,0.000000000000000e+00,1.828063269934536e+00,9.775597582653834e-01,1.500861080607292e-02,0.000000000000000e+00,1.310219812340988e+00,5.063709303643292e+00,1,6.225000023841858e-01,5.200999975204468e-01,6.225000023841858e-01,5.000000000000000e-01
7.218446132834798e-01,1.418131554410121e-01,12408,22721,3.204380565299337e-01,2.019348205664714e-01,0.000000000000000e+00,1.828117905438138e+00,9.775256347677821e-01,1.501031138240196e-02,0.000000000000000e+00,1.310236242048165e+00,5.063733590624405e+00,1,6.227499842643738e-01,5.200999975204468e-01,6.227499842643738e-01,5.000000000000000e-01
7.218149538729970e-01,1.418285819431534e-01,12413,22726,3.187004603007457e-01,2.043980652045509e-01,0.000000000000000e+00,1.828172553968803e+00,9.774915031339149e-01,1.501201236420937e-02,0.000000000000000e+00,1.310252675672774e+00,5.063757883396406e+00,1,6.230000257492065e-01,5.200999975204468e-01,6.230000257492065e-01,5.000000000000000e-01
7.217853015326955e-01,1.418440047679397e-01,12418,22731,3.169632782780420e-01,2.068607226567806e-01,0.000000000000000e+00,1.828227189472404e+00,9.774573796363135e-01,1.501371294053841e-02,0.000000000000000e+00,1.310269105379950e+00,5.063782170377520e+00,1,6.232500076293945e-01,5.200999975204468e-01,6.232500076293945e-01,5.000000000000000e-01
7.217556491923941e-01,1.418594275927271e-01,12423,22736,3.152260962553501e-01,2.093233801090135e-01,0.000000000000000e+00,1.828281824976007e+00,9.774232561387124e-01,1.501541351686746e-02,0.000000000000000e+00,1.310285535087128e+00,5.063806457358634e+00,1,6.234999895095825e-01,5.200999975204468e-01,6.234999895095825e-01,5.000000000000000e-01
7.217259968520927e-01,1.418748504175145e-01,12428,22741,3.134889142326591e-01,2.117860375612454e-01,0.000000000000000e+00,1.828336460479608e+00,9.773891326411109e-01,1.501711409319650e-02,0.000000000000000e+00,1.310301964794305e+00,5.063830744339747e+00,1,6.237499713897705e-01,5.200999975204468e-01,6.237499713897705e-01,5.000000000000000e-01
7.216963374416101e-01,1.418902769196552e-01,12433,22746,3.117513180034645e-01,2.142492821993245e-01,0.000000000000000e+00,1.828391109010274e+00,9.773550010072440e-01,1.501881507500392e-02,0.000000000000000e+00,1.310318398418913e+00,5.063855037111749e+00,1,6.240000128746033e-01,5.200999975204468e-01,6.240000128746033e-01,5.000000000000000e-01
7.216666851013085e-01,1.419056997444420e-01,12438,22751,3.100141359807659e-01,2.167119396515569e-01,0.000000000000000e+00,1.828445744513876e+00,9.773208775096426e-01,1.502051565133296e-02,0.000000000000000e+00,1.310334828126090e+00,5.063879324092863e+00,1,6.242499947547913e-01,5.200999975204468e-01,6.242499947547913e-01,5.000000000000000e-01
7.216370327610071e-01,1.419211225692288e-01,12443,22756,3.082769539580681e-01,2.191745971037882e-01,0.000000000000000e+00,1.828500380017477e+00,9.772867540120412e-01,1.502221622766200e-02,0.000000000000000e+00,1.310351257833267e+00,5.063903611073975e+00,1,6.244999766349792e-01,5.200999975204468e-01,6.244999766349792e-01,5.000000000000000e-01
7.216073733505244e-01,1.419365490713701e-01,12448,22761,3.065393577288794e-01,2.216378417418688e-01,0.000000000000000e+00,1.828555028548142e+00,9.772526223781740e-01,1.502391720946942e-02,0.000000000000000e+00,1.310367691457875e+00,5.063927903845977e+00,1,6.247500181198120e-01,5.200999975204468e-01,6.247500181198120e-01,5.000000000000000e-01
7.215777210102230e-01,1.419519718961570e-01,12453,22766,3.048021757061816e-01,2.241004991941001e-01,0.000000000000000e+00,1.828609664051744e+00,9.772184988805728e-01,1.502561778579846e-02,0.000000000000000e+00,1.310384121165052e+00,5.063952190827091e+00,1,6.250000000000000e-01,5.200999975204468e-01,6.250000000000000e-01,5.000000000000000e-01
7.215480686699213e-01,1.419673947209438e-01,12458,22771,3.030649936834837e-01,2.265631566463314e-01,0.000000000000000e+00,1.828664299555345e+00,9.771843753829714e-01,1.502731836212750e-02,0.000000000000000e+00,1.310400550872229e+00,5.063976477808203e+00,1,6.252499818801880e-01,5.200999975204468e-01,6.252499818801880e-01,5.000000000000000e-01
7.215184092594388e-01,1.419828212230851e-01,12463,22776,3.013273974542951e-01,2.290264012844122e-01,0.000000000000000e+00,1.828718948086010e+00,9.771502437491044e-01,1.502901934393492e-02,0.000000000000000e+00,1.310416984496837e+00,5.064000770580205e+00,1,6.255000233650208e-01,5.200999975204468e-01,6.255000233650208e-01,5.000000000000000e-01
7.214887569191375e-01,1.419982440478719e-01,12468,22781,2.995902154315973e-01,2.314890587366435e-01,0.000000000000000e+00,1.828773583589612e+00,9.771161202515031e-01,1.503071992026396e-02,0.000000000000000e+00,1.310433414204014e+00,5.064025057561318e+00,1,6.257500052452087e-01,5.200999975204468e-01,6.257500052452087e-01,5.000000000000000e-01
7.214591045788360e-01,1.420136668726587e-01,12473,22786,2.978530334088995e-01,2.339517161888748e-01,0.000000000000000e+00,1.828828219093214e+00,9.770819967539016e-01,1.503242049659300e-02,0.000000000000000e+00,1.310449843911191e+00,5.064049344542433e+00,1,6.259999871253967e-01,5.200999975204468e-01,6.259999871253967e-01,5.000000000000000e-01
7.214294451683532e-01,1.420290933748006e-01,12478,22791,2.961154371797166e-01,2.364149608269574e-01,0.000000000000000e+00,1.828882867623879e+00,9.770478651200347e-01,1.503412147840043e-02,0.000000000000000e+00,1.310466277535800e+00,5.064073637314433e+00,1,6.262500286102295e-01,5.200999975204468e-01,6.262500286102295e-01,5.000000000000000e-01
7.213997928280518e-01,1.420445161995869e-01,12483,22796,2.943782551570130e-01,2.388776182791867e-01,0.000000000000000e+00,1.828937503127481e+00,9.770137416224334e-01,1.503582205472946e-02,0.000000000000000e+00,1.310482707242977e+00,5.064097924295546e+00,1,6.265000104904175e-01,5.200999975204468e-01,6.265000104904175e-01,5.000000000000000e-01
7.213701404877504e-01,1.420599390243737e-01,12488,22801,2.926410731343152e-01,2.413402757314181e-01,0.000000000000000e+00,1.828992138631082e+00,9.769796181248319e-01,1.503752263105850e-02,0.000000000000000e+00,1.310499136950154e+00,5.064122211276660e+00,1,6.267499923706055e-01,5.200999975204468e-01,6.267499923706055e-01,5.000000000000000e-01
7.213404881474490e-01,1.420753618491605e-01,12493,22806,2.909038911116174e-01,2.438029331836494e-01,0.000000000000000e+00,1.829046774134684e+00,9.769454946272305e-01,1.503922320738754e-02,0.000000000000000e+00,1.310515566657330e+00,5.064146498257774e+00,1,6.269999742507935e-01,5.200999975204468e-01,6.269999742507935e-01,5.000000000000000e-01
7.213108287369663e-01,1.420907883513018e-01,12498,22811,2.891662948824287e-01,2.462661778217301e-01,0.000000000000000e+00,1.829101422665349e+00,9.769113629933637e-01,1.504092418919497e-02,0.000000000000000e+00,1.310532000281939e+00,5.064170791029775e+00,1,6.272500157356262e-01,5.200999975204468e-01,6.272500157356262e-01,5.000000000000000e-01
7.212811763966648e-01,1.421062111760886e-01,12503,22816,2.874291128597309e-01,2.487288352739614e-01,0.000000000000000e+00,1.829156058168951e+00,9.768772394957623e-01,1.504262476552400e-02,0.000000000000000e+00,1.310548429989116e+00,5.064195078010888e+00,1,6.274999976158142e-01,5.200999975204468e-01,6.274999976158142e-01,5.000000000000000e-01
7.212515240563634e-01,1.421216340008754e-01,12508,22821,2.856919308370331e-01,2.511914927261927e-01,0.000000000000000e+00,1.829210693672552e+00,9.768431159981606e-01,1.504432534185304e-02,0.000000000000000e+00,1.310564859696293e+00,5.064219364992002e+00,1,6.277499794960022e-01,5.200999975204468e-01,6.277499794960022e-01,5.000000000000000e-01
7.212218646458806e-01,1.421370605030167e-01,12513,22826,2.839543346078445e-01,2.536547373642734e-01,0.000000000000000e+00,1.829265342203218e+00,9.768089843642939e-01,1.504602632366047e-02,0.000000000000000e+00,1.310581293320901e+00,5.064243657764003e+00,1,6.280000209808350e-01,5.200999975204468e-01,6.280000209808350e-01,5.000000000000000e-01
7.211922123055792e-01,1.421524833278036e-01,12518,22831,2.822171525851466e-01,2.561173948165047e-01,0.000000000000000e+00,1.829319977706819e+00,9.767748608666923e-01,1.504772689998951e-02,0.000000000000000e+00,1.310597723028078e+00,5.064267944745116e+00,1,6.282500028610229e-01,5.200999975204468e-01,6.282500028610229e-01,5.000000000000000e-01
7.211625599652778e-01,1.421679061525904e-01,12523,22836,2.804799705624488e-01,2.585800522687360e-01,0.000000000000000e+00,1.829374613210421e+00,9.767407373690911e-01,1.504942747631854e-02,0.000000000000000e+00,1.310614152735255e+00,5.064292231726230e+00,1,6.284999847412109e-01,5.200999975204468e-01,6.284999847412109e-01,5.000000000000000e-01
7.211329005547951e-01,1.421833326547317e-01,12528,22841,2.787423743332602e-01,2.610432969068167e-01,0.000000000000000e+00,1.829429261741086e+00,9.767066057352241e-01,1.505112845812597e-02,0.000000000000000e+00,1.310630586359863e+00,5.064316524498230e+00,1,6.287500262260437e-01,5.200999975204468e-01,6.287500262260437e-01,5.000000000000000e-01
7.211032482144936e-01,1.421987554795185e-01,12533,22846,2.770051923105615e-01,2.635059543590491e-01,0.000000000000000e+00,1.829483897244688e+00,9.766724822376226e-01,1.505282903445501e-02,0.000000000000000e+00,1.310647016067040e+00,5.064340811479344e+00,1,6.290000081062317e-01,5.200999975204468e-01,6.290000081062317e-01,5.000000000000000e-01
7.210735958741921e-01,1.422141783043053e-01,12538,22851,2.752680102878638e-01,2.659686118112804e-01,0.000000000000000e+00,1.829538532748290e+00,9.766383587400214e-01,1.505452961078405e-02,0.000000000000000e+00,1.310663445774217e+00,5.064365098460458e+00,1,6.292499899864197e-01,5.200999975204468e-01,6.292499899864197e-01,5.000000000000000e-01
7.210439435338907e-01,1.422296011290921e-01,12543,22856,2.735308282651667e-01,2.684312692635106e-01,0.000000000000000e+00,1.829593168251891e+00,9.766042352424198e-01,1.505623018711309e-02,0.000000000000000e+00,1.310679875481394e+00,5.064389385441571e+00,1,6.294999718666077e-01,5.200999975204468e-01,6.294999718666077e-01,5.000000000000000e-01
7.210142841234081e-01,1.422450276312335e-01,12548,22861,2.717932320359781e-01,2.708945139015914e-01,0.000000000000000e+00,1.829647816782557e+00,9.765701036085530e-01,1.505793116892051e-02,0.000000000000000e+00,1.310696309106003e+00,5.064413678213572e+00,1,6.297500133514404e-01,5.200999975204468e-01,6.297500133514404e-01,5.000000000000000e-01
7.209846317831067e-01,1.422604504560202e-01,12553,22867,2.700560500132803e-01,2.733571713538226e-01,0.000000000000000e+00,1.829702452286158e+00,9.765359801109516e-01,1.505963174524955e-02,0.000000000000000e+00,1.310712738813180e+00,5.064437965194686e+00,1,6.299999952316284e-01,5.200999975204468e-01,6.299999952316284e-01,5.000000000000000e-01
7.209413796428054e-01,1.426297747701029e-01,12558,22872,2.685552909091939e-01,2.759460563441559e-01,0.000000000000000e+00,1.829784484962751e+00,9.764855440782994e-01,1.506697033199488e-02,0.000000000000000e+00,1.310735092136120e+00,5.064467173096608e+00,1,6.302499771118164e-01,5.200999975204468e-01,6.302499771118164e-01,5.000000000000000e-01
7.208981169301614e-01,1.429991938967090e-01,12563,22877,2.670541784812169e-01,2.785355610259028e-01,0.000000000000000e+00,1.829866537721607e+00,9.764350957086488e-01,1.507431077609445e-02,0.000000000000000e+00,1.310757450901916e+00,5.064496388056628e+00,1,6.305000185966492e-01,5.200999975204468e-01,6.305000185966492e-01,5.000000000000000e-01
7.208548645304408e-01,1.433685249615453e-01,12568,22882,2.655534238869515e-01,2.811244484240579e-01,0.000000000000000e+00,1.829948570920807e+00,9.763846593648312e-01,1.508164947038614e-02,0.000000000000000e+00,1.310779804337852e+00,5.064525596052418e+00,1,6.307500004768372e-01,5.200999975204468e-01,6.307500004768372e-01,5.000000000000000e-01
7.208116121307203e-01,1.437378560263811e-01,12573,22887,2.640526692926880e-01,2.837133358222095e-01,0.000000000000000e+00,1.830030604120006e+00,9.763342230210138e-01,1.508898816467783e-02,0.000000000000000e+00,1.310802157773787e+00,5.064554804048207e+00,1,6.309999823570251e-01,5.200999975204468e-01,6.309999823570251e-01,5.000000000000000e-01
7.207683494180765e-01,1.441072751529874e-01,12578,22892,2.625515568647104e-01,2.863028405039576e-01,0.000000000000000e+00,1.830112656878862e+00,9.762837746513633e-01,1.509632860877741e-02,0.000000000000000e+00,1.310824516539582e+00,5.064584019008229e+00,1,6.312500238418579e-01,5.200999975204468e-01,6.312500238418579e-01,5.000000000000000e-01
7.207250970183555e-01,1.444766062178235e-01,12583,22897,2.610508022704455e-01,2.888917279021116e-01,0.000000000000000e+00,1.830194690078063e+00,9.762333383075458e-01,1.510366730306910e-02,0.000000000000000e+00,1.310846869975518e+00,5.064613227004017e+00,1,6.315000057220459e-01,5.200999975204468e-01,6.315000057220459e-01,5.000000000000000e-01
7.206818446186350e-01,1.448459372826592e-01,12588,22902,2.595500476761821e-01,2.914806153002633e-01,0.000000000000000e+00,1.830276723277262e+00,9.761829019637281e-01,1.511100599736078e-02,0.000000000000000e+00,1.310869223411453e+00,5.064642434999806e+00,1,6.317499876022339e-01,5.200999975204468e-01,6.317499876022339e-01,5.000000000000000e-01
7.206385819059912e-01,1.452153564092661e-01,12593,22907,2.580489352482102e-01,2.940701199820138e-01,0.000000000000000e+00,1.830358776036118e+00,9.761324535940776e-01,1.511834644146038e-02,0.000000000000000e+00,1.310891582177249e+00,5.064671649959829e+00,1,6.320000290870667e-01,5.200999975204468e-01,6.320000290870667e-01,5.000000000000000e-01
7.205953295062704e-01,1.455846874741015e-01,12598,22912,2.565481806539403e-01,2.966590073801643e-01,0.000000000000000e+00,1.830440809235318e+00,9.760820172502601e-01,1.512568513575205e-02,0.000000000000000e+00,1.310913935613184e+00,5.064700857955616e+00,1,6.322500109672546e-01,5.200999975204468e-01,6.322500109672546e-01,5.000000000000000e-01
7.205520771065499e-01,1.459540185389374e-01,12603,22917,2.550474260596762e-01,2.992478947783170e-01,0.000000000000000e+00,1.830522842434518e+00,9.760315809064426e-01,1.513302383004374e-02,0.000000000000000e+00,1.310936289049119e+00,5.064730065951404e+00,1,6.324999928474426e-01,5.200999975204468e-01,6.324999928474426e-01,5.000000000000000e-01
7.205088247068293e-01,1.463233496037732e-01,12608,22922,2.535466714654127e-01,3.018367821764689e-01,0.000000000000000e+00,1.830604875633718e+00,9.759811445626251e-01,1.514036252433542e-02,0.000000000000000e+00,1.310958642485054e+00,5.064759273947192e+00,1,6.327499747276306e-01,5.200999975204468e-01,6.327499747276306e-01,5.000000000000000e-01
7.204655619941853e-01,1.466927687303795e-01,12613,22927,2.520455590374351e-01,3.044262868582168e-01,0.000000000000000e+00,1.830686928392574e+00,9.759306961929746e-01,1.514770296843500e-02,0.000000000000000e+00,1.310981001250850e+00,5.064788488907216e+00,1,6.330000162124634e-01,5.200999975204468e-01,6.330000162124634e-01,5.000000000000000e-01
7.204223095944647e-01,1.470620997952154e-01,12618,22932,2.505448044431709e-01,3.070151742563697e-01,0.000000000000000e+00,1.830768961591774e+00,9.758802598491568e-01,1.515504166272669e-02,0.000000000000000e+00,1.311003354686785e+00,5.064817696903003e+00,1,6.332499980926514e-01,5.200999975204468e-01,6.332499980926514e-01,5.000000000000000e-01
7.203790571947442e-01,1.474314308600515e-01,12623,22937,2.490440498489061e-01,3.096040616545236e-01,0.000000000000000e+00,1.830850994790974e+00,9.758298235053393e-01,1.516238035701838e-02,0.000000000000000e+00,1.311025708122720e+00,5.064846904898793e+00,1,6.334999799728394e-01,5.200999975204468e-01,6.334999799728394e-01,5.000000000000000e-01
7.203357944821003e-01,1.478008499866579e-01,12628,22942,2.475429374209279e-01,3.121935663362728e-01,0.000000000000000e+00,1.830933047549830e+00,9.757793751356887e-01,1.516972080111796e-02,0.000000000000000e+00,1.311048066888516e+00,5.064876119858815e+00,1,6.337500214576721e-01,5.200999975204468e-01,6.337500214576721e-01,5.000000000000000e-01
7.202925420823797e-01,1.481701810514937e-01,12633,22947,2.460421828266643e-01,3.147824537344246e-01,0.000000000000000e+00,1.831015080749030e+00,9.757289387918714e-01,1.517705949540965e-02,0.000000000000000e+00,1.311070420324451e+00,5.064905327854603e+00,1,6.340000033378601e-01,5.200999975204468e-01,6.340000033378601e-01,5.000000000000000e-01
7.202492896826589e-01,1.485395121163299e-01,12638,22952,2.445414282324067e-01,3.173713411325788e-01,0.000000000000000e+00,1.831097113948230e+00,9.756785024480538e-01,1.518439818970135e-02,0.000000000000000e+00,1.311092773760386e+00,5.064934535850393e+00,1,6.342499852180481e-01,5.200999975204468e-01,6.342499852180481e-01,5.000000000000000e-01
7.202060269700152e-01,1.489089312429362e-01,12643,22957,2.430403158044291e-01,3.199608458143268e-01,0.000000000000000e+00,1.831179166707086e+00,9.756280540784033e-01,1.519173863380092e-02,0.000000000000000e+00,1.311115132526183e+00,5.064963750810415e+00,1,6.345000267028809e-01,5.200999975204468e-01,6.345000267028809e-01,5.000000000000000e-01
7.201627745702944e-01,1.492782623077720e-01,12648,22962,2.415395612101577e-01,3.225497332124794e-01,0.000000000000000e+00,1.831261199906286e+00,9.755776177345854e-01,1.519907732809260e-02,0.000000000000000e+00,1.311137485962117e+00,5.064992958806203e+00,1,6.347500085830688e-01,5.200999975204468e-01,6.347500085830688e-01,5.000000000000000e-01
7.201195221705738e-01,1.496475933726080e-01,12653,22967,2.400388066158936e-01,3.251386206106323e-01,0.000000000000000e+00,1.831343233105486e+00,9.755271813907680e-01,1.520641602238429e-02,0.000000000000000e+00,1.311159839398053e+00,5.065022166801991e+00,1,6.349999904632568e-01,5.200999975204468e-01,6.349999904632568e-01,5.000000000000000e-01
7.200762697708532e-01,1.500169244374439e-01,12658,22972,2.385380520216294e-01,3.277275080087851e-01,0.000000000000000e+00,1.831425266304685e+00,9.754767450469504e-01,1.521375471667598e-02,0.000000000000000e+00,1.311182192833988e+00,5.065051374797780e+00,1,6.352499723434448e-01,5.200999975204468e-01,6.352499723434448e-01,5.000000000000000e-01
7.200330070582093e-01,1.503863435640499e-01,12663,22977,2.370369395936532e-01,3.303170126905309e-01,0.000000000000000e+00,1.831507319063542e+00,9.754262966773000e-01,1.522109516077555e-02,0.000000000000000e+00,1.311204551599784e+00,5.065080589757802e+00,1,6.355000138282776e-01,5.200999975204468e-01,6.355000138282776e-01,5.000000000000000e-01
7.199897546584886e-01,1.507556746288860e-01,12668,22982,2.355361849993884e-01,3.329059000886849e-01,0.000000000000000e+00,1.831589352262741e+00,9.753758603334823e-01,1.522843385506724e-02,0.000000000000000e+00,1.311226905035719e+00,5.065109797753590e+00,1,6.357499957084656e-01,5.200999975204468e-01,6.357499957084656e-01,5.000000000000000e-01
7.199465022587681e-01,1.511250056937218e-01,12673,22987,2.340354304051249e-01,3.354947874868366e-01,0.000000000000000e+00,1.831671385461942e+00,9.753254239896649e-01,1.523577254935892e-02,0.000000000000000e+00,1.311249258471654e+00,5.065139005749379e+00,1,6.359999775886536e-01,5.200999975204468e-01,6.359999775886536e-01,5.000000000000000e-01
7.199032395461242e-01,1.514944248203282e-01,12678,22992,2.325343179771466e-01,3.380842921685858e-01,0.000000000000000e+00,1.831753438220797e+00,9.752749756200143e-01,1.524311299345851e-02,0.000000000000000e+00,1.311271617237450e+00,5.065168220709401e+00,1,6.362500190734863e-01,5.200999975204468e-01,6.362500190734863e-01,5.000000000000000e-01
7.198599871464035e-01,1.518637558851638e-01,12683,22997,2.310335633828765e-01,3.406731795667362e-01,0.000000000000000e+00,1.831835471419997e+00,9.752245392761969e-01,1.525045168775017e-02,0.000000000000000e+00,1.311293970673385e+00,5.065197428705190e+00,1,6.365000009536743e-01,5.200999975204468e-01,6.365000009536743e-01,5.000000000000000e-01
7.198167347466828e-01,1.522330869499998e-01,12688,23002,2.295328087886123e-01,3.432620669648890e-01,0.000000000000000e+00,1.831917504619197e+00,9.751741029323794e-01,1.525779038204186e-02,0.000000000000000e+00,1.311316324109320e+00,5.065226636700977e+00,1,6.367499828338623e-01,5.200999975204468e-01,6.367499828338623e-01,5.000000000000000e-01
7.197734720340391e-01,1.526025060766064e-01,12693,23007,2.280316963606406e-01,3.458515716466395e-01,0.000000000000000e+00,1.831999557378053e+00,9.751236545627286e-01,1.526513082614146e-02,0.000000000000000e+00,1.311338682875116e+00,5.065255851661000e+00,1,6.370000243186951e-01,5.200999975204468e-01,6.370000243186951e-01,5.000000000000000e-01
7.197302196343185e-01,1.529718371414424e-01,12698,23012,2.265309417663766e-01,3.484404590447924e-01,0.000000000000000e+00,1.832081590577253e+00,9.750732182189112e-01,1.527246952043315e-02,0.000000000000000e+00,1.311361036311051e+00,5.065285059656789e+00,1,6.372500061988831e-01,5.200999975204468e-01,6.372500061988831e-01,5.000000000000000e-01
7.196869672345978e-01,1.533411682062783e-01,12703,23017,2.250301871721124e-01,3.510293464429453e-01,0.000000000000000e+00,1.832163623776453e+00,9.750227818750936e-01,1.527980821472483e-02,0.000000000000000e+00,1.311383389746986e+00,5.065314267652577e+00,1,6.374999880790710e-01,5.200999975204468e-01,6.374999880790710e-01,5.000000000000000e-01
7.196437045219540e-01,1.537105873328846e-01,12708,23022,2.235290747441348e-01,3.536188511246933e-01,0.000000000000000e+00,1.832245676535309e+00,9.749723335054432e-01,1.528714865882441e-02,0.000000000000000e+00,1.311405748512782e+00,5.065343482612600e+00,1,6.377500295639038e-01,5.200999975204468e-01,6.377500295639038e-01,5.000000000000000e-01
7.196004521222333e-01,1.540799183977205e-01,12713,23027,2.220283201498707e-01,3.562077385228462e-01,0.000000000000000e+00,1.832327709734509e+00,9.749218971616255e-01,1.529448735311610e-02,0.000000000000000e+00,1.311428101948717e+00,5.065372690608388e+00,1,6.380000114440918e-01,5.200999975204468e-01,6.380000114440918e-01,5.000000000000000e-01
7.195571997225125e-01,1.544492494625564e-01,12718,23032,2.205275655556065e-01,3.587966259209990e-01,0.000000000000000e+00,1.832409742933709e+00,9.748714608178080e-01,1.530182604740779e-02,0.000000000000000e+00,1.311450455384652e+00,5.065401898604177e+00,1,6.382499933242798e-01,5.200999975204468e-01,6.382499933242798e-01,5.000000000000000e-01
7.195139473227918e-01,1.548185805273924e-01,12723,23037,2.190268109613424e-01,3.613855133191519e-01,0.000000000000000e+00,1.832491776132909e+00,9.748210244739905e-01,1.530916474169948e-02,0.000000000000000e+00,1.311472808820588e+00,5.065431106599966e+00,1,6.384999752044678e-01,5.200999975204468e-01,6.384999752044678e-01,5.000000000000000e-01
7.194706846101482e-01,1.551879996539985e-01,12728,23042,2.175256985333654e-01,3.639750180008987e-01,0.000000000000000e+00,1.832573828891765e+00,9.747705761043399e-01,1.531650518579905e-02,0.000000000000000e+00,1.311495167586383e+00,5.065460321559988e+00,1,6.387500166893005e-01,5.200999975204468e-01,6.387500166893005e-01,5.000000000000000e-01
7.194274322104275e-01,1.555573307188344e-01,12733,23047,2.160249439391013e-01,3.665639053990516e-01,0.000000000000000e+00,1.832655862090965e+00,9.747201397605225e-01,1.532384388009074e-02,0.000000000000000e+00,1.311517521022319e+00,5.065489529555776e+00,1,6.389999985694885e-01,5.200999975204468e-01,6.389999985694885e-01,5.000000000000000e-01
7.193841798107068e-01,1.559266617836705e-01,12738,23052,2.145241893448364e-01,3.691527927972056e-01,0.000000000000000e+00,1.832737895290165e+00,9.746697034167049e-01,1.533118257438243e-02,0.000000000000000e+00,1.311539874458254e+00,5.065518737551565e+00,1,6.392499804496765e-01,5.200999975204468e-01,6.392499804496765e-01,5.000000000000000e-01
7.193409170980631e-01,1.562960809102768e-01,12743,23057,2.130230769168588e-01,3.717422974789536e-01,0.000000000000000e+00,1.832819948049021e+00,9.746192550470543e-01,1.533852301848201e-02,0.000000000000000e+00,1.311562233224050e+00,5.065547952511587e+00,1,6.395000219345093e-01,5.200999975204468e-01,6.395000219345093e-01,5.000000000000000e-01
7.192976646983424e-01,1.566654119751125e-01,12748,23062,2.115223223225885e-01,3.743311848771040e-01,0.000000000000000e+00,1.832901981248220e+00,9.745688187032369e-01,1.534586171277367e-02,0.000000000000000e+00,1.311584586659985e+00,5.065577160507376e+00,1,6.397500038146973e-01,5.200999975204468e-01,6.397500038146973e-01,5.000000000000000e-01
7.192544122986216e-01,1.570347430399487e-01,12753,23068,2.100215677283305e-01,3.769200722752594e-01,0.000000000000000e+00,1.832984014447420e+00,9.745183823594192e-01,1.535320040706539e-02,0.000000000000000e+00,1.311606940095920e+00,5.065606368503164e+00,1,6.399999856948853e-01,5.200999975204468e-01,6.399999856948853e-01,5.000000000000000e-01
7.192008513282797e-01,1.576144558062061e-01,12758,23073,2.103742032117188e-01,3.789042938476818e-01,0.000000000000000e+00,1.833090451676581e+00,9.744550360047100e-01,1.536298601844201e-02,0.000000000000000e+00,1.311632308762604e+00,5.065633641007763e+00,1,6.402500271797180e-01,5.200999975204468e-01,6.402500271797180e-01,5.000000000000000e-01
7.191473025366828e-01,1.581940424100235e-01,12763,23078,2.107268606697046e-01,3.808880078007510e-01,0.000000000000000e+00,1.833196864928146e+00,9.743917040126702e-01,1.537276943699921e-02,0.000000000000000e+00,1.311657671554099e+00,5.065660906900059e+00,1,6.405000090599060e-01,5.200999975204468e-01,6.405000090599060e-01,5.000000000000000e-01
7.190937537450860e-01,1.587736290138407e-01,12768,23083,2.110795181276715e-01,3.828717217538136e-01,0.000000000000000e+00,1.833303278179711e+00,9.743283720206304e-01,1.538255285555634e-02,0.000000000000000e+00,1.311683034345594e+00,5.065688172792355e+00,1,6.407499909400940e-01,5.200999975204468e-01,6.407499909400940e-01,5.000000000000000e-01
7.190402049534892e-01,1.593532156176579e-01,12773,23088,2.114321755856572e-01,3.848554357068820e-01,0.000000000000000e+00,1.833409691431276e+00,9.742650400285906e-01,1.539233627411354e-02,0.000000000000000e+00,1.311708397137088e+00,5.065715438684651e+00,1,6.409999728202820e-01,5.200999975204468e-01,6.409999728202820e-01,5.000000000000000e-01
7.189866433939401e-01,1.599329404157061e-01,12778,23093,2.117849171298214e-01,3.868396226484934e-01,0.000000000000000e+00,1.833516130055576e+00,9.742016929359327e-01,1.540212202538855e-02,0.000000000000000e+00,1.311733765975981e+00,5.065742711078114e+00,1,6.412500143051147e-01,5.200999975204468e-01,6.412500143051147e-01,5.000000000000000e-01
7.189330946023433e-01,1.605125270195234e-01,12783,23098,2.121375745878009e-01,3.888233366015600e-01,0.000000000000000e+00,1.833622543307141e+00,9.741383609438929e-01,1.541190544394572e-02,0.000000000000000e+00,1.311759128767476e+00,5.065769976970410e+00,1,6.414999961853027e-01,5.200999975204468e-01,6.414999961853027e-01,5.000000000000000e-01
7.188795458107464e-01,1.610921136233406e-01,12788,23103,2.124902320457803e-01,3.908070505546267e-01,0.000000000000000e+00,1.833728956558705e+00,9.740750289518533e-01,1.542168886250290e-02,0.000000000000000e+00,1.311784491558971e+00,5.065797242862707e+00,1,6.417499780654907e-01,5.200999975204468e-01,6.417499780654907e-01,5.000000000000000e-01
7.188259842511973e-01,1.616718384213885e-01,12793,23108,2.128429735899509e-01,3.927912374962388e-01,0.000000000000000e+00,1.833835395183006e+00,9.740116818591954e-01,1.543147461377793e-02,0.000000000000000e+00,1.311809860397864e+00,5.065824515256169e+00,1,6.420000195503235e-01,5.200999975204468e-01,6.420000195503235e-01,5.000000000000000e-01
7.187724354596006e-01,1.622514250252057e-01,12798,23113,2.131956310479237e-01,3.947749514493031e-01,0.000000000000000e+00,1.833941808434570e+00,9.739483498671557e-01,1.544125803233508e-02,0.000000000000000e+00,1.311835223189359e+00,5.065851781148466e+00,1,6.422500014305115e-01,5.200999975204468e-01,6.422500014305115e-01,5.000000000000000e-01
7.187188866680038e-01,1.628310116290229e-01,12803,23118,2.135482885059031e-01,3.967586654023698e-01,0.000000000000000e+00,1.834048221686135e+00,9.738850178751161e-01,1.545104145089226e-02,0.000000000000000e+00,1.311860585980853e+00,5.065879047040763e+00,1,6.424999833106995e-01,5.200999975204468e-01,6.424999833106995e-01,5.000000000000000e-01
7.186653251084548e-01,1.634107364270709e-01,12808,23123,2.139010300500671e-01,3.987428523439803e-01,0.000000000000000e+00,1.834154660310435e+00,9.738216707824581e-01,1.546082720216726e-02,0.000000000000000e+00,1.311885954819747e+00,5.065906319434223e+00,1,6.427500247955322e-01,5.200999975204468e-01,6.427500247955322e-01,5.000000000000000e-01
7.186117763168580e-01,1.639903230308882e-01,12813,23128,2.142536875080466e-01,4.007265662970471e-01,0.000000000000000e+00,1.834261073562000e+00,9.737583387904183e-01,1.547061062072444e-02,0.000000000000000e+00,1.311911317611241e+00,5.065933585326520e+00,1,6.430000066757202e-01,5.200999975204468e-01,6.430000066757202e-01,5.000000000000000e-01
7.185582275252611e-01,1.645699096347055e-01,12818,23133,2.146063449660260e-01,4.027102802501137e-01,0.000000000000000e+00,1.834367486813564e+00,9.736950067983785e-01,1.548039403928162e-02,0.000000000000000e+00,1.311936680402736e+00,5.065960851218817e+00,1,6.432499885559082e-01,5.200999975204468e-01,6.432499885559082e-01,5.000000000000000e-01
7.185046787336644e-01,1.651494962385227e-01,12823,23138,2.149590024240055e-01,4.046939942031804e-01,0.000000000000000e+00,1.834473900065129e+00,9.736316748063387e-01,1.549017745783880e-02,0.000000000000000e+00,1.311962043194230e+00,5.065988117111113e+00,1,6.434999704360962e-01,5.200999975204468e-01,6.434999704360962e-01,5.000000000000000e-01
7.184511171741154e-01,1.657292210365707e-01,12828,23143,2.153117439681695e-01,4.066781811447910e-01,0.000000000000000e+00,1.834580338689429e+00,9.735683277136812e-01,1.549996320911380e-02,0.000000000000000e+00,1.311987412033124e+00,5.066015389504576e+00,1,6.437500119209290e-01,5.200999975204468e-01,6.437500119209290e-01,5.000000000000000e-01
7.183975683825183e-01,1.663088076403882e-01,12833,23148,2.156644014261491e-01,4.086618950978585e-01,0.000000000000000e+00,1.834686751940994e+00,9.735049957216413e-01,1.550974662767098e-02,0.000000000000000e+00,1.312012774824618e+00,5.066042655396871e+00,1,6.439999938011169e-01,5.200999975204468e-01,6.439999938011169e-01,5.000000000000000e-01
7.183440195909216e-01,1.668883942442052e-01,12838,23153,2.160170588841211e-01,4.106456090509222e-01,0.000000000000000e+00,1.834793165192559e+00,9.734416637296013e-01,1.551953004622813e-02,0.000000000000000e+00,1.312038137616113e+00,5.066069921289168e+00,1,6.442499756813049e-01,5.200999975204468e-01,6.442499756813049e-01,5.000000000000000e-01
7.182904580313727e-01,1.674681190422533e-01,12843,23158,2.163698004282925e-01,4.126297959925349e-01,0.000000000000000e+00,1.834899603816859e+00,9.733783166369436e-01,1.552931579750316e-02,0.000000000000000e+00,1.312063506455007e+00,5.066097193682632e+00,1,6.445000171661377e-01,5.200999975204468e-01,6.445000171661377e-01,5.000000000000000e-01
7.182369092397757e-01,1.680477056460707e-01,12848,23163,2.167224578862721e-01,4.146135099456024e-01,0.000000000000000e+00,1.835006017068423e+00,9.733149846449040e-01,1.553909921606034e-02,0.000000000000000e+00,1.312088869246501e+00,5.066124459574927e+00,1,6.447499990463257e-01,5.200999975204468e-01,6.447499990463257e-01,5.000000000000000e-01
7.181833604481791e-01,1.686272922498878e-01,12853,23168,2.170751153442514e-01,4.165972238986683e-01,0.000000000000000e+00,1.835112430319988e+00,9.732516526528642e-01,1.554888263461752e-02,0.000000000000000e+00,1.312114232037996e+00,5.066151725467224e+00,1,6.449999809265137e-01,5.200999975204468e-01,6.449999809265137e-01,5.000000000000000e-01
7.181297988886299e-01,1.692070170479358e-01,12858,23173,2.174278568884154e-01,4.185814108402788e-01,0.000000000000000e+00,1.835218868944288e+00,9.731883055602064e-01,1.555866838589252e-02,0.000000000000000e+00,1.312139600876889e+00,5.066178997860686e+00,1,6.452500224113464e-01,5.200999975204468e-01,6.452500224113464e-01,5.000000000000000e-01
7.180762500970331e-01,1.697866036517530e-01,12863,23178,2.177805143463949e-01,4.205651247933455e-01,0.000000000000000e+00,1.835325282195853e+00,9.731249735681665e-01,1.556845180444969e-02,0.000000000000000e+00,1.312164963668384e+00,5.066206263752982e+00,1,6.455000042915344e-01,5.200999975204468e-01,6.455000042915344e-01,5.000000000000000e-01
7.180227013054361e-01,1.703661902555703e-01,12868,23183,2.181331718043744e-01,4.225488387464121e-01,0.000000000000000e+00,1.835431695447418e+00,9.730616415761268e-01,1.557823522300688e-02,0.000000000000000e+00,1.312190326459878e+00,5.066233529645277e+00,1,6.457499861717224e-01,5.200999975204468e-01,6.457499861717224e-01,5.000000000000000e-01
7.179691397458872e-01,1.709459150536183e-01,12873,23188,2.184859133485384e-01,4.245330256880228e-01,0.000000000000000e+00,1.835538134071718e+00,9.729982944834692e-01,1.558802097428188e-02,0.000000000000000e+00,1.312215695298772e+00,5.066260802038741e+00,1,6.460000276565552e-01,5.200999975204468e-01,6.460000276565552e-01,5.000000000000000e-01
7.179155909542904e-01,1.715255016574356e-01,12878,23193,2.188385708065179e-01,4.265167396410894e-01,0.000000000000000e+00,1.835644547323283e+00,9.729349624914292e-01,1.559780439283906e-02,0.000000000000000e+00,1.312241058090266e+00,5.066288067931037e+00,1,6.462500095367432e-01,5.200999975204468e-01,6.462500095367432e-01,5.000000000000000e-01
7.178620421626936e-01,1.721050882612531e-01,12883,23198,2.191912282644975e-01,4.285004535941571e-01,0.000000000000000e+00,1.835750960574848e+00,9.728716304993894e-01,1.560758781139624e-02,0.000000000000000e+00,1.312266420881761e+00,5.066315333823333e+00,1,6.464999914169312e-01,5.200999975204468e-01,6.464999914169312e-01,5.000000000000000e-01
7.178084933710968e-01,1.726846748650703e-01,12888,23203,2.195438857224769e-01,4.304841675472237e-01,0.000000000000000e+00,1.835857373826412e+00,9.728082985073497e-01,1.561737122995342e-02,0.000000000000000e+00,1.312291783673255e+00,5.066342599715630e+00,1,6.467499732971191e-01,5.200999975204468e-01,6.467499732971191e-01,5.000000000000000e-01
7.177549318115477e-01,1.732643996631181e-01,12893,23208,2.198966272666408e-01,4.324683544888334e-01,0.000000000000000e+00,1.835963812450712e+00,9.727449514146919e-01,1.562715698122842e-02,0.000000000000000e+00,1.312317152512149e+00,5.066369872109092e+00,1,6.470000147819519e-01,5.200999975204468e-01,6.470000147819519e-01,5.000000000000000e-01
7.177013830199510e-01,1.738439862669354e-01,12898,23213,2.202492847246202e-01,4.344520684419001e-01,0.000000000000000e+00,1.836070225702277e+00,9.726816194226522e-01,1.563694039978560e-02,0.000000000000000e+00,1.312342515303643e+00,5.066397138001389e+00,1,6.472499966621399e-01,5.200999975204468e-01,6.472499966621399e-01,5.000000000000000e-01
7.176478342283541e-01,1.744235728707526e-01,12903,23218,2.206019421825997e-01,4.364357823949667e-01,0.000000000000000e+00,1.836176638953842e+00,9.726182874306124e-01,1.564672381834278e-02,0.000000000000000e+00,1.312367878095138e+00,5.066424403893685e+00,1,6.474999785423279e-01,5.200999975204468e-01,6.474999785423279e-01,5.000000000000000e-01
7.175942726688049e-01,1.750032976688006e-01,12908,23223,2.209546837267637e-01,4.384199693365773e-01,0.000000000000000e+00,1.836283077578142e+00,9.725549403379548e-01,1.565650956961778e-02,0.000000000000000e+00,1.312393246934032e+00,5.066451676287148e+00,1,6.477500200271606e-01,5.200999975204468e-01,6.477500200271606e-01,5.000000000000000e-01
7.175407238772082e-01,1.755828842726179e-01,12913,23228,2.213073411847432e-01,4.404036832896440e-01,0.000000000000000e+00,1.836389490829707e+00,9.724916083459150e-01,1.566629298817496e-02,0.000000000000000e+00,1.312418609725526e+00,5.066478942179444e+00,1,6.480000019073486e-01,5.200999975204468e-01,6.480000019073486e-01,5.000000000000000e-01
7.174871750856113e-01,1.761624708764351e-01,12918,23233,2.216599986427226e-01,4.423873972427108e-01,0.000000000000000e+00,1.836495904081271e+00,9.724282763538751e-01,1.567607640673213e-02,0.000000000000000e+00,1.312443972517021e+00,5.066506208071740e+00,1,6.482499837875366e-01,5.200999975204468e-01,6.482499837875366e-01,5.000000000000000e-01
7.174336135260623e-01,1.767421956744834e-01,12923,23238,2.220127401868868e-01,4.443715841843222e-01,0.000000000000000e+00,1.836602342705571e+00,9.723649292612172e-01,1.568586215800714e-02,0.000000000000000e+00,1.312469341355914e+00,5.066533480465202e+00,1,6.485000252723694e-01,5.200999975204468e-01,6.485000252723694e-01,5.000000000000000e-01
7.173800647344655e-01,1.773217822783007e-01,12928,23243,2.223653976448663e-01,4.463552981373888e-01,0.000000000000000e+00,1.836708755957136e+00,9.723015972691775e-01,1.569564557656432e-02,0.000000000000000e+00,1.312494704147409e+00,5.066560746357499e+00,1,6.487500071525574e-01,5.200999975204468e-01,6.487500071525574e-01,5.000000000000000e-01
7.173265159428688e-01,1.779013688821177e-01,12933,23248,2.227180551028456e-01,4.483390120904547e-01,0.000000000000000e+00,1.836815169208701e+00,9.722382652771379e-01,1.570542899512150e-02,0.000000000000000e+00,1.312520066938903e+00,5.066588012249795e+00,1,6.489999890327454e-01,5.200999975204468e-01,6.489999890327454e-01,5.000000000000000e-01
7.172729671512719e-01,1.784809554859350e-01,12938,23253,2.230707125608251e-01,4.503227260435214e-01,0.000000000000000e+00,1.836921582460266e+00,9.721749332850981e-01,1.571521241367867e-02,0.000000000000000e+00,1.312545429730398e+00,5.066615278142091e+00,1,6.492499709129333e-01,5.200999975204468e-01,6.492499709129333e-01,5.000000000000000e-01
7.172194055917228e-01,1.790606802839832e-01,12943,23258,2.234234541049892e-01,4.523069129851328e-01,0.000000000000000e+00,1.837028021084566e+00,9.721115861924401e-01,1.572499816495368e-02,0.000000000000000e+00,1.312570798569291e+00,5.066642550535553e+00,1,6.495000123977661e-01,5.200999975204468e-01,6.495000123977661e-01,5.000000000000000e-01
7.171658568001260e-01,1.796402668878002e-01,12948,23263,2.237761115629686e-01,4.542906269381986e-01,0.000000000000000e+00,1.837134434336130e+00,9.720482542004005e-01,1.573478158351085e-02,0.000000000000000e+00,1.312596161360786e+00,5.066669816427850e+00,1,6.497499942779541e-01,5.200999975204468e-01,6.497499942779541e-01,5.000000000000000e-01
7.171123080085293e-01,1.802198534916175e-01,12953,23269,2.241287690209480e-01,4.562743408912653e-01,0.000000000000000e+00,1.837240847587695e+00,9.719849222083607e-01,1.574456500206804e-02,0.000000000000000e+00,1.312621524152280e+00,5.066697082320147e+00,1,6.499999761581421e-01,5.200999975204468e-01,6.499999761581421e-01,5.000000000000000e-01
7.170637198553379e-01,1.808626067648805e-01,12958,23274,2.269208662972811e-01,4.572262354168924e-01,0.000000000000000e+00,1.837362582626707e+00,9.719275216514299e-01,1.575104920073929e-02,0.000000000000000e+00,1.312644687360378e+00,5.066722448058892e+00,1,6.502500176429749e-01,5.200999975204468e-01,6.502500176429749e-01,5.000000000000000e-01
7.170151437586980e-01,1.815052128282535e-01,12963,23279,2.297125305594179e-01,4.581778046141700e-01,0.000000000000000e+00,1.837484290104968e+00,9.718701353445183e-01,1.575753153895028e-02,0.000000000000000e+00,1.312667844836573e+00,5.066747807569202e+00,1,6.504999995231628e-01,5.200999975204468e-01,6.504999995231628e-01,5.000000000000000e-01
7.169665676620578e-01,1.821478188916262e-01,12968,23284,2.325041948215433e-01,4.591293738114453e-01,0.000000000000000e+00,1.837605997583229e+00,9.718127490376067e-01,1.576401387716122e-02,0.000000000000000e+00,1.312691002312768e+00,5.066773167079512e+00,1,6.507499814033508e-01,5.200999975204468e-01,6.507499814033508e-01,5.000000000000000e-01
7.169179799831341e-01,1.827905781753286e-01,12973,23289,2.352965247165603e-01,4.600811698969450e-01,0.000000000000000e+00,1.837727734080918e+00,9.717553490477414e-01,1.577049776099414e-02,0.000000000000000e+00,1.312714165310536e+00,5.066798532636438e+00,1,6.510000228881836e-01,5.200999975204468e-01,6.510000228881836e-01,5.000000000000000e-01
7.168694038864941e-01,1.834331842387010e-01,12978,23294,2.380881889786947e-01,4.610327390942217e-01,0.000000000000000e+00,1.837849441559179e+00,9.716979627408301e-01,1.577698009920513e-02,0.000000000000000e+00,1.312737322786730e+00,5.066823892146749e+00,1,6.512500047683716e-01,5.200999975204468e-01,6.512500047683716e-01,5.000000000000000e-01
7.168208277898539e-01,1.840757903020737e-01,12983,23299,2.408798532408302e-01,4.619843082914988e-01,0.000000000000000e+00,1.837971149037440e+00,9.716405764339183e-01,1.578346243741611e-02,0.000000000000000e+00,1.312760480262925e+00,5.066849251657059e+00,1,6.514999866485596e-01,5.200999975204468e-01,6.514999866485596e-01,5.000000000000000e-01
7.167722401109303e-01,1.847185495857765e-01,12988,23304,2.436721831358384e-01,4.629361043769971e-01,0.000000000000000e+00,1.838092885535128e+00,9.715831764440535e-01,1.578994632124899e-02,0.000000000000000e+00,1.312783643260693e+00,5.066874617213986e+00,1,6.517500281333923e-01,5.200999975204468e-01,6.517500281333923e-01,5.000000000000000e-01
7.167236640142902e-01,1.853611556491485e-01,12993,23309,2.464638473979821e-01,4.638876735742752e-01,0.000000000000000e+00,1.838214593013390e+00,9.715257901371418e-01,1.579642865946002e-02,0.000000000000000e+00,1.312806800736888e+00,5.066899976724295e+00,1,6.520000100135803e-01,5.200999975204468e-01,6.520000100135803e-01,5.000000000000000e-01
7.166750879176501e-01,1.860037617125216e-01,12998,23314,2.492555116601083e-01,4.648392427715510e-01,0.000000000000000e+00,1.838336300491651e+00,9.714684038302301e-01,1.580291099767096e-02,0.000000000000000e+00,1.312829958213082e+00,5.066925336234605e+00,1,6.522499918937683e-01,5.200999975204468e-01,6.522499918937683e-01,5.000000000000000e-01
7.166265118210099e-01,1.866463677758943e-01,13003,23319,2.520471759222438e-01,4.657908119688281e-01,0.000000000000000e+00,1.838458007969912e+00,9.714110175233186e-01,1.580939333588195e-02,0.000000000000000e+00,1.312853115689277e+00,5.066950695744914e+00,1,6.524999737739563e-01,5.200999975204468e-01,6.524999737739563e-01,5.000000000000000e-01
7.165779241420862e-01,1.872891270595965e-01,13008,23324,2.548395058172495e-01,4.667426080543255e-01,0.000000000000000e+00,1.838579744467600e+00,9.713536175334535e-01,1.581587721971482e-02,0.000000000000000e+00,1.312876278687044e+00,5.066976061301841e+00,1,6.527500152587891e-01,5.200999975204468e-01,6.527500152587891e-01,5.000000000000000e-01
7.165293480454461e-01,1.879317331229692e-01,13013,23329,2.576311700793851e-01,4.676941772516027e-01,0.000000000000000e+00,1.838701451945861e+00,9.712962312265420e-01,1.582235955792581e-02,0.000000000000000e+00,1.312899436163239e+00,5.067001420812152e+00,1,6.529999971389771e-01,5.200999975204468e-01,6.529999971389771e-01,5.000000000000000e-01
7.164807719488059e-01,1.885743391863422e-01,13018,23334,2.604228343415219e-01,4.686457464488802e-01,0.000000000000000e+00,1.838823159424123e+00,9.712388449196303e-01,1.582884189613680e-02,0.000000000000000e+00,1.312922593639434e+00,5.067026780322462e+00,1,6.532499790191650e-01,5.200999975204468e-01,6.532499790191650e-01,5.000000000000000e-01
7.164321842698823e-01,1.892170984700449e-01,13023,23339,2.632151642365299e-01,4.695975425343784e-01,0.000000000000000e+00,1.838944895921811e+00,9.711814449297653e-01,1.583532577996968e-02,0.000000000000000e+00,1.312945756637202e+00,5.067052145879389e+00,1,6.535000205039978e-01,5.200999975204468e-01,6.535000205039978e-01,5.000000000000000e-01
7.163836081732422e-01,1.898597045334174e-01,13028,23344,2.660068284986643e-01,4.705491117316551e-01,0.000000000000000e+00,1.839066603400072e+00,9.711240586228538e-01,1.584180811818067e-02,0.000000000000000e+00,1.312968914113397e+00,5.067077505389697e+00,1,6.537500023841858e-01,5.200999975204468e-01,6.537500023841858e-01,5.000000000000000e-01
7.163350320766020e-01,1.905023105967900e-01,13033,23349,2.687984927607998e-01,4.715006809289323e-01,0.000000000000000e+00,1.839188310878333e+00,9.710666723159420e-01,1.584829045639165e-02,0.000000000000000e+00,1.312992071589591e+00,5.067102864900008e+00,1,6.539999842643738e-01,5.200999975204468e-01,6.539999842643738e-01,5.000000000000000e-01
7.162864443976786e-01,1.911450698804925e-01,13038,23354,2.715908226558067e-01,4.724524770144301e-01,0.000000000000000e+00,1.839310047376022e+00,9.710092723260771e-01,1.585477434022453e-02,0.000000000000000e+00,1.313015234587359e+00,5.067128230456935e+00,1,6.542500257492065e-01,5.200999975204468e-01,6.542500257492065e-01,5.000000000000000e-01
7.162378683010384e-01,1.917876759438649e-01,13043,23359,2.743824869179411e-01,4.734040462117068e-01,0.000000000000000e+00,1.839431754854283e+00,9.709518860191656e-01,1.586125667843551e-02,0.000000000000000e+00,1.313038392063554e+00,5.067153589967244e+00,1,6.545000076293945e-01,5.200999975204468e-01,6.545000076293945e-01,5.000000000000000e-01
7.161892922043982e-01,1.924302820072379e-01,13048,23364,2.771741511800779e-01,4.743556154089844e-01,0.000000000000000e+00,1.839553462332544e+00,9.708944997122539e-01,1.586773901664650e-02,0.000000000000000e+00,1.313061549539749e+00,5.067178949477554e+00,1,6.547499895095825e-01,5.200999975204468e-01,6.547499895095825e-01,5.000000000000000e-01
7.161407161077580e-01,1.930728880706105e-01,13053,23369,2.799658154422134e-01,4.753071846062615e-01,0.000000000000000e+00,1.839675169810806e+00,9.708371134053424e-01,1.587422135485749e-02,0.000000000000000e+00,1.313084707015943e+00,5.067204308987864e+00,1,6.549999713897705e-01,5.200999975204468e-01,6.549999713897705e-01,5.000000000000000e-01
7.160921284288345e-01,1.937156473543131e-01,13058,23374,2.827581453372203e-01,4.762589806917593e-01,0.000000000000000e+00,1.839796906308494e+00,9.707797134154774e-01,1.588070523869037e-02,0.000000000000000e+00,1.313107870013711e+00,5.067229674544791e+00,1,6.552500128746033e-01,5.200999975204468e-01,6.552500128746033e-01,5.000000000000000e-01
7.160435523321943e-01,1.943582534176858e-01,13063,23379,2.855498095993559e-01,4.772105498890366e-01,0.000000000000000e+00,1.839918613786755e+00,9.707223271085658e-01,1.588718757690135e-02,0.000000000000000e+00,1.313131027489906e+00,5.067255034055100e+00,1,6.554999947547913e-01,5.200999975204468e-01,6.554999947547913e-01,5.000000000000000e-01
7.159949762355542e-01,1.950008594810584e-01,13068,23384,2.883414738614914e-01,4.781621190863137e-01,0.000000000000000e+00,1.840040321265016e+00,9.706649408016541e-01,1.589366991511234e-02,0.000000000000000e+00,1.313154184966101e+00,5.067280393565410e+00,1,6.557499766349792e-01,5.200999975204468e-01,6.557499766349792e-01,5.000000000000000e-01
7.159463885566306e-01,1.956436187647609e-01,13073,23389,2.911338037564983e-01,4.791139151718115e-01,0.000000000000000e+00,1.840162057762705e+00,9.706075408117891e-01,1.590015379894522e-02,0.000000000000000e+00,1.313177347963868e+00,5.067305759122337e+00,1,6.560000181198120e-01,5.200999975204468e-01,6.560000181198120e-01,5.000000000000000e-01
7.158978124599904e-01,1.962862248281336e-01,13078,23394,2.939254680186338e-01,4.800654843690885e-01,0.000000000000000e+00,1.840283765240966e+00,9.705501545048775e-01,1.590663613715620e-02,0.000000000000000e+00,1.313200505440063e+00,5.067331118632646e+00,1,6.562500000000000e-01,5.200999975204468e-01,6.562500000000000e-01,5.000000000000000e-01
7.158492363633502e-01,1.969288308915057e-01,13083,23399,2.967171322807804e-01,4.810170535663666e-01,0.000000000000000e+00,1.840405472719227e+00,9.704927681979658e-01,1.591311847536724e-02,0.000000000000000e+00,1.313223662916258e+00,5.067356478142957e+00,1,6.564999818801880e-01,5.200999975204468e-01,6.564999818801880e-01,5.000000000000000e-01
7.158006486844266e-01,1.975715901752082e-01,13088,23404,2.995094621757873e-01,4.819688496518643e-01,0.000000000000000e+00,1.840527209216916e+00,9.704353682081007e-01,1.591960235920011e-02,0.000000000000000e+00,1.313246825914025e+00,5.067381843699883e+00,1,6.567500233650208e-01,5.200999975204468e-01,6.567500233650208e-01,5.000000000000000e-01
7.157520725877865e-01,1.982141962385818e-01,13093,23409,3.023011264379131e-01,4.829204188491411e-01,0.000000000000000e+00,1.840648916695176e+00,9.703779819011891e-01,1.592608469741106e-02,0.000000000000000e+00,1.313269983390220e+00,5.067407203210193e+00,1,6.570000052452087e-01,5.200999975204468e-01,6.570000052452087e-01,5.000000000000000e-01
7.157034964911464e-01,1.988568023019542e-01,13098,23414,3.050927907000475e-01,4.838719880464178e-01,0.000000000000000e+00,1.840770624173438e+00,9.703205955942775e-01,1.593256703562204e-02,0.000000000000000e+00,1.313293140866415e+00,5.067432562720503e+00,1,6.572499871253967e-01,5.200999975204468e-01,6.572499871253967e-01,5.000000000000000e-01
7.156549088122228e-01,1.994995615856567e-01,13103,23419,3.078851205950543e-01,4.848237841319156e-01,0.000000000000000e+00,1.840892360671126e+00,9.702631956044125e-01,1.593905091945492e-02,0.000000000000000e+00,1.313316303864182e+00,5.067457928277429e+00,1,6.575000286102295e-01,5.200999975204468e-01,6.575000286102295e-01,5.000000000000000e-01
7.156063327155826e-01,2.001421676490294e-01,13108,23424,3.106767848571900e-01,4.857753533291929e-01,0.000000000000000e+00,1.841014068149387e+00,9.702058092975010e-01,1.594553325766591e-02,0.000000000000000e+00,1.313339461340377e+00,5.067483287787740e+00,1,6.577500104904175e-01,5.200999975204468e-01,6.577500104904175e-01,5.000000000000000e-01
7.155577566189425e-01,2.007847737124021e-01,13113,23429,3.134684491193255e-01,4.867269225264699e-01,0.000000000000000e+00,1.841135775627648e+00,9.701484229905893e-01,1.595201559587690e-02,0.000000000000000e+00,1.313362618816572e+00,5.067508647298050e+00,1,6.579999923706055e-01,5.200999975204468e-01,6.579999923706055e-01,5.000000000000000e-01
7.155091805223022e-01,2.014273797757747e-01,13118,23434,3.162601133814610e-01,4.876784917237471e-01,0.000000000000000e+00,1.841257483105910e+00,9.700910366836778e-01,1.595849793408788e-02,0.000000000000000e+00,1.313385776292767e+00,5.067534006808359e+00,1,6.582499742507935e-01,5.200999975204468e-01,6.582499742507935e-01,5.000000000000000e-01
7.154605928433788e-01,2.020701390594773e-01,13123,23439,3.190524432764679e-01,4.886302878092449e-01,0.000000000000000e+00,1.841379219603598e+00,9.700336366938129e-01,1.596498181792076e-02,0.000000000000000e+00,1.313408939290534e+00,5.067559372365286e+00,1,6.585000157356262e-01,5.200999975204468e-01,6.585000157356262e-01,5.000000000000000e-01
7.154120167467386e-01,2.027127451228499e-01,13128,23444,3.218441075386035e-01,4.895818570065221e-01,0.000000000000000e+00,1.841500927081859e+00,9.699762503869011e-01,1.597146415613175e-02,0.000000000000000e+00,1.313432096766729e+00,5.067584731875595e+00,1,6.587499976158142e-01,5.200999975204468e-01,6.587499976158142e-01,5.000000000000000e-01
7.153634406500984e-01,2.033553511862226e-01,13133,23449,3.246357718007390e-01,4.905334262037992e-01,0.000000000000000e+00,1.841622634560120e+00,9.699188640799896e-01,1.597794649434273e-02,0.000000000000000e+00,1.313455254242924e+00,5.067610091385906e+00,1,6.589999794960022e-01,5.200999975204468e-01,6.589999794960022e-01,5.000000000000000e-01
7.153148529711748e-01,2.039981104699251e-01,13138,23454,3.274281016957459e-01,4.914852222892969e-01,0.000000000000000e+00,1.841744371057809e+00,9.698614640901246e-01,1.598443037817561e-02,0.000000000000000e+00,1.313478417240691e+00,5.067635456942831e+00,1,6.592500209808350e-01,5.200999975204468e-01,6.592500209808350e-01,5.000000000000000e-01
7.152662768745347e-01,2.046407165332981e-01,13143,23459,3.302197659578826e-01,4.924367914865745e-01,0.000000000000000e+00,1.841866078536070e+00,9.698040777832129e-01,1.599091271638660e-02,0.000000000000000e+00,1.313501574716886e+00,5.067660816453142e+00,1,6.595000028610229e-01,5.200999975204468e-01,6.595000028610229e-01,5.000000000000000e-01
7.152177007778945e-01,2.052833225966708e-01,13148,23464,3.330114302200183e-01,4.933883606838517e-01,0.000000000000000e+00,1.841987786014331e+00,9.697466914763013e-01,1.599739505459759e-02,0.000000000000000e+00,1.313524732193081e+00,5.067686175963452e+00,1,6.597499847412109e-01,5.200999975204468e-01,6.597499847412109e-01,5.000000000000000e-01
7.151691147573519e-01,2.059261031110322e-01,13153,23470,3.358040032210393e-01,4.943400257351243e-01,0.000000000000000e+00,1.842109522904091e+00,9.696892935112842e-01,1.600387801971613e-02,0.000000000000000e+00,1.313547894545200e+00,5.067711541213663e+00,1,6.600000262260437e-01,5.200999975204468e-01,6.600000262260437e-01,5.000000000000000e-01
7.151363460459151e-01,2.067710759494438e-01,13158,23475,3.409129099301147e-01,4.940426005324854e-01,0.000000000000000e+00,1.842234967539602e+00,9.696512076851352e-01,1.600160334043714e-02,0.000000000000000e+00,1.313564897818209e+00,5.067733977165246e+00,1,6.602500081062317e-01,5.200999975204468e-01,6.602500081062317e-01,5.000000000000000e-01
7.151035773344786e-01,2.076160487878554e-01,13163,23480,3.460218166391903e-01,4.937451753298465e-01,0.000000000000000e+00,1.842360412175112e+00,9.696131218589865e-01,1.599932866115815e-02,0.000000000000000e+00,1.313581901091217e+00,5.067756413116832e+00,1,6.604999899864197e-01,5.200999975204468e-01,6.604999899864197e-01,5.000000000000000e-01
7.150708086230422e-01,2.084610216262697e-01,13168,23485,3.511307233482310e-01,4.934477501272067e-01,0.000000000000000e+00,1.842485856810622e+00,9.695750360328378e-01,1.599705398187902e-02,0.000000000000000e+00,1.313598904364225e+00,5.067778849068417e+00,1,6.607499718666077e-01,5.200999975204468e-01,6.607499718666077e-01,5.000000000000000e-01
7.150380320983698e-01,2.093061959365070e-01,13173,23490,3.562408482038730e-01,4.931502540077335e-01,0.000000000000000e+00,1.842611331356632e+00,9.695369411256621e-01,1.599477876023492e-02,0.000000000000000e+00,1.313615911691424e+00,5.067801290369537e+00,1,6.610000133514404e-01,5.200999975204468e-01,6.610000133514404e-01,5.000000000000000e-01
7.150052633869330e-01,2.101511687749190e-01,13178,23495,3.613497549129340e-01,4.928528288050946e-01,0.000000000000000e+00,1.842736775992142e+00,9.694988552995135e-01,1.599250408095588e-02,0.000000000000000e+00,1.313632914964433e+00,5.067823726321122e+00,1,6.612499952316284e-01,5.200999975204468e-01,6.612499952316284e-01,5.000000000000000e-01
7.149724946754965e-01,2.109961416133317e-01,13183,23500,3.664586616219994e-01,4.925554036024552e-01,0.000000000000000e+00,1.842862220627653e+00,9.694607694733645e-01,1.599022940167684e-02,0.000000000000000e+00,1.313649918237441e+00,5.067846162272707e+00,1,6.614999771118164e-01,5.200999975204468e-01,6.614999771118164e-01,5.000000000000000e-01
7.149397181508240e-01,2.118413159235698e-01,13188,23505,3.715687864776290e-01,4.922579074829820e-01,0.000000000000000e+00,1.842987695173663e+00,9.694226745661891e-01,1.598795418003270e-02,0.000000000000000e+00,1.313666925564639e+00,5.067868603573826e+00,1,6.617500185966492e-01,5.200999975204468e-01,6.617500185966492e-01,5.000000000000000e-01
7.149069494393876e-01,2.126862887619825e-01,13193,23510,3.766776931866945e-01,4.919604822803427e-01,0.000000000000000e+00,1.843113139809173e+00,9.693845887400403e-01,1.598567950075366e-02,0.000000000000000e+00,1.313683928837648e+00,5.067891039525412e+00,1,6.620000004768372e-01,5.200999975204468e-01,6.620000004768372e-01,5.000000000000000e-01
7.148741807279508e-01,2.135312616003950e-01,13198,23515,3.817865998957576e-01,4.916630570777035e-01,0.000000000000000e+00,1.843238584444683e+00,9.693465029138915e-01,1.598340482147462e-02,0.000000000000000e+00,1.313700932110656e+00,5.067913475476995e+00,1,6.622499823570251e-01,5.200999975204468e-01,6.622499823570251e-01,5.000000000000000e-01
7.148414042032784e-01,2.143764359106334e-01,13203,23520,3.868967247513896e-01,4.913655609582301e-01,0.000000000000000e+00,1.843364058990693e+00,9.693084080067160e-01,1.598112959983047e-02,0.000000000000000e+00,1.313717939437855e+00,5.067935916778116e+00,1,6.625000238418579e-01,5.200999975204468e-01,6.625000238418579e-01,5.000000000000000e-01
7.148086354918418e-01,2.152214087490458e-01,13208,23525,3.920056314604528e-01,4.910681357555910e-01,0.000000000000000e+00,1.843489503626204e+00,9.692703221805672e-01,1.597885492055143e-02,0.000000000000000e+00,1.313734942710863e+00,5.067958352729701e+00,1,6.627500057220459e-01,5.200999975204468e-01,6.627500057220459e-01,5.000000000000000e-01
7.147758667804053e-01,2.160663815874581e-01,13213,23530,3.971145381695161e-01,4.907707105529518e-01,0.000000000000000e+00,1.843614948261714e+00,9.692322363544185e-01,1.597658024127240e-02,0.000000000000000e+00,1.313751945983871e+00,5.067980788681287e+00,1,6.629999876022339e-01,5.200999975204468e-01,6.629999876022339e-01,5.000000000000000e-01
7.147430902557329e-01,2.169115558976973e-01,13218,23535,4.022246630251347e-01,4.904732144334785e-01,0.000000000000000e+00,1.843740422807724e+00,9.691941414472430e-01,1.597430501962820e-02,0.000000000000000e+00,1.313768953311070e+00,5.068003229982406e+00,1,6.632500290870667e-01,5.200999975204468e-01,6.632500290870667e-01,5.000000000000000e-01
7.147103215442961e-01,2.177565287361086e-01,13223,23540,4.073335697342089e-01,4.901757892308394e-01,0.000000000000000e+00,1.843865867443234e+00,9.691560556210942e-01,1.597203034034921e-02,0.000000000000000e+00,1.313785956584078e+00,5.068025665933991e+00,1,6.635000109672546e-01,5.200999975204468e-01,6.635000109672546e-01,5.000000000000000e-01
7.146775528328597e-01,2.186015015745213e-01,13228,23545,4.124424764432744e-01,4.898783640282001e-01,0.000000000000000e+00,1.843991312078745e+00,9.691179697949455e-01,1.596975566107017e-02,0.000000000000000e+00,1.313802959857087e+00,5.068048101885575e+00,1,6.637499928474426e-01,5.200999975204468e-01,6.637499928474426e-01,5.000000000000000e-01
7.146447841214230e-01,2.194464744129333e-01,13233,23550,4.175513831523352e-01,4.895809388255611e-01,0.000000000000000e+00,1.844116756714255e+00,9.690798839687966e-01,1.596748098179114e-02,0.000000000000000e+00,1.313819963130095e+00,5.068070537837160e+00,1,6.639999747276306e-01,5.200999975204468e-01,6.639999747276306e-01,5.000000000000000e-01
7.146120075967506e-01,2.202916487231718e-01,13238,23555,4.226615080079671e-01,4.892834427060876e-01,0.000000000000000e+00,1.844242231260265e+00,9.690417890616211e-01,1.596520576014699e-02,0.000000000000000e+00,1.313836970457293e+00,5.068092979138280e+00,1,6.642500162124634e-01,5.200999975204468e-01,6.642500162124634e-01,5.000000000000000e-01
7.145792388853140e-01,2.211366215615845e-01,13243,23560,4.277704147170326e-01,4.889860175034483e-01,0.000000000000000e+00,1.844367675895776e+00,9.690037032354722e-01,1.596293108086795e-02,0.000000000000000e+00,1.313853973730302e+00,5.068115415089865e+00,1,6.644999980926514e-01,5.200999975204468e-01,6.644999980926514e-01,5.000000000000000e-01
7.145464701738774e-01,2.219815943999962e-01,13248,23565,4.328793214261096e-01,4.886885923008089e-01,0.000000000000000e+00,1.844493120531286e+00,9.689656174093234e-01,1.596065640158896e-02,0.000000000000000e+00,1.313870977003311e+00,5.068137851041450e+00,1,6.647499799728394e-01,5.200999975204468e-01,6.647499799728394e-01,5.000000000000000e-01
7.145136936492049e-01,2.228267687102354e-01,13253,23570,4.379894462817278e-01,4.883910961813357e-01,0.000000000000000e+00,1.844618595077296e+00,9.689275225021480e-01,1.595838117994476e-02,0.000000000000000e+00,1.313887984330509e+00,5.068160292342569e+00,1,6.650000214576721e-01,5.200999975204468e-01,6.650000214576721e-01,5.000000000000000e-01
7.144809249377684e-01,2.236717415486478e-01,13258,23575,4.430983529907909e-01,4.880936709786966e-01,0.000000000000000e+00,1.844744039712806e+00,9.688894366759992e-01,1.595610650066573e-02,0.000000000000000e+00,1.313904987603517e+00,5.068182728294155e+00,1,6.652500033378601e-01,5.200999975204468e-01,6.652500033378601e-01,5.000000000000000e-01
7.144481562263318e-01,2.245167143870601e-01,13263,23580,4.482072596998541e-01,4.877962457760574e-01,0.000000000000000e+00,1.844869484348316e+00,9.688513508498504e-01,1.595383182138669e-02,0.000000000000000e+00,1.313921990876526e+00,5.068205164245740e+00,1,6.654999852180481e-01,5.200999975204468e-01,6.654999852180481e-01,5.000000000000000e-01
7.144153797016595e-01,2.253618886972986e-01,13268,23585,4.533173845554860e-01,4.874987496565840e-01,0.000000000000000e+00,1.844994958894327e+00,9.688132559426750e-01,1.595155659974254e-02,0.000000000000000e+00,1.313938998203724e+00,5.068227605546860e+00,1,6.657500267028809e-01,5.200999975204468e-01,6.657500267028809e-01,5.000000000000000e-01
7.143826109902227e-01,2.262068615357110e-01,13273,23590,4.584262912645493e-01,4.872013244539448e-01,0.000000000000000e+00,1.845120403529837e+00,9.687751701165259e-01,1.594928192046351e-02,0.000000000000000e+00,1.313956001476733e+00,5.068250041498445e+00,1,6.660000085830688e-01,5.200999975204468e-01,6.660000085830688e-01,5.000000000000000e-01
7.143498422787862e-01,2.270518343741233e-01,13278,23595,4.635351979736123e-01,4.869038992513056e-01,0.000000000000000e+00,1.845245848165347e+00,9.687370842903772e-01,1.594700724118447e-02,0.000000000000000e+00,1.313973004749741e+00,5.068272477450028e+00,1,6.662499904632568e-01,5.200999975204468e-01,6.662499904632568e-01,5.000000000000000e-01
7.143170735673496e-01,2.278968072125357e-01,13283,23600,4.686441046826756e-01,4.866064740486665e-01,0.000000000000000e+00,1.845371292800857e+00,9.686989984642285e-01,1.594473256190543e-02,0.000000000000000e+00,1.313990008022750e+00,5.068294913401614e+00,1,6.664999723434448e-01,5.200999975204468e-01,6.664999723434448e-01,5.000000000000000e-01
7.142842970426772e-01,2.287419815227741e-01,13288,23605,4.737542295383075e-01,4.863089779291931e-01,0.000000000000000e+00,1.845496767346867e+00,9.686609035570530e-01,1.594245734026128e-02,0.000000000000000e+00,1.314007015349948e+00,5.068317354702733e+00,1,6.667500138282776e-01,5.200999975204468e-01,6.667500138282776e-01,5.000000000000000e-01
7.142515283312405e-01,2.295869543611865e-01,13293,23610,4.788631362473708e-01,4.860115527265539e-01,0.000000000000000e+00,1.845622211982378e+00,9.686228177309044e-01,1.594018266098225e-02,0.000000000000000e+00,1.314024018622956e+00,5.068339790654319e+00,1,6.669999957084656e-01,5.200999975204468e-01,6.669999957084656e-01,5.000000000000000e-01
7.142187596198040e-01,2.304319271995989e-01,13298,23615,4.839720429564339e-01,4.857141275239147e-01,0.000000000000000e+00,1.845747656617888e+00,9.685847319047554e-01,1.593790798170321e-02,0.000000000000000e+00,1.314041021895965e+00,5.068362226605903e+00,1,6.672499775886536e-01,5.200999975204468e-01,6.672499775886536e-01,5.000000000000000e-01
7.141859830951314e-01,2.312771015098373e-01,13303,23620,4.890821678120658e-01,4.854166314044414e-01,0.000000000000000e+00,1.845873131163898e+00,9.685466369975799e-01,1.593563276005906e-02,0.000000000000000e+00,1.314058029223163e+00,5.068384667907024e+00,1,6.675000190734863e-01,5.200999975204468e-01,6.675000190734863e-01,5.000000000000000e-01
7.141532143836948e-01,2.321220743482497e-01,13308,23625,4.941910745211290e-01,4.851192062018022e-01,0.000000000000000e+00,1.845998575799408e+00,9.685085511714312e-01,1.593335808078002e-02,0.000000000000000e+00,1.314075032496172e+00,5.068407103858608e+00,1,6.677500009536743e-01,5.200999975204468e-01,6.677500009536743e-01,5.000000000000000e-01
7.141204456722583e-01,2.329670471866621e-01,13313,23630,4.992999812301921e-01,4.848217809991630e-01,0.000000000000000e+00,1.846124020434918e+00,9.684704653452825e-01,1.593108340150098e-02,0.000000000000000e+00,1.314092035769180e+00,5.068429539810193e+00,1,6.679999828338623e-01,5.200999975204468e-01,6.679999828338623e-01,5.000000000000000e-01
7.140876691475859e-01,2.338122214969006e-01,13318,23635,5.044101060858242e-01,4.845242848796896e-01,0.000000000000000e+00,1.846249494980928e+00,9.684323704381070e-01,1.592880817985684e-02,0.000000000000000e+00,1.314109043096379e+00,5.068451981111314e+00,1,6.682500243186951e-01,5.200999975204468e-01,6.682500243186951e-01,5.000000000000000e-01
7.140549004361493e-01,2.346571943353129e-01,13323,23640,5.095190127948874e-01,4.842268596770505e-01,0.000000000000000e+00,1.846374939616439e+00,9.683942846119582e-01,1.592653350057780e-02,0.000000000000000e+00,1.314126046369387e+00,5.068474417062898e+00,1,6.685000061988831e-01,5.200999975204468e-01,6.685000061988831e-01,5.000000000000000e-01
7.140221317247126e-01,2.355021671737253e-01,13328,23645,5.146279195039505e-01,4.839294344744113e-01,0.000000000000000e+00,1.846500384251949e+00,9.683561987858091e-01,1.592425882129876e-02,0.000000000000000e+00,1.314143049642395e+00,5.068496853014484e+00,1,6.687499880790710e-01,5.200999975204468e-01,6.687499880790710e-01,5.000000000000000e-01
7.139893552000403e-01,2.363473414839637e-01,13333,23650,5.197380443595824e-01,4.836319383549379e-01,0.000000000000000e+00,1.846625858797959e+00,9.683181038786338e-01,1.592198359965461e-02,0.000000000000000e+00,1.314160056969594e+00,5.068519294315603e+00,1,6.690000295639038e-01,5.200999975204468e-01,6.690000295639038e-01,5.000000000000000e-01
7.139565864886037e-01,2.371923143223761e-01,13338,23655,5.248469510686455e-01,4.833345131522987e-01,0.000000000000000e+00,1.846751303433469e+00,9.682800180524849e-01,1.591970892037558e-02,0.000000000000000e+00,1.314177060242602e+00,5.068541730267188e+00,1,6.692500114440918e-01,5.200999975204468e-01,6.692500114440918e-01,5.000000000000000e-01
7.139238177771672e-01,2.380372871607885e-01,13343,23660,5.299558577777088e-01,4.830370879496595e-01,0.000000000000000e+00,1.846876748068980e+00,9.682419322263363e-01,1.591743424109654e-02,0.000000000000000e+00,1.314194063515611e+00,5.068564166218772e+00,1,6.694999933242798e-01,5.200999975204468e-01,6.694999933242798e-01,5.000000000000000e-01
7.138910490657305e-01,2.388822599992016e-01,13348,23665,5.350647644867565e-01,4.827396627470213e-01,0.000000000000000e+00,1.847002192704490e+00,9.682038464001874e-01,1.591515956181745e-02,0.000000000000000e+00,1.314211066788619e+00,5.068586602170357e+00,1,6.697499752044678e-01,5.200999975204468e-01,6.697499752044678e-01,5.000000000000000e-01
7.138582734714533e-01,2.397274502073352e-01,13353,23671,5.401749836748924e-01,4.824420827752918e-01,0.000000000000000e+00,1.847127666603866e+00,9.681657526405076e-01,1.591288384091781e-02,0.000000000000000e+00,1.314228073782450e+00,5.068609043409838e+00,1,6.700000166893005e-01,5.200999975204468e-01,6.700000166893005e-01,5.000000000000000e-01
7.138394407517417e-01,2.408105508133034e-01,13358,23676,5.466968562929015e-01,4.808886705840324e-01,0.000000000000000e+00,1.847243425578074e+00,9.681448546599066e-01,1.590313102690467e-02,0.000000000000000e+00,1.314240083675696e+00,5.068630556071265e+00,1,6.702499985694885e-01,5.200999975204468e-01,6.702499985694885e-01,5.000000000000000e-01
7.138206080320300e-01,2.418936514192709e-01,13363,23681,5.532187289109265e-01,4.793352583927721e-01,0.000000000000000e+00,1.847359184552282e+00,9.681239566793058e-01,1.589337821289159e-02,0.000000000000000e+00,1.314252093568943e+00,5.068652068732694e+00,1,6.704999804496765e-01,5.200999975204468e-01,6.704999804496765e-01,5.000000000000000e-01
7.138017708219226e-01,2.429770102752662e-01,13368,23686,5.597421565772188e-01,4.777814758123410e-01,0.000000000000000e+00,1.847474971127581e+00,9.681030537158772e-01,1.588362307345775e-02,0.000000000000000e+00,1.314264106325779e+00,5.068673586523514e+00,1,6.707500219345093e-01,5.200999975204468e-01,6.707500219345093e-01,5.000000000000000e-01
7.137829381022108e-01,2.440601108812333e-01,13373,23691,5.662640291952409e-01,4.762280636210813e-01,0.000000000000000e+00,1.847590730101790e+00,9.680821557352762e-01,1.587387025944467e-02,0.000000000000000e+00,1.314276116219025e+00,5.068695099184944e+00,1,6.710000038146973e-01,5.200999975204468e-01,6.710000038146973e-01,5.000000000000000e-01
7.137641053824992e-01,2.451432114872011e-01,13378,23696,5.727859018132474e-01,4.746746514298227e-01,0.000000000000000e+00,1.847706489075998e+00,9.680612577546757e-01,1.586411744543154e-02,0.000000000000000e+00,1.314288126112272e+00,5.068716611846374e+00,1,6.712499856948853e-01,5.200999975204468e-01,6.712499856948853e-01,5.000000000000000e-01
7.137452681723919e-01,2.462265703431955e-01,13383,23701,5.793093294795739e-01,4.731208688493890e-01,0.000000000000000e+00,1.847822275651297e+00,9.680403547912466e-01,1.585436230599779e-02,0.000000000000000e+00,1.314300138869108e+00,5.068738129637192e+00,1,6.715000271797180e-01,5.200999975204468e-01,6.715000271797180e-01,5.000000000000000e-01
7.137264354526803e-01,2.473096709491632e-01,13388,23706,5.858312020975802e-01,4.715674566581304e-01,0.000000000000000e+00,1.847938034625506e+00,9.680194568106459e-01,1.584460949198465e-02,0.000000000000000e+00,1.314312148762355e+00,5.068759642298621e+00,1,6.717500090599060e-01,5.200999975204468e-01,6.717500090599060e-01,5.000000000000000e-01
7.137076027329686e-01,2.483927715551319e-01,13393,23711,5.923530747155926e-01,4.700140444668703e-01,0.000000000000000e+00,1.848053793599714e+00,9.679985588300452e-01,1.583485667797151e-02,0.000000000000000e+00,1.314324158655602e+00,5.068781154960050e+00,1,6.719999909400940e-01,5.200999975204468e-01,6.719999909400940e-01,5.000000000000000e-01
7.136887700132570e-01,2.494758721610996e-01,13398,23716,5.988749473335990e-01,4.684606322756116e-01,0.000000000000000e+00,1.848169552573922e+00,9.679776608494444e-01,1.582510386395838e-02,0.000000000000000e+00,1.314336168548848e+00,5.068802667621480e+00,1,6.722499728202820e-01,5.200999975204468e-01,6.722499728202820e-01,5.000000000000000e-01
7.136699328031495e-01,2.505592310170931e-01,13403,23721,6.053983749999197e-01,4.669068496951793e-01,0.000000000000000e+00,1.848285339149221e+00,9.679567578860155e-01,1.581534872452465e-02,0.000000000000000e+00,1.314348181305684e+00,5.068824185412299e+00,1,6.725000143051147e-01,5.200999975204468e-01,6.725000143051147e-01,5.000000000000000e-01
7.136511000834379e-01,2.516423316230613e-01,13408,23726,6.119202476179288e-01,4.653534375039199e-01,0.000000000000000e+00,1.848401098123429e+00,9.679358599054146e-01,1.580559591051151e-02,0.000000000000000e+00,1.314360191198931e+00,5.068845698073728e+00,1,6.727499961853027e-01,5.200999975204468e-01,6.727499961853027e-01,5.000000000000000e-01
7.136322673637263e-01,2.527254322290295e-01,13413,23731,6.184421202359383e-01,4.638000253126606e-01,0.000000000000000e+00,1.848516857097638e+00,9.679149619248141e-01,1.579584309649838e-02,0.000000000000000e+00,1.314372201092177e+00,5.068867210735157e+00,1,6.729999780654907e-01,5.200999975204468e-01,6.729999780654907e-01,5.000000000000000e-01
7.136134301536189e-01,2.538087910850230e-01,13418,23736,6.249655479022589e-01,4.622462427322283e-01,0.000000000000000e+00,1.848632643672937e+00,9.678940589613851e-01,1.578608795706463e-02,0.000000000000000e+00,1.314384213849013e+00,5.068888728525975e+00,1,6.732500195503235e-01,5.200999975204468e-01,6.732500195503235e-01,5.000000000000000e-01
7.135945974339072e-01,2.548918916909908e-01,13423,23741,6.314874205202654e-01,4.606928305409695e-01,0.000000000000000e+00,1.848748402647145e+00,9.678731609807842e-01,1.577633514305150e-02,0.000000000000000e+00,1.314396223742260e+00,5.068910241187406e+00,1,6.735000014305115e-01,5.200999975204468e-01,6.735000014305115e-01,5.000000000000000e-01
7.135757647141956e-01,2.559749922969590e-01,13428,23746,6.380092931382747e-01,4.591394183497103e-01,0.000000000000000e+00,1.848864161621353e+00,9.678522630001836e-01,1.576658232903837e-02,0.000000000000000e+00,1.314408233635507e+00,5.068931753848835e+00,1,6.737499833106995e-01,5.200999975204468e-01,6.737499833106995e-01,5.000000000000000e-01
7.135569275040881e-01,2.570583511529524e-01,13433,23751,6.445327208045953e-01,4.575856357692779e-01,0.000000000000000e+00,1.848979948196652e+00,9.678313600367547e-01,1.575682718960462e-02,0.000000000000000e+00,1.314420246392343e+00,5.068953271639653e+00,1,6.740000247955322e-01,5.200999975204468e-01,6.740000247955322e-01,5.000000000000000e-01
7.135380947843767e-01,2.581414517589216e-01,13438,23756,6.510545934226104e-01,4.560322235780172e-01,0.000000000000000e+00,1.849095707170861e+00,9.678104620561538e-01,1.574707437559148e-02,0.000000000000000e+00,1.314432256285589e+00,5.068974784301084e+00,1,6.742500066757202e-01,5.200999975204468e-01,6.742500066757202e-01,5.000000000000000e-01
7.135192620646648e-01,2.592245523648898e-01,13443,23761,6.575764660406198e-01,4.544788113867578e-01,0.000000000000000e+00,1.849211466145069e+00,9.677895640755529e-01,1.573732156157834e-02,0.000000000000000e+00,1.314444266178836e+00,5.068996296962512e+00,1,6.744999885559082e-01,5.200999975204468e-01,6.744999885559082e-01,5.000000000000000e-01
7.135004293449532e-01,2.603076529708576e-01,13448,23766,6.640983386586262e-01,4.529253991954992e-01,0.000000000000000e+00,1.849327225119278e+00,9.677686660949523e-01,1.572756874756522e-02,0.000000000000000e+00,1.314456276072083e+00,5.069017809623942e+00,1,6.747499704360962e-01,5.200999975204468e-01,6.747499704360962e-01,5.000000000000000e-01
7.134815921348459e-01,2.613910118268510e-01,13453,23771,6.706217663249470e-01,4.513716166150669e-01,0.000000000000000e+00,1.849443011694577e+00,9.677477631315234e-01,1.571781360813148e-02,0.000000000000000e+00,1.314468288828919e+00,5.069039327414761e+00,1,6.750000119209290e-01,5.200999975204468e-01,6.750000119209290e-01,5.000000000000000e-01
7.134627594151340e-01,2.624741124328202e-01,13458,23776,6.771436389429424e-01,4.498182044238082e-01,0.000000000000000e+00,1.849558770668785e+00,9.677268651509227e-01,1.570806079411829e-02,0.000000000000000e+00,1.314480298722166e+00,5.069060840076190e+00,1,6.752499938011169e-01,5.200999975204468e-01,6.752499938011169e-01,5.000000000000000e-01
7.134439266954226e-01,2.635572130387874e-01,13463,23781,6.836655115609656e-01,4.482647922325482e-01,0.000000000000000e+00,1.849674529642993e+00,9.677059671703219e-01,1.569830798010521e-02,0.000000000000000e+00,1.314492308615412e+00,5.069082352737619e+00,1,6.754999756813049e-01,5.200999975204468e-01,6.754999756813049e-01,5.000000000000000e-01
7.134250894853150e-01,2.646405718947804e-01,13468,23786,6.901889392272834e-01,4.467110096521165e-01,0.000000000000000e+00,1.849790316218292e+00,9.676850642068930e-01,1.568855284067147e-02,0.000000000000000e+00,1.314504321372248e+00,5.069103870528438e+00,1,6.757500171661377e-01,5.200999975204468e-01,6.757500171661377e-01,5.000000000000000e-01
7.134062567656034e-01,2.657236725007487e-01,13473,23791,6.967108118452927e-01,4.451575974608572e-01,0.000000000000000e+00,1.849906075192501e+00,9.676641662262923e-01,1.567880002665833e-02,0.000000000000000e+00,1.314516331265495e+00,5.069125383189867e+00,1,6.759999990463257e-01,5.200999975204468e-01,6.759999990463257e-01,5.000000000000000e-01
7.133874240458917e-01,2.668067731067174e-01,13478,23796,7.032326844633049e-01,4.436041852695971e-01,0.000000000000000e+00,1.850021834166709e+00,9.676432682456915e-01,1.566904721264520e-02,0.000000000000000e+00,1.314528341158741e+00,5.069146895851297e+00,1,6.762499809265137e-01,5.200999975204468e-01,6.762499809265137e-01,5.000000000000000e-01
7.133685868357844e-01,2.678901319627108e-01,13483,23801,7.097561121296256e-01,4.420504026891648e-01,0.000000000000000e+00,1.850137620742008e+00,9.676223652822628e-01,1.565929207321146e-02,0.000000000000000e+00,1.314540353915578e+00,5.069168413642116e+00,1,6.765000224113464e-01,5.200999975204468e-01,6.765000224113464e-01,5.000000000000000e-01
7.133497541160727e-01,2.689732325686786e-01,13488,23806,7.162779847476319e-01,4.404969904979060e-01,0.000000000000000e+00,1.850253379716216e+00,9.676014673016617e-01,1.564953925919833e-02,0.000000000000000e+00,1.314552363808824e+00,5.069189926303546e+00,1,6.767500042915344e-01,5.200999975204468e-01,6.767500042915344e-01,5.000000000000000e-01
7.133309213963611e-01,2.700563331746468e-01,13493,23811,7.227998573656413e-01,4.389435783066468e-01,0.000000000000000e+00,1.850369138690425e+00,9.675805693210611e-01,1.563978644518519e-02,0.000000000000000e+00,1.314564373702071e+00,5.069211438964975e+00,1,6.769999861717224e-01,5.200999975204468e-01,6.769999861717224e-01,5.000000000000000e-01
7.133120841862537e-01,2.711396920306403e-01,13498,23816,7.293232850319622e-01,4.373897957262145e-01,0.000000000000000e+00,1.850484925265724e+00,9.675596663576322e-01,1.563003130575145e-02,0.000000000000000e+00,1.314576386458907e+00,5.069232956755794e+00,1,6.772500276565552e-01,5.200999975204468e-01,6.772500276565552e-01,5.000000000000000e-01
7.132932514665421e-01,2.722227926366097e-01,13503,23821,7.358451576499598e-01,4.358363835349552e-01,0.000000000000000e+00,1.850600684239932e+00,9.675387683770315e-01,1.562027849173826e-02,0.000000000000000e+00,1.314588396352154e+00,5.069254469417222e+00,1,6.775000095367432e-01,5.200999975204468e-01,6.775000095367432e-01,5.000000000000000e-01
7.132744187468305e-01,2.733058932425776e-01,13508,23826,7.423670302679864e-01,4.342829713436944e-01,0.000000000000000e+00,1.850716443214140e+00,9.675178703964306e-01,1.561052567772517e-02,0.000000000000000e+00,1.314600406245400e+00,5.069275982078652e+00,1,6.777499914169312e-01,5.200999975204468e-01,6.777499914169312e-01,5.000000000000000e-01
7.132555860271188e-01,2.743889938485458e-01,13513,23831,7.488889028859957e-01,4.327295591524349e-01,0.000000000000000e+00,1.850832202188349e+00,9.674969724158297e-01,1.560077286371203e-02,0.000000000000000e+00,1.314612416138647e+00,5.069297494740081e+00,1,6.779999732971191e-01,5.200999975204468e-01,6.779999732971191e-01,5.000000000000000e-01
7.132367488170115e-01,2.754723527045393e-01,13518,23836,7.554123305523166e-01,4.311757765720027e-01,0.000000000000000e+00,1.850947988763648e+00,9.674760694524012e-01,1.559101772427830e-02,0.000000000000000e+00,1.314624428895483e+00,5.069319012530900e+00,1,6.782500147819519e-01,5.200999975204468e-01,6.782500147819519e-01,5.000000000000000e-01
7.132179160972998e-01,2.765554533105071e-01,13523,23841,7.619342031703229e-01,4.296223643807440e-01,0.000000000000000e+00,1.851063747737856e+00,9.674551714718003e-01,1.558126491026517e-02,0.000000000000000e+00,1.314636438788730e+00,5.069340525192329e+00,1,6.784999966621399e-01,5.200999975204468e-01,6.784999966621399e-01,5.000000000000000e-01
7.131990833775881e-01,2.776385539164747e-01,13528,23846,7.684560757883293e-01,4.280689521894853e-01,0.000000000000000e+00,1.851179506712064e+00,9.674342734911994e-01,1.557151209625203e-02,0.000000000000000e+00,1.314648448681977e+00,5.069362037853759e+00,1,6.787499785423279e-01,5.200999975204468e-01,6.787499785423279e-01,5.000000000000000e-01
7.131802461674808e-01,2.787219127724687e-01,13533,23851,7.749795034546529e-01,4.265151696090523e-01,0.000000000000000e+00,1.851295293287364e+00,9.674133705277705e-01,1.556175695681829e-02,0.000000000000000e+00,1.314660461438812e+00,5.069383555644578e+00,1,6.790000200271606e-01,5.200999975204468e-01,6.790000200271606e-01,5.000000000000000e-01
7.131614134477691e-01,2.798050133784370e-01,13538,23856,7.815013760726623e-01,4.249617574177930e-01,0.000000000000000e+00,1.851411052261572e+00,9.673924725471698e-01,1.555200414280515e-02,0.000000000000000e+00,1.314672471332059e+00,5.069405068306008e+00,1,6.792500019073486e-01,5.200999975204468e-01,6.792500019073486e-01,5.000000000000000e-01
7.131425807280574e-01,2.808881139844052e-01,13543,23861,7.880232486906715e-01,4.234083452265336e-01,0.000000000000000e+00,1.851526811235780e+00,9.673715745665690e-01,1.554225132879202e-02,0.000000000000000e+00,1.314684481225306e+00,5.069426580967436e+00,1,6.794999837875366e-01,5.200999975204468e-01,6.794999837875366e-01,5.000000000000000e-01
7.131237435179499e-01,2.819714728403985e-01,13548,23866,7.945466763570102e-01,4.218545626460996e-01,0.000000000000000e+00,1.851642597811079e+00,9.673506716031401e-01,1.553249618935832e-02,0.000000000000000e+00,1.314696493982142e+00,5.069448098758256e+00,1,6.797500252723694e-01,5.200999975204468e-01,6.797500252723694e-01,5.000000000000000e-01
7.131049107982383e-01,2.830545734463673e-01,13553,23872,8.010685489750045e-01,4.203011504548412e-01,0.000000000000000e+00,1.851758356785288e+00,9.673297736225394e-01,1.552274337534514e-02,0.000000000000000e+00,1.314708503875389e+00,5.069469611419684e+00,1,6.800000071525574e-01,5.200999975204468e-01,6.800000071525574e-01,5.000000000000000e-01
7.130975214418186e-01,2.843143047950198e-01,13558,23877,8.084482702986477e-01,4.177235522919217e-01,0.000000000000000e+00,1.851852732565168e+00,9.673223393555790e-01,1.550195675494795e-02,0.000000000000000e+00,1.314714508074250e+00,5.069483023236786e+00,1,6.802499890327454e-01,5.200999975204468e-01,6.802499890327454e-01,5.000000000000000e-01
7.130901317579869e-01,2.855740310900028e-01,13563,23882,8.158279670780129e-01,4.151459834324810e-01,0.000000000000000e+00,1.851947108956853e+00,9.673149047034014e-01,1.548117045024451e-02,0.000000000000000e+00,1.314720512444944e+00,5.069496435285664e+00,1,6.804999709129333e-01,5.200999975204468e-01,6.804999709129333e-01,5.000000000000000e-01
7.130827403121901e-01,2.868340577489107e-01,13568,23887,8.232094234417020e-01,4.125677999881919e-01,0.000000000000000e+00,1.852041507851254e+00,9.673074682785364e-01,1.546037918934050e-02,0.000000000000000e+00,1.314726518247295e+00,5.069509850532457e+00,1,6.807500123977661e-01,5.200999975204468e-01,6.807500123977661e-01,5.000000000000000e-01
7.130753506283587e-01,2.880937840438941e-01,13573,23892,8.305891202210131e-01,4.099902311287567e-01,0.000000000000000e+00,1.852135884242939e+00,9.673000336263591e-01,1.543959288463692e-02,0.000000000000000e+00,1.314732522617989e+00,5.069523262581336e+00,1,6.809999942779541e-01,5.200999975204468e-01,6.809999942779541e-01,5.000000000000000e-01
7.130679609445274e-01,2.893535103388775e-01,13578,23897,8.379688170003422e-01,4.074126622693196e-01,0.000000000000000e+00,1.852230260634625e+00,9.672925989741820e-01,1.541880657993339e-02,0.000000000000000e+00,1.314738526988683e+00,5.069536674630215e+00,1,6.812499761581421e-01,5.200999975204468e-01,6.812499761581421e-01,5.000000000000000e-01
7.130605694987301e-01,2.906135369977853e-01,13583,23902,8.453502733640313e-01,4.048344788250306e-01,0.000000000000000e+00,1.852324659529026e+00,9.672851625493167e-01,1.539801531902939e-02,0.000000000000000e+00,1.314744532791034e+00,5.069550089877006e+00,1,6.815000176429749e-01,5.200999975204468e-01,6.815000176429749e-01,5.000000000000000e-01
7.130531798148988e-01,2.918732632927686e-01,13588,23907,8.527299701433605e-01,4.022569099655935e-01,0.000000000000000e+00,1.852419035920711e+00,9.672777278971394e-01,1.537722901432586e-02,0.000000000000000e+00,1.314750537161728e+00,5.069563501925886e+00,1,6.817499995231628e-01,5.200999975204468e-01,6.817499995231628e-01,5.000000000000000e-01
7.130457901310673e-01,2.931329895877519e-01,13593,23912,8.601096669226896e-01,3.996793411061563e-01,0.000000000000000e+00,1.852513412312396e+00,9.672702932449622e-01,1.535644270962232e-02,0.000000000000000e+00,1.314756541532422e+00,5.069576913974764e+00,1,6.819999814033508e-01,5.200999975204468e-01,6.819999814033508e-01,5.000000000000000e-01
7.130383986852705e-01,2.943930162466598e-01,13598,23917,8.674911232863789e-01,3.971011576618674e-01,0.000000000000000e+00,1.852607811206798e+00,9.672628568200972e-01,1.533565144871832e-02,0.000000000000000e+00,1.314762547334773e+00,5.069590329221556e+00,1,6.822500228881836e-01,5.200999975204468e-01,6.822500228881836e-01,5.000000000000000e-01
7.130310090014390e-01,2.956527425416436e-01,13603,23922,8.748708200657112e-01,3.945235888024292e-01,0.000000000000000e+00,1.852702187598483e+00,9.672554221679197e-01,1.531486514401478e-02,0.000000000000000e+00,1.314768551705467e+00,5.069603741270435e+00,1,6.825000047683716e-01,5.200999975204468e-01,6.825000047683716e-01,5.000000000000000e-01
7.130236193176075e-01,2.969124688366269e-01,13608,23927,8.822505168450402e-01,3.919460199429921e-01,0.000000000000000e+00,1.852796563990168e+00,9.672479875157425e-01,1.529407883931124e-02,0.000000000000000e+00,1.314774556076160e+00,5.069617153319315e+00,1,6.827499866485596e-01,5.200999975204468e-01,6.827499866485596e-01,5.000000000000000e-01
7.130162278718104e-01,2.981724954955343e-01,13613,23932,8.896319732087261e-01,3.893678364987042e-01,0.000000000000000e+00,1.852890962884569e+00,9.672405510908774e-01,1.527328757840725e-02,0.000000000000000e+00,1.314780561878512e+00,5.069630568566105e+00,1,6.830000281333923e-01,5.200999975204468e-01,6.830000281333923e-01,5.000000000000000e-01
7.130088381879789e-01,2.994322217905192e-01,13618,23937,8.970116699880650e-01,3.867902676392636e-01,0.000000000000000e+00,1.852985339276254e+00,9.672331164386998e-01,1.525250127370368e-02,0.000000000000000e+00,1.314786566249205e+00,5.069643980614984e+00,1,6.832500100135803e-01,5.200999975204468e-01,6.832500100135803e-01,5.000000000000000e-01
7.130014485041476e-01,3.006919480855025e-01,13623,23942,9.043913667673941e-01,3.842126987798266e-01,0.000000000000000e+00,1.853079715667939e+00,9.672256817865225e-01,1.523171496900015e-02,0.000000000000000e+00,1.314792570619899e+00,5.069657392663864e+00,1,6.834999918937683e-01,5.200999975204468e-01,6.834999918937683e-01,5.000000000000000e-01
7.129940588203161e-01,3.019516743804864e-01,13628,23947,9.117710635467264e-01,3.816351299203883e-01,0.000000000000000e+00,1.853174092059624e+00,9.672182471343451e-01,1.521092866429661e-02,0.000000000000000e+00,1.314798574990593e+00,5.069670804712741e+00,1,6.837499737739563e-01,5.200999975204468e-01,6.837499737739563e-01,5.000000000000000e-01
7.129866673745191e-01,3.032117010393937e-01,13633,23952,9.191525199104124e-01,3.790569464761004e-01,0.000000000000000e+00,1.853268490954026e+00,9.672108107094801e-01,1.519013740339261e-02,0.000000000000000e+00,1.314804580792944e+00,5.069684219959535e+00,1,6.840000152587891e-01,5.200999975204468e-01,6.840000152587891e-01,5.000000000000000e-01
7.129792776906876e-01,3.044714273343778e-01,13638,23957,9.265322166897635e-01,3.764793776166601e-01,0.000000000000000e+00,1.853362867345711e+00,9.672033760573029e-01,1.516935109868912e-02,0.000000000000000e+00,1.314810585163638e+00,5.069697632008413e+00,1,6.842499971389771e-01,5.200999975204468e-01,6.842499971389771e-01,5.000000000000000e-01
7.129718880068563e-01,3.057311536293614e-01,13643,23962,9.339119134690770e-01,3.739018087572240e-01,0.000000000000000e+00,1.853457243737396e+00,9.671959414051254e-01,1.514856479398553e-02,0.000000000000000e+00,1.314816589534331e+00,5.069711044057291e+00,1,6.844999790191650e-01,5.200999975204468e-01,6.844999790191650e-01,5.000000000000000e-01
7.129644965610592e-01,3.069911802882686e-01,13648,23967,9.412933698327440e-01,3.713236253129382e-01,0.000000000000000e+00,1.853551642631797e+00,9.671885049802605e-01,1.512777353308149e-02,0.000000000000000e+00,1.314822595336682e+00,5.069724459304084e+00,1,6.847500205039978e-01,5.200999975204468e-01,6.847500205039978e-01,5.000000000000000e-01
7.129571068772278e-01,3.082509065832532e-01,13653,23972,9.486730666120986e-01,3.687460564534967e-01,0.000000000000000e+00,1.853646019023482e+00,9.671810703280830e-01,1.510698722837798e-02,0.000000000000000e+00,1.314828599707376e+00,5.069737871352962e+00,1,6.850000023841858e-01,5.200999975204468e-01,6.850000023841858e-01,5.000000000000000e-01
7.129497171933965e-01,3.095106328782370e-01,13658,23977,9.560527633914310e-01,3.661684875940584e-01,0.000000000000000e+00,1.853740395415168e+00,9.671736356759058e-01,1.508620092367444e-02,0.000000000000000e+00,1.314834604078070e+00,5.069751283401841e+00,1,6.852499842643738e-01,5.200999975204468e-01,6.852499842643738e-01,5.000000000000000e-01
7.129423257475994e-01,3.107706595371443e-01,13663,23982,9.634342197551169e-01,3.635903041497706e-01,0.000000000000000e+00,1.853834794309569e+00,9.671661992510407e-01,1.506540966277044e-02,0.000000000000000e+00,1.314840609880421e+00,5.069764698648633e+00,1,6.855000257492065e-01,5.200999975204468e-01,6.855000257492065e-01,5.000000000000000e-01
7.129349360637679e-01,3.120303858321282e-01,13668,23987,9.708139165344494e-01,3.610127352903323e-01,0.000000000000000e+00,1.853929170701254e+00,9.671587645988634e-01,1.504462335806690e-02,0.000000000000000e+00,1.314846614251115e+00,5.069778110697511e+00,1,6.857500076293945e-01,5.200999975204468e-01,6.857500076293945e-01,5.000000000000000e-01
7.129275463799365e-01,3.132901121271121e-01,13673,23992,9.781936133137816e-01,3.584351664308941e-01,0.000000000000000e+00,1.854023547092939e+00,9.671513299466861e-01,1.502383705336336e-02,0.000000000000000e+00,1.314852618621809e+00,5.069791522746391e+00,1,6.859999895095825e-01,5.200999975204468e-01,6.859999895095825e-01,5.000000000000000e-01
7.129201566961051e-01,3.145498384220959e-01,13678,23997,9.855733100931139e-01,3.558575975714559e-01,0.000000000000000e+00,1.854117923484624e+00,9.671438952945085e-01,1.500305074865982e-02,0.000000000000000e+00,1.314858622992503e+00,5.069804934795269e+00,1,6.862499713897705e-01,5.200999975204468e-01,6.862499713897705e-01,5.000000000000000e-01
7.129127652503080e-01,3.158098650810033e-01,13683,24002,9.929547664567999e-01,3.532794141271680e-01,0.000000000000000e+00,1.854212322379026e+00,9.671364588696436e-01,1.498225948775582e-02,0.000000000000000e+00,1.314864628794854e+00,5.069818350042061e+00,1,6.865000128746033e-01,5.200999975204468e-01,6.865000128746033e-01,5.000000000000000e-01
7.129053755664766e-01,3.170695913759866e-01,13688,24007,1.000334463236129e+00,3.507018452677308e-01,0.000000000000000e+00,1.854306698770711e+00,9.671290242174662e-01,1.496147318305229e-02,0.000000000000000e+00,1.314870633165548e+00,5.069831762090940e+00,1,6.867499947547913e-01,5.200999975204468e-01,6.867499947547913e-01,5.000000000000000e-01
7.128979858826452e-01,3.183293176709708e-01,13693,24012,1.007714160015481e+00,3.481242764082902e-01,0.000000000000000e+00,1.854401075162396e+00,9.671215895652888e-01,1.494068687834879e-02,0.000000000000000e+00,1.314876637536242e+00,5.069845174139819e+00,1,6.869999766349792e-01,5.200999975204468e-01,6.869999766349792e-01,5.000000000000000e-01
7.128905944368482e-01,3.195893443298777e-01,13698,24017,1.015095616379147e+00,3.455460929640047e-01,0.000000000000000e+00,1.854495474056797e+00,9.671141531404238e-01,1.491989561744475e-02,0.000000000000000e+00,1.314882643338593e+00,5.069858589386611e+00,1,6.872500181198120e-01,5.200999975204468e-01,6.872500181198120e-01,5.000000000000000e-01
7.128832047530167e-01,3.208490706248610e-01,13703,24022,1.022475313158476e+00,3.429685241045676e-01,0.000000000000000e+00,1.854589850448482e+00,9.671067184882465e-01,1.489910931274122e-02,0.000000000000000e+00,1.314888647709286e+00,5.069872001435489e+00,1,6.875000000000000e-01,5.200999975204468e-01,6.875000000000000e-01,5.000000000000000e-01
7.128758150691854e-01,3.221087969198455e-01,13708,24027,1.029855009937812e+00,3.403909552451283e-01,0.000000000000000e+00,1.854684226840168e+00,9.670992838360690e-01,1.487832300803767e-02,0.000000000000000e+00,1.314894652079980e+00,5.069885413484368e+00,1,6.877499818801880e-01,5.200999975204468e-01,6.877499818801880e-01,5.000000000000000e-01
7.128684236233882e-01,3.233688235787528e-01,13713,24032,1.037236466301498e+00,3.378127718008404e-01,0.000000000000000e+00,1.854778625734569e+00,9.670918474112040e-01,1.485753174713367e-02,0.000000000000000e+00,1.314900657882331e+00,5.069898828731160e+00,1,6.880000233650208e-01,5.200999975204468e-01,6.880000233650208e-01,5.000000000000000e-01
7.128610339395569e-01,3.246285498737372e-01,13718,24037,1.044616163080833e+00,3.352352029414010e-01,0.000000000000000e+00,1.854873002126254e+00,9.670844127590267e-01,1.483674544243012e-02,0.000000000000000e+00,1.314906662253025e+00,5.069912240780039e+00,1,6.882500052452087e-01,5.200999975204468e-01,6.882500052452087e-01,5.000000000000000e-01
7.128536442557254e-01,3.258882761687210e-01,13723,24042,1.051995859860166e+00,3.326576340819627e-01,0.000000000000000e+00,1.854967378517939e+00,9.670769781068493e-01,1.481595913772658e-02,0.000000000000000e+00,1.314912666623719e+00,5.069925652828918e+00,1,6.884999871253967e-01,5.200999975204468e-01,6.884999871253967e-01,5.000000000000000e-01
7.128462528099284e-01,3.271483028276284e-01,13728,24047,1.059377316223852e+00,3.300794506376749e-01,0.000000000000000e+00,1.855061777412341e+00,9.670695416819843e-01,1.479516787682258e-02,0.000000000000000e+00,1.314918672426070e+00,5.069939068075710e+00,1,6.887500286102295e-01,5.200999975204468e-01,6.887500286102295e-01,5.000000000000000e-01
7.128388631260970e-01,3.284080291226111e-01,13733,24052,1.066757013003178e+00,3.275018817782389e-01,0.000000000000000e+00,1.855156153804026e+00,9.670621070298069e-01,1.477438157211906e-02,0.000000000000000e+00,1.314924676796764e+00,5.069952480124588e+00,1,6.890000104904175e-01,5.200999975204468e-01,6.890000104904175e-01,5.000000000000000e-01
7.128314734422656e-01,3.296677554175955e-01,13738,24057,1.074136709782513e+00,3.249243129187995e-01,0.000000000000000e+00,1.855250530195711e+00,9.670546723776295e-01,1.475359526741551e-02,0.000000000000000e+00,1.314930681167457e+00,5.069965892173466e+00,1,6.892499923706055e-01,5.200999975204468e-01,6.892499923706055e-01,5.000000000000000e-01
7.128240837584342e-01,3.309274817125794e-01,13743,24062,1.081516406561845e+00,3.223467440593613e-01,0.000000000000000e+00,1.855344906587396e+00,9.670472377254522e-01,1.473280896271197e-02,0.000000000000000e+00,1.314936685538151e+00,5.069979304222346e+00,1,6.894999742507935e-01,5.200999975204468e-01,6.894999742507935e-01,5.000000000000000e-01
7.128166923126371e-01,3.321875083714867e-01,13748,24067,1.088897862925531e+00,3.197685606150734e-01,0.000000000000000e+00,1.855439305481797e+00,9.670398013005872e-01,1.471201770180797e-02,0.000000000000000e+00,1.314942691340502e+00,5.069992719469138e+00,1,6.897500157356262e-01,5.200999975204468e-01,6.897500157356262e-01,5.000000000000000e-01
7.128093026288057e-01,3.334472346664712e-01,13753,24073,1.096277559704884e+00,3.171909917556326e-01,0.000000000000000e+00,1.855533681873482e+00,9.670323666484099e-01,1.469123139710447e-02,0.000000000000000e+00,1.314948695711196e+00,5.070006131518017e+00,1,6.899999976158142e-01,5.200999975204468e-01,6.899999976158142e-01,5.000000000000000e-01
7.128163687210355e-01,3.348589788493420e-01,13758,24078,1.104657249300534e+00,3.139040314332599e-01,0.000000000000000e+00,1.855597889758235e+00,9.670409344437849e-01,1.465530720553494e-02,0.000000000000000e+00,1.314944466914593e+00,5.069999090140113e+00,1,6.902499794960022e-01,5.200999975204468e-01,6.902499794960022e-01,5.000000000000000e-01
7.128234366359804e-01,3.362710610928718e-01,13763,24083,1.113038946454411e+00,3.106162806142228e-01,0.000000000000000e+00,1.855662112664648e+00,9.670495044346895e-01,1.461937430393749e-02,0.000000000000000e+00,1.314940237012070e+00,5.069992046888172e+00,1,6.905000209808350e-01,5.200999975204468e-01,6.905000209808350e-01,5.000000000000000e-01
7.128305028660824e-01,3.376828067256175e-01,13768,24088,1.121418645587505e+00,3.073293135260109e-01,0.000000000000000e+00,1.855726320261667e+00,9.670580723826883e-01,1.458344996798992e-02,0.000000000000000e+00,1.314936008117867e+00,5.069985005315193e+00,1,6.907500028610229e-01,5.200999975204468e-01,6.907500028610229e-01,5.000000000000000e-01
7.128375690961848e-01,3.390945523583622e-01,13773,24093,1.129798344720607e+00,3.040423464378009e-01,0.000000000000000e+00,1.855790527858687e+00,9.670666403306870e-01,1.454752563204243e-02,0.000000000000000e+00,1.314931779223665e+00,5.069977963742215e+00,1,6.909999847412109e-01,5.200999975204468e-01,6.909999847412109e-01,5.000000000000000e-01
7.128446370111292e-01,3.405066346018931e-01,13778,24098,1.138180041874492e+00,3.007545956187609e-01,0.000000000000000e+00,1.855854750765100e+00,9.670752103215918e-01,1.451159273044495e-02,0.000000000000000e+00,1.314927549321142e+00,5.069970920490272e+00,1,6.912500262260437e-01,5.200999975204468e-01,6.912500262260437e-01,5.000000000000000e-01
7.128517032412318e-01,3.419183802346378e-01,13783,24103,1.146559741007595e+00,2.974676285305509e-01,0.000000000000000e+00,1.855918958362120e+00,9.670837782695907e-01,1.447566839449747e-02,0.000000000000000e+00,1.314923320426940e+00,5.069963878917294e+00,1,6.915000081062317e-01,5.200999975204468e-01,6.915000081062317e-01,5.000000000000000e-01
7.128587694713340e-01,3.433301258673830e-01,13788,24108,1.154939440140700e+00,2.941806614423393e-01,0.000000000000000e+00,1.855983165959140e+00,9.670923462175895e-01,1.443974405854996e-02,0.000000000000000e+00,1.314919091532737e+00,5.069956837344317e+00,1,6.917499899864197e-01,5.200999975204468e-01,6.917499899864197e-01,5.000000000000000e-01
7.128658357014360e-01,3.447418715001282e-01,13793,24113,1.163319139273806e+00,2.908936943541277e-01,0.000000000000000e+00,1.856047373556160e+00,9.671009141655882e-01,1.440381972260246e-02,0.000000000000000e+00,1.314914862638535e+00,5.069949795771338e+00,1,6.919999718666077e-01,5.200999975204468e-01,6.919999718666077e-01,5.000000000000000e-01
7.128729036163809e-01,3.461539537436579e-01,13798,24118,1.171700836427684e+00,2.876059435350907e-01,0.000000000000000e+00,1.856111596462573e+00,9.671094841564928e-01,1.436788682100501e-02,0.000000000000000e+00,1.314910632736012e+00,5.069942752519397e+00,1,6.922500133514404e-01,5.200999975204468e-01,6.922500133514404e-01,5.000000000000000e-01
7.128799698464829e-01,3.475656993764037e-01,13803,24123,1.180080535560794e+00,2.843189764468776e-01,0.000000000000000e+00,1.856175804059592e+00,9.671180521044916e-01,1.433196248505749e-02,0.000000000000000e+00,1.314906403841809e+00,5.069935710946418e+00,1,6.924999952316284e-01,5.200999975204468e-01,6.924999952316284e-01,5.000000000000000e-01
7.128870360765851e-01,3.489774450091500e-01,13808,24128,1.188460234693921e+00,2.810320093586632e-01,0.000000000000000e+00,1.856240011656612e+00,9.671266200524903e-01,1.429603814911003e-02,0.000000000000000e+00,1.314902174947607e+00,5.069928669373440e+00,1,6.927499771118164e-01,5.200999975204468e-01,6.927499771118164e-01,5.000000000000000e-01
7.128941039915300e-01,3.503895272526793e-01,13813,24133,1.196841931847782e+00,2.777442585396276e-01,0.000000000000000e+00,1.856304234563025e+00,9.671351900433951e-01,1.426010524751252e-02,0.000000000000000e+00,1.314897945045084e+00,5.069921626121497e+00,1,6.930000185966492e-01,5.200999975204468e-01,6.930000185966492e-01,5.000000000000000e-01
7.129011702216321e-01,3.518012728854235e-01,13818,24138,1.205221630980867e+00,2.744572914514189e-01,0.000000000000000e+00,1.856368442160044e+00,9.671437579913938e-01,1.422418091156498e-02,0.000000000000000e+00,1.314893716150881e+00,5.069914584548519e+00,1,6.932500004768372e-01,5.200999975204468e-01,6.932500004768372e-01,5.000000000000000e-01
7.129082364517343e-01,3.532130185181698e-01,13823,24143,1.213601330113994e+00,2.711703243632044e-01,0.000000000000000e+00,1.856432649757064e+00,9.671523259393926e-01,1.418825657561752e-02,0.000000000000000e+00,1.314889487256679e+00,5.069907542975542e+00,1,6.934999823570251e-01,5.200999975204468e-01,6.934999823570251e-01,5.000000000000000e-01
7.129153043666790e-01,3.546251007616995e-01,13828,24148,1.221983027267872e+00,2.678825735441674e-01,0.000000000000000e+00,1.856496872663477e+00,9.671608959302974e-01,1.415232367402007e-02,0.000000000000000e+00,1.314885257354156e+00,5.069900499723600e+00,1,6.937500238418579e-01,5.200999975204468e-01,6.937500238418579e-01,5.000000000000000e-01
7.129223705967812e-01,3.560368463944454e-01,13833,24153,1.230362726400982e+00,2.645956064559544e-01,0.000000000000000e+00,1.856561080260497e+00,9.671694638782962e-01,1.411639933807255e-02,0.000000000000000e+00,1.314881028459953e+00,5.069893458150622e+00,1,6.940000057220459e-01,5.200999975204468e-01,6.940000057220459e-01,5.000000000000000e-01
7.129294368268837e-01,3.574485920271900e-01,13838,24158,1.238742425534084e+00,2.613086393677443e-01,0.000000000000000e+00,1.856625287857517e+00,9.671780318262950e-01,1.408047500212507e-02,0.000000000000000e+00,1.314876799565751e+00,5.069886416577644e+00,1,6.942499876022339e-01,5.200999975204468e-01,6.942499876022339e-01,5.000000000000000e-01
7.129365047418283e-01,3.588606742707215e-01,13843,24163,1.247124122687986e+00,2.580208885487028e-01,0.000000000000000e+00,1.856689510763930e+00,9.671866018171996e-01,1.404454210052764e-02,0.000000000000000e+00,1.314872569663228e+00,5.069879373325701e+00,1,6.945000290870667e-01,5.200999975204468e-01,6.945000290870667e-01,5.000000000000000e-01
7.129435709719305e-01,3.602724199034668e-01,13848,24168,1.255503821821079e+00,2.547339214604913e-01,0.000000000000000e+00,1.856753718360949e+00,9.671951697651984e-01,1.400861776458007e-02,0.000000000000000e+00,1.314868340769026e+00,5.069872331752722e+00,1,6.947500109672546e-01,5.200999975204468e-01,6.947500109672546e-01,5.000000000000000e-01
7.129506372020327e-01,3.616841655362107e-01,13853,24173,1.263883520954177e+00,2.514469543722827e-01,0.000000000000000e+00,1.856817925957969e+00,9.672037377131970e-01,1.397269342863260e-02,0.000000000000000e+00,1.314864111874823e+00,5.069865290179744e+00,1,6.949999928474426e-01,5.200999975204468e-01,6.949999928474426e-01,5.000000000000000e-01
7.129577034321348e-01,3.630959111689567e-01,13858,24178,1.272263220087287e+00,2.481599872840696e-01,0.000000000000000e+00,1.856882133554989e+00,9.672123056611959e-01,1.393676909268508e-02,0.000000000000000e+00,1.314859882980620e+00,5.069858248606765e+00,1,6.952499747276306e-01,5.200999975204468e-01,6.952499747276306e-01,5.000000000000000e-01
7.129647713470796e-01,3.645079934124876e-01,13863,24183,1.280644917241172e+00,2.448722364650296e-01,0.000000000000000e+00,1.856946356461402e+00,9.672208756521006e-01,1.390083619108760e-02,0.000000000000000e+00,1.314855653078098e+00,5.069851205354824e+00,1,6.955000162124634e-01,5.200999975204468e-01,6.955000162124634e-01,5.000000000000000e-01
7.129718375771816e-01,3.659197390452328e-01,13868,24188,1.289024616374278e+00,2.415852693768181e-01,0.000000000000000e+00,1.857010564058422e+00,9.672294436000992e-01,1.386491185514009e-02,0.000000000000000e+00,1.314851424183895e+00,5.069844163781845e+00,1,6.957499980926514e-01,5.200999975204468e-01,6.957499980926514e-01,5.000000000000000e-01
7.129789038072840e-01,3.673314846779781e-01,13873,24193,1.297404315507384e+00,2.382983022886066e-01,0.000000000000000e+00,1.857074771655441e+00,9.672380115480981e-01,1.382898751919259e-02,0.000000000000000e+00,1.314847195289693e+00,5.069837122208867e+00,1,6.959999799728394e-01,5.200999975204468e-01,6.959999799728394e-01,5.000000000000000e-01
7.129859717222289e-01,3.687435669215084e-01,13878,24198,1.305786012661266e+00,2.350105514695681e-01,0.000000000000000e+00,1.857138994561855e+00,9.672465815390028e-01,1.379305461759513e-02,0.000000000000000e+00,1.314842965387170e+00,5.069830078956925e+00,1,6.962500214576721e-01,5.200999975204468e-01,6.962500214576721e-01,5.000000000000000e-01
7.129930379523308e-01,3.701553125542537e-01,13883,24203,1.314165711794372e+00,2.317235843813565e-01,0.000000000000000e+00,1.857203202158874e+00,9.672551494870016e-01,1.375713028164762e-02,0.000000000000000e+00,1.314838736492967e+00,5.069823037383946e+00,1,6.965000033378601e-01,5.200999975204468e-01,6.965000033378601e-01,5.000000000000000e-01
7.130001041824330e-01,3.715670581869983e-01,13888,24208,1.322545410927474e+00,2.284366172931463e-01,0.000000000000000e+00,1.857267409755893e+00,9.672637174350003e-01,1.372120594570014e-02,0.000000000000000e+00,1.314834507598765e+00,5.069815995810968e+00,1,6.967499852180481e-01,5.200999975204468e-01,6.967499852180481e-01,5.000000000000000e-01
7.130071720973779e-01,3.729791404305286e-01,13893,24213,1.330927108081356e+00,2.251488664741079e-01,0.000000000000000e+00,1.857331632662307e+00,9.672722874259052e-01,1.368527304410267e-02,0.000000000000000e+00,1.314830277696242e+00,5.069808952559027e+00,1,6.970000267028809e-01,5.200999975204468e-01,6.970000267028809e-01,5.000000000000000e-01
7.130142383274800e-01,3.743908860632746e-01,13898,24218,1.339306807214480e+00,2.218618993858945e-01,0.000000000000000e+00,1.857395840259326e+00,9.672808553739038e-01,1.364934870815522e-02,0.000000000000000e+00,1.314826048802040e+00,5.069801910986049e+00,1,6.972500085830688e-01,5.200999975204468e-01,6.972500085830688e-01,5.000000000000000e-01
7.130213045575822e-01,3.758026316960199e-01,13903,24223,1.347686506347586e+00,2.185749322976829e-01,0.000000000000000e+00,1.857460047856346e+00,9.672894233219025e-01,1.361342437220772e-02,0.000000000000000e+00,1.314821819907837e+00,5.069794869413069e+00,1,6.974999904632568e-01,5.200999975204468e-01,6.974999904632568e-01,5.000000000000000e-01
7.130283707876843e-01,3.772143773287649e-01,13908,24228,1.356066205480678e+00,2.152879652094717e-01,0.000000000000000e+00,1.857524255453366e+00,9.672979912699015e-01,1.357750003626015e-02,0.000000000000000e+00,1.314817591013635e+00,5.069787827840091e+00,1,6.977499723434448e-01,5.200999975204468e-01,6.977499723434448e-01,5.000000000000000e-01
7.130354387026292e-01,3.786264595722953e-01,13913,24233,1.364447902634559e+00,2.120002143904332e-01,0.000000000000000e+00,1.857588478359779e+00,9.673065612608061e-01,1.354156713466268e-02,0.000000000000000e+00,1.314813361111112e+00,5.069780784588150e+00,1,6.980000138282776e-01,5.200999975204468e-01,6.980000138282776e-01,5.000000000000000e-01
7.130425049327314e-01,3.800382052050405e-01,13918,24238,1.372827601767665e+00,2.087132473022216e-01,0.000000000000000e+00,1.857652685956798e+00,9.673151292088047e-01,1.350564279871518e-02,0.000000000000000e+00,1.314809132216909e+00,5.069773743015171e+00,1,6.982499957084656e-01,5.200999975204468e-01,6.982499957084656e-01,5.000000000000000e-01
7.130495711628335e-01,3.814499508377851e-01,13923,24243,1.381207300900768e+00,2.054262802140116e-01,0.000000000000000e+00,1.857716893553818e+00,9.673236971568033e-01,1.346971846276770e-02,0.000000000000000e+00,1.314804903322707e+00,5.069766701442193e+00,1,6.984999775886536e-01,5.200999975204468e-01,6.984999775886536e-01,5.000000000000000e-01
7.130566390777784e-01,3.828620330813155e-01,13928,24248,1.389588998054649e+00,2.021385293949731e-01,0.000000000000000e+00,1.857781116460231e+00,9.673322671477085e-01,1.343378556117023e-02,0.000000000000000e+00,1.314800673420184e+00,5.069759658190251e+00,1,6.987500190734863e-01,5.200999975204468e-01,6.987500190734863e-01,5.000000000000000e-01
7.130637053078805e-01,3.842737787140607e-01,13933,24253,1.397968697187755e+00,1.988515623067615e-01,0.000000000000000e+00,1.857845324057251e+00,9.673408350957070e-01,1.339786122522273e-02,0.000000000000000e+00,1.314796444525981e+00,5.069752616617274e+00,1,6.990000009536743e-01,5.200999975204468e-01,6.990000009536743e-01,5.000000000000000e-01
7.130707715379827e-01,3.856855243468059e-01,13938,24258,1.406348396320861e+00,1.955645952185499e-01,0.000000000000000e+00,1.857909531654270e+00,9.673494030437056e-01,1.336193688927523e-02,0.000000000000000e+00,1.314792215631778e+00,5.069745575044294e+00,1,6.992499828338623e-01,5.200999975204468e-01,6.992499828338623e-01,5.000000000000000e-01
7.130778394529276e-01,3.870976065903357e-01,13943,24263,1.414730093474739e+00,1.922768443995129e-01,0.000000000000000e+00,1.857973754560684e+00,9.673579730346106e-01,1.332600398767778e-02,0.000000000000000e+00,1.314787985729256e+00,5.069738531792353e+00,1,6.995000243186951e-01,5.200999975204468e-01,6.995000243186951e-01,5.000000000000000e-01
7.130849056830297e-01,3.885093522230809e-01,13948,24268,1.423109792607845e+00,1.889898773113013e-01,0.000000000000000e+00,1.858037962157703e+00,9.673665409826093e-01,1.329007965173028e-02,0.000000000000000e+00,1.314783756835054e+00,5.069731490219374e+00,1,6.997500061988831e-01,5.200999975204468e-01,6.997500061988831e-01,5.000000000000000e-01
7.130919719131319e-01,3.899210978558261e-01,13953,24274,1.431489491740952e+00,1.857029102230898e-01,0.000000000000000e+00,1.858102169754723e+00,9.673751089306080e-01,1.325415531578278e-02,0.000000000000000e+00,1.314779527940851e+00,5.069724448646395e+00,1,6.999999880790710e-01,5.200999975204468e-01,6.999999880790710e-01,5.000000000000000e-01
7.131176220108620e-01,3.913381221224917e-01,13958,24279,1.440502429796002e+00,1.818800467295969e-01,0.000000000000000e+00,1.858130815329002e+00,9.674053411298402e-01,1.320298113052464e-02,0.000000000000000e+00,1.314765407203370e+00,5.069703689940570e+00,1,7.002500295639038e-01,5.200999975204468e-01,7.002500295639038e-01,5.000000000000000e-01
7.131432668798989e-01,3.927548088358635e-01,13963,24284,1.449513249444819e+00,1.780580690195143e-01,0.000000000000000e+00,1.858159452378923e+00,9.674355671549166e-01,1.315181841761685e-02,0.000000000000000e+00,1.314751289360514e+00,5.069682935529414e+00,1,7.005000114440918e-01,5.200999975204468e-01,7.005000114440918e-01,5.000000000000000e-01
7.131689117489357e-01,3.941714955492359e-01,13968,24289,1.458524069093639e+00,1.742360913094301e-01,0.000000000000000e+00,1.858188089428844e+00,9.674657931799930e-01,1.310065570470903e-02,0.000000000000000e+00,1.314737171517657e+00,5.069662181118257e+00,1,7.007499933242798e-01,5.200999975204468e-01,7.007499933242798e-01,5.000000000000000e-01
7.131945566179724e-01,3.955881822626111e-01,13973,24294,1.467534888742500e+00,1.704141135993403e-01,0.000000000000000e+00,1.858216726478765e+00,9.674960192050697e-01,1.304949299180130e-02,0.000000000000000e+00,1.314723053674800e+00,5.069641426707099e+00,1,7.009999752044678e-01,5.200999975204468e-01,7.009999752044678e-01,5.000000000000000e-01
7.132202076016656e-01,3.970052067649005e-01,13978,24299,1.476547856893878e+00,1.665912245927090e-01,0.000000000000000e+00,1.858245370356785e+00,9.675262524371143e-01,1.299831807986805e-02,0.000000000000000e+00,1.314708932465744e+00,5.069620667347346e+00,1,7.012500166893005e-01,5.200999975204468e-01,7.012500166893005e-01,5.000000000000000e-01
7.132458524707023e-01,3.984218934782742e-01,13983,24304,1.485558676542717e+00,1.627692468826229e-01,0.000000000000000e+00,1.858274007406706e+00,9.675564784621907e-01,1.294715536696029e-02,0.000000000000000e+00,1.314694814622887e+00,5.069599912936191e+00,1,7.014999985694885e-01,5.200999975204468e-01,7.014999985694885e-01,5.000000000000000e-01
7.132714973397390e-01,3.998385801916470e-01,13988,24309,1.494569496191552e+00,1.589472691725384e-01,0.000000000000000e+00,1.858302644456628e+00,9.675867044872672e-01,1.289599265405255e-02,0.000000000000000e+00,1.314680696780031e+00,5.069579158525033e+00,1,7.017499804496765e-01,5.200999975204468e-01,7.017499804496765e-01,5.000000000000000e-01
7.132971483234322e-01,4.012556046939370e-01,13993,24314,1.503582464342934e+00,1.551243801659054e-01,0.000000000000000e+00,1.858331288334648e+00,9.676169377193120e-01,1.284481774211927e-02,0.000000000000000e+00,1.314666575570975e+00,5.069558399165280e+00,1,7.020000219345093e-01,5.200999975204468e-01,7.020000219345093e-01,5.000000000000000e-01
7.133227931924687e-01,4.026722914073099e-01,13998,24319,1.512593283991768e+00,1.513024024558209e-01,0.000000000000000e+00,1.858359925384569e+00,9.676471637443884e-01,1.279365502921153e-02,0.000000000000000e+00,1.314652457728118e+00,5.069537644754124e+00,1,7.022500038146973e-01,5.200999975204468e-01,7.022500038146973e-01,5.000000000000000e-01
7.133484380615056e-01,4.040889781206840e-01,14003,24324,1.521604103640611e+00,1.474804247457330e-01,0.000000000000000e+00,1.858388562434489e+00,9.676773897694648e-01,1.274249231630375e-02,0.000000000000000e+00,1.314638339885261e+00,5.069516890342967e+00,1,7.024999856948853e-01,5.200999975204468e-01,7.024999856948853e-01,5.000000000000000e-01
7.133740890451987e-01,4.055060026229734e-01,14008,24329,1.530617071791989e+00,1.436575357391018e-01,0.000000000000000e+00,1.858417206312510e+00,9.677076230015096e-01,1.269131740437050e-02,0.000000000000000e+00,1.314624218676205e+00,5.069496130983214e+00,1,7.027500271797180e-01,5.200999975204468e-01,7.027500271797180e-01,5.000000000000000e-01
7.133997339142356e-01,4.069226893363463e-01,14013,24334,1.539627891440824e+00,1.398355580290173e-01,0.000000000000000e+00,1.858445843362431e+00,9.677378490265860e-01,1.264015469146276e-02,0.000000000000000e+00,1.314610100833348e+00,5.069475376572058e+00,1,7.030000090599060e-01,5.200999975204468e-01,7.030000090599060e-01,5.000000000000000e-01
7.134253787832723e-01,4.083393760497219e-01,14018,24339,1.548638711089685e+00,1.360135803189273e-01,0.000000000000000e+00,1.858474480412352e+00,9.677680750516625e-01,1.258899197855502e-02,0.000000000000000e+00,1.314595982990492e+00,5.069454622160902e+00,1,7.032499909400940e-01,5.200999975204468e-01,7.032499909400940e-01,5.000000000000000e-01
7.134510236523088e-01,4.097560627630940e-01,14023,24344,1.557649530738505e+00,1.321916026088432e-01,0.000000000000000e+00,1.858503117462273e+00,9.677983010767388e-01,1.253782926564721e-02,0.000000000000000e+00,1.314581865147635e+00,5.069433867749745e+00,1,7.034999728202820e-01,5.200999975204468e-01,7.034999728202820e-01,5.000000000000000e-01
7.134766746360020e-01,4.111730872653828e-01,14028,24349,1.566662498889879e+00,1.283687136022136e-01,0.000000000000000e+00,1.858531761340293e+00,9.678285343087835e-01,1.248665435371398e-02,0.000000000000000e+00,1.314567743938579e+00,5.069413108389991e+00,1,7.037500143051147e-01,5.200999975204468e-01,7.037500143051147e-01,5.000000000000000e-01
7.135023195050387e-01,4.125897739787561e-01,14033,24354,1.575673318538718e+00,1.245467358921275e-01,0.000000000000000e+00,1.858560398390214e+00,9.678587603338601e-01,1.243549164080622e-02,0.000000000000000e+00,1.314553626095722e+00,5.069392353978836e+00,1,7.039999961853027e-01,5.200999975204468e-01,7.039999961853027e-01,5.000000000000000e-01
7.135279643740755e-01,4.140064606921298e-01,14038,24359,1.584684138187557e+00,1.207247581820413e-01,0.000000000000000e+00,1.858589035440136e+00,9.678889863589365e-01,1.238432892789846e-02,0.000000000000000e+00,1.314539508252865e+00,5.069371599567679e+00,1,7.042499780654907e-01,5.200999975204468e-01,7.042499780654907e-01,5.000000000000000e-01
7.135536153577687e-01,4.154234851944191e-01,14043,24364,1.593697106338934e+00,1.169018691754100e-01,0.000000000000000e+00,1.858617679318156e+00,9.679192195909813e-01,1.233315401596520e-02,0.000000000000000e+00,1.314525387043809e+00,5.069350840207926e+00,1,7.045000195503235e-01,5.200999975204468e-01,7.045000195503235e-01,5.000000000000000e-01
7.135792602268054e-01,4.168401719077927e-01,14048,24369,1.602707925987773e+00,1.130798914653238e-01,0.000000000000000e+00,1.858646316368077e+00,9.679494456160577e-01,1.228199130305744e-02,0.000000000000000e+00,1.314511269200952e+00,5.069330085796770e+00,1,7.047500014305115e-01,5.200999975204468e-01,7.047500014305115e-01,5.000000000000000e-01
7.136049050958421e-01,4.182568586211662e-01,14053,24374,1.611718745636612e+00,1.092579137552376e-01,0.000000000000000e+00,1.858674953417998e+00,9.679796716411340e-01,1.223082859014968e-02,0.000000000000000e+00,1.314497151358096e+00,5.069309331385613e+00,1,7.049999833106995e-01,5.200999975204468e-01,7.049999833106995e-01,5.000000000000000e-01
7.136305560795353e-01,4.196738831234555e-01,14058,24379,1.620731713787990e+00,1.054350247486064e-01,0.000000000000000e+00,1.858703597296018e+00,9.680099048731788e-01,1.217965367821643e-02,0.000000000000000e+00,1.314483030149039e+00,5.069288572025861e+00,1,7.052500247955322e-01,5.200999975204468e-01,7.052500247955322e-01,5.000000000000000e-01
7.136562009485719e-01,4.210905698368267e-01,14063,24384,1.629742533436805e+00,1.016130470385242e-01,0.000000000000000e+00,1.858732234345939e+00,9.680401308982551e-01,1.212849096530864e-02,0.000000000000000e+00,1.314468912306182e+00,5.069267817614703e+00,1,7.055000066757202e-01,5.200999975204468e-01,7.055000066757202e-01,5.000000000000000e-01
7.136818458176085e-01,4.225072565502008e-01,14068,24389,1.638753353085648e+00,9.779106932843636e-02,0.000000000000000e+00,1.858760871395860e+00,9.680703569233317e-01,1.207732825240086e-02,0.000000000000000e+00,1.314454794463326e+00,5.069247063203547e+00,1,7.057499885559082e-01,5.200999975204468e-01,7.057499885559082e-01,5.000000000000000e-01
7.137074906866454e-01,4.239239432635761e-01,14073,24394,1.647764172734506e+00,9.396909161834782e-02,0.000000000000000e+00,1.858789508445781e+00,9.681005829484082e-01,1.202616553949314e-02,0.000000000000000e+00,1.314440676620469e+00,5.069226308792389e+00,1,7.059999704360962e-01,5.200999975204468e-01,7.059999704360962e-01,5.000000000000000e-01
7.137331416703385e-01,4.253409677658649e-01,14078,24399,1.656777140885880e+00,9.014620261171827e-02,0.000000000000000e+00,1.858818152323801e+00,9.681308161804529e-01,1.197499062755992e-02,0.000000000000000e+00,1.314426555411413e+00,5.069205549432638e+00,1,7.062500119209290e-01,5.200999975204468e-01,7.062500119209290e-01,5.000000000000000e-01
7.137587865393753e-01,4.267576544792391e-01,14083,24404,1.665787960534722e+00,8.632422490163037e-02,0.000000000000000e+00,1.858846789373723e+00,9.681610422055292e-01,1.192382791465213e-02,0.000000000000000e+00,1.314412437568556e+00,5.069184795021481e+00,1,7.064999938011169e-01,5.200999975204468e-01,7.064999938011169e-01,5.000000000000000e-01
7.137844314084120e-01,4.281743411926124e-01,14088,24409,1.674798780183561e+00,8.250224719154420e-02,0.000000000000000e+00,1.858875426423643e+00,9.681912682306058e-01,1.187266520174437e-02,0.000000000000000e+00,1.314398319725700e+00,5.069164040610324e+00,1,7.067499756813049e-01,5.200999975204468e-01,7.067499756813049e-01,5.000000000000000e-01
7.138100823921051e-01,4.295913656949020e-01,14093,24414,1.683811748334939e+00,7.867935818491292e-02,0.000000000000000e+00,1.858904070301664e+00,9.682215014626505e-01,1.182149028981112e-02,0.000000000000000e+00,1.314384198516643e+00,5.069143281250572e+00,1,7.070000171661377e-01,5.200999975204468e-01,7.070000171661377e-01,5.000000000000000e-01
7.138357272611418e-01,4.310080524082754e-01,14098,24419,1.692822567983777e+00,7.485738047482673e-02,0.000000000000000e+00,1.858932707351585e+00,9.682517274877268e-01,1.177032757690335e-02,0.000000000000000e+00,1.314370080673787e+00,5.069122526839415e+00,1,7.072499990463257e-01,5.200999975204468e-01,7.072499990463257e-01,5.000000000000000e-01
7.138613721301785e-01,4.324247391216490e-01,14103,24424,1.701833387632616e+00,7.103540276474056e-02,0.000000000000000e+00,1.858961344401506e+00,9.682819535128033e-01,1.171916486399559e-02,0.000000000000000e+00,1.314355962830930e+00,5.069101772428258e+00,1,7.074999809265137e-01,5.200999975204468e-01,7.074999809265137e-01,5.000000000000000e-01
7.138870231138716e-01,4.338417636239378e-01,14108,24429,1.710846355783990e+00,6.721251375811098e-02,0.000000000000000e+00,1.858989988279526e+00,9.683121867448481e-01,1.166798995206236e-02,0.000000000000000e+00,1.314341841621874e+00,5.069081013068505e+00,1,7.077500224113464e-01,5.200999975204468e-01,7.077500224113464e-01,5.000000000000000e-01
7.139126679829084e-01,4.352584503373091e-01,14113,24434,1.719857175432809e+00,6.339053604802730e-02,0.000000000000000e+00,1.859018625329447e+00,9.683424127699245e-01,1.161682723915455e-02,0.000000000000000e+00,1.314327723779017e+00,5.069060258657348e+00,1,7.080000042915344e-01,5.200999975204468e-01,7.080000042915344e-01,5.000000000000000e-01
7.139383128519452e-01,4.366751370506854e-01,14118,24439,1.728867995081672e+00,5.956855833793694e-02,0.000000000000000e+00,1.859047262379368e+00,9.683726387950009e-01,1.156566452624682e-02,0.000000000000000e+00,1.314313605936160e+00,5.069039504246192e+00,1,7.082499861717224e-01,5.200999975204468e-01,7.082499861717224e-01,5.000000000000000e-01
7.139639638356383e-01,4.380921615529748e-01,14123,24444,1.737880963233049e+00,5.574566933130566e-02,0.000000000000000e+00,1.859075906257388e+00,9.684028720270457e-01,1.151448961431356e-02,0.000000000000000e+00,1.314299484727104e+00,5.069018744886439e+00,1,7.085000276565552e-01,5.200999975204468e-01,7.085000276565552e-01,5.000000000000000e-01
7.139896087046751e-01,4.395088482663483e-01,14128,24449,1.746891782881888e+00,5.192369162121947e-02,0.000000000000000e+00,1.859104543307310e+00,9.684330980521221e-01,1.146332690140580e-02,0.000000000000000e+00,1.314285366884247e+00,5.068997990475283e+00,1,7.087500095367432e-01,5.200999975204468e-01,7.087500095367432e-01,5.000000000000000e-01
7.140152535737118e-01,4.409255349797219e-01,14133,24454,1.755902602530727e+00,4.810171391113328e-02,0.000000000000000e+00,1.859133180357230e+00,9.684633240771985e-01,1.141216418849804e-02,0.000000000000000e+00,1.314271249041391e+00,5.068977236064126e+00,1,7.089999914169312e-01,5.200999975204468e-01,7.089999914169312e-01,5.000000000000000e-01
7.140408984427484e-01,4.423422216930953e-01,14138,24459,1.764913422179566e+00,4.427973620104712e-02,0.000000000000000e+00,1.859161817407151e+00,9.684935501022749e-01,1.136100147559028e-02,0.000000000000000e+00,1.314257131198534e+00,5.068956481652969e+00,1,7.092499732971191e-01,5.200999975204468e-01,7.092499732971191e-01,5.000000000000000e-01
7.140665494264415e-01,4.437592461953848e-01,14143,24464,1.773926390330944e+00,4.045684719441585e-02,0.000000000000000e+00,1.859190461285172e+00,9.685237833343197e-01,1.130982656365703e-02,0.000000000000000e+00,1.314243009989478e+00,5.068935722293217e+00,1,7.095000147819519e-01,5.200999975204468e-01,7.095000147819519e-01,5.000000000000000e-01
7.140921942954783e-01,4.451759329087582e-01,14148,24469,1.782937209979782e+00,3.663486948432966e-02,0.000000000000000e+00,1.859219098335093e+00,9.685540093593962e-01,1.125866385074926e-02,0.000000000000000e+00,1.314228892146621e+00,5.068914967882060e+00,1,7.097499966621399e-01,5.200999975204468e-01,7.097499966621399e-01,5.000000000000000e-01
7.141178391645151e-01,4.465926196221311e-01,14153,24475,1.791948029628617e+00,3.281289177424516e-02,0.000000000000000e+00,1.859247735385014e+00,9.685842353844727e-01,1.120750113784152e-02,0.000000000000000e+00,1.314214774303764e+00,5.068894213470903e+00,1,7.099999785423279e-01,5.200999975204468e-01,7.099999785423279e-01,5.000000000000000e-01
7.141608417024341e-01,4.479453034326144e-01,14158,24480,1.801410132236831e+00,2.880163785734563e-02,0.000000000000000e+00,1.859235504019363e+00,9.686349970183055e-01,1.114231153624263e-02,0.000000000000000e+00,1.314192573985567e+00,5.068865158665697e+00,1,7.102500200271606e-01,5.200999975204468e-01,7.102500200271606e-01,5.000000000000000e-01
7.142038354782716e-01,4.492976592710036e-01,14163,24485,1.810870017815500e+00,2.479132397690026e-02,0.000000000000000e+00,1.859223272062182e+00,9.686857483130356e-01,1.107713627196997e-02,0.000000000000000e+00,1.314170378266246e+00,5.068836110074768e+00,1,7.105000019073486e-01,5.200999975204468e-01,7.105000019073486e-01,5.000000000000000e-01
7.142468292541092e-01,4.506500151093907e-01,14168,24490,1.820329903394154e+00,2.078101009645570e-02,0.000000000000000e+00,1.859211040104999e+00,9.687364996077654e-01,1.101196100769723e-02,0.000000000000000e+00,1.314148182546924e+00,5.068807061483841e+00,1,7.107499837875366e-01,5.200999975204468e-01,7.107499837875366e-01,5.000000000000000e-01
7.142898332812044e-01,4.520026933979111e-01,14173,24495,1.829792044548806e+00,1.676974001336397e-02,0.000000000000000e+00,1.859198805231280e+00,9.687872630034239e-01,1.094677020330436e-02,0.000000000000000e+00,1.314125981535347e+00,5.068778005966688e+00,1,7.110000252723694e-01,5.200999975204468e-01,7.110000252723694e-01,5.000000000000000e-01
7.143328270570420e-01,4.533550492363001e-01,14178,24500,1.839251930127475e+00,1.275942613291858e-02,0.000000000000000e+00,1.859186573274098e+00,9.688380142981536e-01,1.088159493903170e-02,0.000000000000000e+00,1.314103785816026e+00,5.068748957375760e+00,1,7.112500071525574e-01,5.200999975204468e-01,7.112500071525574e-01,5.000000000000000e-01
7.143758208328795e-01,4.547074050746903e-01,14183,24505,1.848711815706152e+00,8.749112252469651e-03,0.000000000000000e+00,1.859174341316916e+00,9.688887655928836e-01,1.081641967475898e-02,0.000000000000000e+00,1.314081590096704e+00,5.068719908784832e+00,1,7.114999890327454e-01,5.200999975204468e-01,7.114999890327454e-01,5.000000000000000e-01
7.144188146087170e-01,4.560597609130793e-01,14188,24510,1.858171701284821e+00,4.738798372024271e-03,0.000000000000000e+00,1.859162109359734e+00,9.689395168876137e-01,1.075124441048633e-02,0.000000000000000e+00,1.314059394377382e+00,5.068690860193905e+00,1,7.117499709129333e-01,5.200999975204468e-01,7.117499709129333e-01,5.000000000000000e-01
7.144618186358126e-01,4.574124392015974e-01,14193,24515,1.867633842439454e+00,7.275282889351448e-04,0.000000000000000e+00,1.859149874486014e+00,9.689902802832723e-01,1.068605360609340e-02,0.000000000000000e+00,1.314037193365805e+00,5.068661804676752e+00,1,7.120000123977661e-01,5.200999975204468e-01,7.120000123977661e-01,5.000000000000000e-01
7.145048124116501e-01,4.587647950399876e-01,14198,24520,1.877093728018131e+00,-3.282785591513794e-03,0.000000000000000e+00,1.859137642528832e+00,9.690410315780023e-01,1.062087834182068e-02,0.000000000000000e+00,1.314014997646483e+00,5.068632756085825e+00,1,7.122499942779541e-01,5.200999975204468e-01,7.122499942779541e-01,5.000000000000000e-01
7.145478061874877e-01,4.601171508783765e-01,14203,24525,1.886553613596800e+00,-7.293099471959169e-03,0.000000000000000e+00,1.859125410571649e+00,9.690917828727320e-01,1.055570307754803e-02,0.000000000000000e+00,1.313992801927162e+00,5.068603707494897e+00,1,7.124999761581421e-01,5.200999975204468e-01,7.124999761581421e-01,5.000000000000000e-01
7.145908102145830e-01,4.614698291668918e-01,14208,24530,1.896015754751414e+00,-1.130436955504563e-02,0.000000000000000e+00,1.859113175697930e+00,9.691425462683906e-01,1.049051227315506e-02,0.000000000000000e+00,1.313970600915585e+00,5.068574651977743e+00,1,7.127500176429749e-01,5.200999975204468e-01,7.127500176429749e-01,5.000000000000000e-01
7.146338039904204e-01,4.628221850052808e-01,14213,24535,1.905475640330082e+00,-1.531468343549099e-02,0.000000000000000e+00,1.859100943740748e+00,9.691932975631206e-01,1.042533700888240e-02,0.000000000000000e+00,1.313948405196263e+00,5.068545603386815e+00,1,7.129999995231628e-01,5.200999975204468e-01,7.129999995231628e-01,5.000000000000000e-01
7.146767977662580e-01,4.641745408436738e-01,14218,24540,1.914935525908779e+00,-1.932499731594262e-02,0.000000000000000e+00,1.859088711783566e+00,9.692440488578504e-01,1.036016174460973e-02,0.000000000000000e+00,1.313926209476941e+00,5.068516554795887e+00,1,7.132499814033508e-01,5.200999975204468e-01,7.132499814033508e-01,5.000000000000000e-01
7.147198017933536e-01,4.655272191321912e-01,14223,24545,1.924397667063408e+00,-2.333626739902996e-02,0.000000000000000e+00,1.859076476909847e+00,9.692948122535092e-01,1.029497094021684e-02,0.000000000000000e+00,1.313904008465364e+00,5.068487499278735e+00,1,7.135000228881836e-01,5.200999975204468e-01,7.135000228881836e-01,5.000000000000000e-01
7.147627955691910e-01,4.668795749705807e-01,14228,24550,1.933857552642081e+00,-2.734658127947712e-02,0.000000000000000e+00,1.859064244952664e+00,9.693455635482389e-01,1.022979567594415e-02,0.000000000000000e+00,1.313881812746043e+00,5.068458450687807e+00,1,7.137500047683716e-01,5.200999975204468e-01,7.137500047683716e-01,5.000000000000000e-01
7.148057893450286e-01,4.682319308089710e-01,14233,24555,1.943317438220758e+00,-3.135689515992606e-02,0.000000000000000e+00,1.859052012995482e+00,9.693963148429690e-01,1.016462041167143e-02,0.000000000000000e+00,1.313859617026721e+00,5.068429402096879e+00,1,7.139999866485596e-01,5.200999975204468e-01,7.139999866485596e-01,5.000000000000000e-01
7.148487933721240e-01,4.695846090974920e-01,14238,24560,1.952779579375411e+00,-3.536816524301793e-02,0.000000000000000e+00,1.859039778121763e+00,9.694470782386275e-01,1.009942960727855e-02,0.000000000000000e+00,1.313837416015144e+00,5.068400346579727e+00,1,7.142500281333923e-01,5.200999975204468e-01,7.142500281333923e-01,5.000000000000000e-01
7.148917871479616e-01,4.709369649358822e-01,14243,24565,1.962239464954088e+00,-3.937847912346688e-02,0.000000000000000e+00,1.859027546164581e+00,9.694978295333575e-01,1.003425434300583e-02,0.000000000000000e+00,1.313815220295823e+00,5.068371297988799e+00,1,7.145000100135803e-01,5.200999975204468e-01,7.145000100135803e-01,5.000000000000000e-01
7.149347809237990e-01,4.722893207742677e-01,14248,24570,1.971699350532733e+00,-4.338879300390772e-02,0.000000000000000e+00,1.859015314207399e+00,9.695485808280874e-01,9.969079078733165e-03,0.000000000000000e+00,1.313793024576501e+00,5.068342249397872e+00,1,7.147499918937683e-01,5.200999975204468e-01,7.147499918937683e-01,5.000000000000000e-01
7.149777746996366e-01,4.736416766126573e-01,14253,24575,1.981159236111406e+00,-4.739910688435488e-02,0.000000000000000e+00,1.859003082250217e+00,9.695993321228173e-01,9.903903814460475e-03,0.000000000000000e+00,1.313770828857179e+00,5.068313200806943e+00,1,7.149999737739563e-01,5.200999975204468e-01,7.149999737739563e-01,5.000000000000000e-01
7.150207787267320e-01,4.749943549011753e-01,14258,24580,1.990621377266039e+00,-5.141037696744401e-02,0.000000000000000e+00,1.858990847376497e+00,9.696500955184759e-01,9.838713010067550e-03,0.000000000000000e+00,1.313748627845602e+00,5.068284145289790e+00,1,7.152500152587891e-01,5.200999975204468e-01,7.152500152587891e-01,5.000000000000000e-01
7.150637725025697e-01,4.763467107395649e-01,14263,24585,2.000081262844712e+00,-5.542069084789118e-02,0.000000000000000e+00,1.858978615419315e+00,9.697008468132060e-01,9.773537745794864e-03,0.000000000000000e+00,1.313726432126280e+00,5.068255096698863e+00,1,7.154999971389771e-01,5.200999975204468e-01,7.154999971389771e-01,5.000000000000000e-01
7.151067662784072e-01,4.776990665779557e-01,14268,24590,2.009541148423393e+00,-5.943100472834188e-02,0.000000000000000e+00,1.858966383462133e+00,9.697515981079357e-01,9.708362481522119e-03,0.000000000000000e+00,1.313704236406959e+00,5.068226048107935e+00,1,7.157499790191650e-01,5.200999975204468e-01,7.157499790191650e-01,5.000000000000000e-01
7.151497703055024e-01,4.790517448664736e-01,14273,24595,2.019003289578027e+00,-6.344227481143103e-02,0.000000000000000e+00,1.858954148588414e+00,9.698023615035942e-01,9.643171677129194e-03,0.000000000000000e+00,1.313682035395382e+00,5.068196992590781e+00,1,7.160000205039978e-01,5.200999975204468e-01,7.160000205039978e-01,5.000000000000000e-01
7.151927640813400e-01,4.804041007048621e-01,14278,24600,2.028463175156692e+00,-6.745258869187462e-02,0.000000000000000e+00,1.858941916631232e+00,9.698531127983243e-01,9.577996412856567e-03,0.000000000000000e+00,1.313659839676060e+00,5.068167943999854e+00,1,7.162500023841858e-01,5.200999975204468e-01,7.162500023841858e-01,5.000000000000000e-01
7.152357578571776e-01,4.817564565432523e-01,14283,24605,2.037923060735368e+00,-7.146290257232356e-02,0.000000000000000e+00,1.858929684674049e+00,9.699038640930542e-01,9.512821148583850e-03,0.000000000000000e+00,1.313637643956739e+00,5.068138895408927e+00,1,7.164999842643738e-01,5.200999975204468e-01,7.164999842643738e-01,5.000000000000000e-01
7.152787618842731e-01,4.831091348317703e-01,14288,24610,2.047385201890002e+00,-7.547417265541267e-02,0.000000000000000e+00,1.858917449800330e+00,9.699546274887128e-01,9.447630344190928e-03,0.000000000000000e+00,1.313615442945162e+00,5.068109839891774e+00,1,7.167500257492065e-01,5.200999975204468e-01,7.167500257492065e-01,5.000000000000000e-01
7.153217556601106e-01,4.844614906701600e-01,14293,24615,2.056845087468675e+00,-7.948448653585984e-02,0.000000000000000e+00,1.858905217843148e+00,9.700053787834427e-01,9.382455079918240e-03,0.000000000000000e+00,1.313593247225840e+00,5.068080791300845e+00,1,7.170000076293945e-01,5.200999975204468e-01,7.170000076293945e-01,5.000000000000000e-01
7.153647494359481e-01,4.858138465085501e-01,14298,24620,2.066304973047352e+00,-8.349480041630877e-02,0.000000000000000e+00,1.858892985885966e+00,9.700561300781725e-01,9.317279815645523e-03,0.000000000000000e+00,1.313571051506518e+00,5.068051742709919e+00,1,7.172499895095825e-01,5.200999975204468e-01,7.172499895095825e-01,5.000000000000000e-01
7.154077432117858e-01,4.871662023469398e-01,14303,24625,2.075764858626025e+00,-8.750511429675595e-02,0.000000000000000e+00,1.858880753928783e+00,9.701068813729027e-01,9.252104551372837e-03,0.000000000000000e+00,1.313548855787197e+00,5.068022694118991e+00,1,7.174999713897705e-01,5.200999975204468e-01,7.174999713897705e-01,5.000000000000000e-01
7.154507472388811e-01,4.885188806354577e-01,14308,24630,2.085226999780658e+00,-9.151638437984506e-02,0.000000000000000e+00,1.858868519055064e+00,9.701576447685611e-01,9.186913746979912e-03,0.000000000000000e+00,1.313526654775619e+00,5.067993638601837e+00,1,7.177500128746033e-01,5.200999975204468e-01,7.177500128746033e-01,5.000000000000000e-01
7.154937410147186e-01,4.898712364738462e-01,14313,24635,2.094686885359323e+00,-9.552669826028867e-02,0.000000000000000e+00,1.858856287097882e+00,9.702083960632912e-01,9.121738482707283e-03,0.000000000000000e+00,1.313504459056298e+00,5.067964590010909e+00,1,7.179999947547913e-01,5.200999975204468e-01,7.179999947547913e-01,5.000000000000000e-01
7.155367347905561e-01,4.912235923122370e-01,14318,24640,2.104146770938004e+00,-9.953701214073937e-02,0.000000000000000e+00,1.858844055140700e+00,9.702591473580211e-01,9.056563218434538e-03,0.000000000000000e+00,1.313482263336976e+00,5.067935541419982e+00,1,7.182499766349792e-01,5.200999975204468e-01,7.182499766349792e-01,5.000000000000000e-01
7.155797388176516e-01,4.925762706007538e-01,14323,24645,2.113608912092629e+00,-1.035482822238250e-01,0.000000000000000e+00,1.858831820266980e+00,9.703099107536796e-01,8.991372414041672e-03,0.000000000000000e+00,1.313460062325399e+00,5.067906485902828e+00,1,7.185000181198120e-01,5.200999975204468e-01,7.185000181198120e-01,5.000000000000000e-01
7.156227325934892e-01,4.939286264391440e-01,14328,24650,2.123068797671306e+00,-1.075585961042739e-01,0.000000000000000e+00,1.858819588309798e+00,9.703606620484095e-01,8.926197149768956e-03,0.000000000000000e+00,1.313437866606078e+00,5.067877437311902e+00,1,7.187500000000000e-01,5.200999975204468e-01,7.187500000000000e-01,5.000000000000000e-01
7.156657263693267e-01,4.952809822775336e-01,14333,24655,2.132528683249979e+00,-1.115689099847210e-01,0.000000000000000e+00,1.858807356352616e+00,9.704114133431394e-01,8.861021885496270e-03,0.000000000000000e+00,1.313415670886756e+00,5.067848388720973e+00,1,7.189999818801880e-01,5.200999975204468e-01,7.189999818801880e-01,5.000000000000000e-01
7.157087303964220e-01,4.966336605660516e-01,14338,24660,2.141990824404612e+00,-1.155801800678102e-01,0.000000000000000e+00,1.858795121478897e+00,9.704621767387980e-01,8.795831081103347e-03,0.000000000000000e+00,1.313393469875179e+00,5.067819333203820e+00,1,7.192500233650208e-01,5.200999975204468e-01,7.192500233650208e-01,5.000000000000000e-01
7.157517241722597e-01,4.979860164044412e-01,14343,24665,2.151450709983285e+00,-1.195904939482573e-01,0.000000000000000e+00,1.858782889521715e+00,9.705129280335278e-01,8.730655816830659e-03,0.000000000000000e+00,1.313371274155857e+00,5.067790284612892e+00,1,7.195000052452087e-01,5.200999975204468e-01,7.195000052452087e-01,5.000000000000000e-01
7.157947179480970e-01,4.993383722428303e-01,14348,24670,2.160910595561954e+00,-1.236008078287027e-01,0.000000000000000e+00,1.858770657564533e+00,9.705636793282578e-01,8.665480552557999e-03,0.000000000000000e+00,1.313349078436535e+00,5.067761236021965e+00,1,7.197499871253967e-01,5.200999975204468e-01,7.197499871253967e-01,5.000000000000000e-01
7.158377231849300e-01,5.006910389526684e-01,14353,24676,2.170372731736653e+00,-1.276121096256717e-01,0.000000000000000e+00,1.858758418188694e+00,9.706144440706613e-01,8.600288604269420e-03,0.000000000000000e+00,1.313326876693703e+00,5.067732179289537e+00,1,7.200000286102295e-01,5.200999975204468e-01,7.200000286102295e-01,5.000000000000000e-01
7.158912870411203e-01,5.019422260710298e-01,14358,24681,2.179789105110252e+00,-1.318995235159514e-01,0.000000000000000e+00,1.858706848961005e+00,9.706769625482770e-01,8.525118551960194e-03,0.000000000000000e+00,1.313298291631892e+00,5.067692512242323e+00,1,7.202500104904175e-01,5.200999975204468e-01,7.202500104904175e-01,5.000000000000000e-01
7.159448508973104e-01,5.031934131893904e-01,14363,24686,2.189205478483845e+00,-1.361869374062290e-01,0.000000000000000e+00,1.858655279733318e+00,9.707394810258921e-01,8.449948499650996e-03,0.000000000000000e+00,1.313269706570081e+00,5.067652845195108e+00,1,7.204999923706055e-01,5.200999975204468e-01,7.204999923706055e-01,5.000000000000000e-01
7.159984147535008e-01,5.044446003077513e-01,14368,24691,2.198621851857439e+00,-1.404743512965068e-01,0.000000000000000e+00,1.858603710505629e+00,9.708019995035078e-01,8.374778447341805e-03,0.000000000000000e+00,1.313241121508270e+00,5.067613178147893e+00,1,7.207499742507935e-01,5.200999975204468e-01,7.207499742507935e-01,5.000000000000000e-01
7.160519913812351e-01,5.056960857539889e-01,14373,24696,2.208040470432118e+00,-1.447627874600039e-01,0.000000000000000e+00,1.858552128981988e+00,9.708645328877703e-01,8.299590471796523e-03,0.000000000000000e+00,1.313212529630756e+00,5.067573501642633e+00,1,7.210000157356262e-01,5.200999975204468e-01,7.210000157356262e-01,5.000000000000000e-01
7.161055552374254e-01,5.069472728723502e-01,14378,24701,2.217456843805715e+00,-1.490502013502835e-01,0.000000000000000e+00,1.858500559754300e+00,9.709270513653857e-01,8.224420419487295e-03,0.000000000000000e+00,1.313183944568945e+00,5.067533834595418e+00,1,7.212499976158142e-01,5.200999975204468e-01,7.212499976158142e-01,5.000000000000000e-01
7.161591190936156e-01,5.081984599907104e-01,14383,24706,2.226873217179306e+00,-1.533376152405593e-01,0.000000000000000e+00,1.858448990526613e+00,9.709895698430013e-01,8.149250367178135e-03,0.000000000000000e+00,1.313155359507134e+00,5.067494167548203e+00,1,7.214999794960022e-01,5.200999975204468e-01,7.214999794960022e-01,5.000000000000000e-01
7.162126957213502e-01,5.094499454369482e-01,14388,24711,2.236291835753984e+00,-1.576260514040565e-01,0.000000000000000e+00,1.858397409002971e+00,9.710521032272638e-01,8.074062391632849e-03,0.000000000000000e+00,1.313126767629619e+00,5.067454491042942e+00,1,7.217500209808350e-01,5.200999975204468e-01,7.217500209808350e-01,5.000000000000000e-01
7.162662595775403e-01,5.107011325553095e-01,14393,24716,2.245708209127582e+00,-1.619134652943361e-01,0.000000000000000e+00,1.858345839775283e+00,9.711146217048794e-01,7.998892339323624e-03,0.000000000000000e+00,1.313098182567808e+00,5.067414823995728e+00,1,7.220000028610229e-01,5.200999975204468e-01,7.220000028610229e-01,5.000000000000000e-01
7.163198234337306e-01,5.119523196736703e-01,14398,24721,2.255124582501176e+00,-1.662008791846138e-01,0.000000000000000e+00,1.858294270547595e+00,9.711771401824947e-01,7.923722287014431e-03,0.000000000000000e+00,1.313069597505997e+00,5.067375156948513e+00,1,7.222499847412109e-01,5.200999975204468e-01,7.222499847412109e-01,5.000000000000000e-01
7.163734000614649e-01,5.132038051199090e-01,14403,24726,2.264543201075863e+00,-1.704893153481147e-01,0.000000000000000e+00,1.858242689023954e+00,9.712396735667572e-01,7.848534311469079e-03,0.000000000000000e+00,1.313041005628482e+00,5.067335480443251e+00,1,7.225000262260437e-01,5.200999975204468e-01,7.225000262260437e-01,5.000000000000000e-01
7.164269639176554e-01,5.144549922382697e-01,14408,24731,2.273959574449457e+00,-1.747767292383924e-01,0.000000000000000e+00,1.858191119796266e+00,9.713021920443728e-01,7.773364259159885e-03,0.000000000000000e+00,1.313012420566671e+00,5.067295813396036e+00,1,7.227500081062317e-01,5.200999975204468e-01,7.227500081062317e-01,5.000000000000000e-01
7.164805277738453e-01,5.157061793566257e-01,14413,24736,2.283375947823022e+00,-1.790641431286635e-01,0.000000000000000e+00,1.858139550568578e+00,9.713647105219881e-01,7.698194206850724e-03,0.000000000000000e+00,1.312983835504860e+00,5.067256146348823e+00,1,7.229999899864197e-01,5.200999975204468e-01,7.229999899864197e-01,5.000000000000000e-01
7.165340916300356e-01,5.169573664749907e-01,14418,24741,2.292792321196639e+00,-1.833515570189460e-01,0.000000000000000e+00,1.858087981340889e+00,9.714272289996037e-01,7.623024154541531e-03,0.000000000000000e+00,1.312955250443049e+00,5.067216479301607e+00,1,7.232499718666077e-01,5.200999975204468e-01,7.232499718666077e-01,5.000000000000000e-01
7.165876682577701e-01,5.182088519212329e-01,14423,24746,2.302210939771344e+00,-1.876399931824479e-01,0.000000000000000e+00,1.858036399817248e+00,9.714897623838664e-01,7.547836178996246e-03,0.000000000000000e+00,1.312926658565535e+00,5.067176802796347e+00,1,7.235000133514404e-01,5.200999975204468e-01,7.235000133514404e-01,5.000000000000000e-01
7.166412321139604e-01,5.194600390395898e-01,14428,24751,2.311627313144917e+00,-1.919274070727227e-01,0.000000000000000e+00,1.857984830589561e+00,9.715522808614817e-01,7.472666126687020e-03,0.000000000000000e+00,1.312898073503723e+00,5.067137135749131e+00,1,7.237499952316284e-01,5.200999975204468e-01,7.237499952316284e-01,5.000000000000000e-01
7.166947959701506e-01,5.207112261579505e-01,14433,24756,2.321043686518510e+00,-1.962148209630004e-01,0.000000000000000e+00,1.857933261361872e+00,9.716147993390970e-01,7.397496074377827e-03,0.000000000000000e+00,1.312869488441913e+00,5.067097468701918e+00,1,7.239999771118164e-01,5.200999975204468e-01,7.239999771118164e-01,5.000000000000000e-01
7.167483725978849e-01,5.219627116041883e-01,14438,24761,2.330462305093190e+00,-2.005032571264976e-01,0.000000000000000e+00,1.857881679838231e+00,9.716773327233597e-01,7.322308098832542e-03,0.000000000000000e+00,1.312840896564398e+00,5.067057792196657e+00,1,7.242500185966492e-01,5.200999975204468e-01,7.242500185966492e-01,5.000000000000000e-01
7.168019364540753e-01,5.232138987225491e-01,14443,24766,2.339878678466783e+00,-2.047906710167753e-01,0.000000000000000e+00,1.857830110610543e+00,9.717398512009752e-01,7.247138046523350e-03,0.000000000000000e+00,1.312812311502587e+00,5.067018125149442e+00,1,7.245000004768372e-01,5.200999975204468e-01,7.245000004768372e-01,5.000000000000000e-01
7.168555003102656e-01,5.244650858409109e-01,14448,24771,2.349295051840385e+00,-2.090780849070568e-01,0.000000000000000e+00,1.857778541382855e+00,9.718023696785909e-01,7.171967994214088e-03,0.000000000000000e+00,1.312783726440776e+00,5.066978458102227e+00,1,7.247499823570251e-01,5.200999975204468e-01,7.247499823570251e-01,5.000000000000000e-01
7.169090769380001e-01,5.257165712871485e-01,14453,24776,2.358713670415065e+00,-2.133665210705539e-01,0.000000000000000e+00,1.857726959859214e+00,9.718649030628532e-01,7.096780018668802e-03,0.000000000000000e+00,1.312755134563261e+00,5.066938781596965e+00,1,7.250000238418579e-01,5.200999975204468e-01,7.250000238418579e-01,5.000000000000000e-01
7.169626407941903e-01,5.269677584055131e-01,14458,24781,2.368130043788678e+00,-2.176539349608345e-01,0.000000000000000e+00,1.857675390631526e+00,9.719274215404687e-01,7.021609966359640e-03,0.000000000000000e+00,1.312726549501450e+00,5.066899114549752e+00,1,7.252500057220459e-01,5.200999975204468e-01,7.252500057220459e-01,5.000000000000000e-01
7.170162046503805e-01,5.282189455238745e-01,14463,24786,2.377546417162276e+00,-2.219413488511142e-01,0.000000000000000e+00,1.857623821403838e+00,9.719899400180843e-01,6.946439914050414e-03,0.000000000000000e+00,1.312697964439639e+00,5.066859447502537e+00,1,7.254999876022339e-01,5.200999975204468e-01,7.254999876022339e-01,5.000000000000000e-01
7.170697812781148e-01,5.294704309701078e-01,14468,24791,2.386965035736932e+00,-2.262297850146065e-01,0.000000000000000e+00,1.857572239880196e+00,9.720524734023468e-01,6.871251938505130e-03,0.000000000000000e+00,1.312669372562124e+00,5.066819770997276e+00,1,7.257500290870667e-01,5.200999975204468e-01,7.257500290870667e-01,5.000000000000000e-01
7.171233451343051e-01,5.307216180884649e-01,14473,24796,2.396381409110505e+00,-2.305171989048813e-01,0.000000000000000e+00,1.857520670652508e+00,9.721149918799620e-01,6.796081886195907e-03,0.000000000000000e+00,1.312640787500313e+00,5.066780103950061e+00,1,7.260000109672546e-01,5.200999975204468e-01,7.260000109672546e-01,5.000000000000000e-01
7.171769089904954e-01,5.319728052068299e-01,14478,24801,2.405797782484123e+00,-2.348046127951638e-01,0.000000000000000e+00,1.857469101424821e+00,9.721775103575776e-01,6.720911833886711e-03,0.000000000000000e+00,1.312612202438503e+00,5.066740436902846e+00,1,7.262499928474426e-01,5.200999975204468e-01,7.262499928474426e-01,5.000000000000000e-01
7.172304728466856e-01,5.332239923251912e-01,14483,24806,2.415214155857720e+00,-2.390920266854434e-01,0.000000000000000e+00,1.857417532197132e+00,9.722400288351931e-01,6.645741781577484e-03,0.000000000000000e+00,1.312583617376691e+00,5.066700769855633e+00,1,7.264999747276306e-01,5.200999975204468e-01,7.264999747276306e-01,5.000000000000000e-01
7.172840494744199e-01,5.344754777714296e-01,14488,24811,2.424632774432404e+00,-2.433804628489425e-01,0.000000000000000e+00,1.857365950673491e+00,9.723025622194557e-01,6.570553806032166e-03,0.000000000000000e+00,1.312555025499177e+00,5.066661093350371e+00,1,7.267500162124634e-01,5.200999975204468e-01,7.267500162124634e-01,5.000000000000000e-01
7.173376133306102e-01,5.357266648897903e-01,14493,24816,2.434049147805997e+00,-2.476678767392201e-01,0.000000000000000e+00,1.857314381445803e+00,9.723650806970712e-01,6.495383753722972e-03,0.000000000000000e+00,1.312526440437366e+00,5.066621426303156e+00,1,7.269999980926514e-01,5.200999975204468e-01,7.269999980926514e-01,5.000000000000000e-01
7.173911771868005e-01,5.369778520081498e-01,14498,24821,2.443465521179582e+00,-2.519552906294941e-01,0.000000000000000e+00,1.857262812218115e+00,9.724275991746866e-01,6.420213701413847e-03,0.000000000000000e+00,1.312497855375555e+00,5.066581759255941e+00,1,7.272499799728394e-01,5.200999975204468e-01,7.272499799728394e-01,5.000000000000000e-01
7.174447538145348e-01,5.382293374543882e-01,14503,24826,2.452884139754266e+00,-2.562437267929931e-01,0.000000000000000e+00,1.857211230694474e+00,9.724901325589490e-01,6.345025725868528e-03,0.000000000000000e+00,1.312469263498040e+00,5.066542082750680e+00,1,7.275000214576721e-01,5.200999975204468e-01,7.275000214576721e-01,5.000000000000000e-01
7.174983176707250e-01,5.394805245727489e-01,14508,24831,2.462300513127860e+00,-2.605311406832708e-01,0.000000000000000e+00,1.857159661466786e+00,9.725526510365645e-01,6.269855673559333e-03,0.000000000000000e+00,1.312440678436229e+00,5.066502415703464e+00,1,7.277500033378601e-01,5.200999975204468e-01,7.277500033378601e-01,5.000000000000000e-01
7.175518815269153e-01,5.407317116911097e-01,14513,24836,2.471716886501453e+00,-2.648185545735485e-01,0.000000000000000e+00,1.857108092239098e+00,9.726151695141800e-01,6.194685621250142e-03,0.000000000000000e+00,1.312412093374418e+00,5.066462748656251e+00,1,7.279999852180481e-01,5.200999975204468e-01,7.279999852180481e-01,5.000000000000000e-01
7.176054581546496e-01,5.419831971373479e-01,14518,24841,2.481135505076137e+00,-2.691069907370475e-01,0.000000000000000e+00,1.857056510715457e+00,9.726777028984426e-01,6.119497645704823e-03,0.000000000000000e+00,1.312383501496903e+00,5.066423072150990e+00,1,7.282500267028809e-01,5.200999975204468e-01,7.282500267028809e-01,5.000000000000000e-01
7.176590220108400e-01,5.432343842557098e-01,14523,24846,2.490551878449739e+00,-2.733944046273290e-01,0.000000000000000e+00,1.857004941487768e+00,9.727402213760581e-01,6.044327593395562e-03,0.000000000000000e+00,1.312354916435092e+00,5.066383405103775e+00,1,7.285000085830688e-01,5.200999975204468e-01,7.285000085830688e-01,5.000000000000000e-01
7.177125858670304e-01,5.444855713740706e-01,14528,24851,2.499968251823332e+00,-2.776818185176068e-01,0.000000000000000e+00,1.856953372260080e+00,9.728027398536736e-01,5.969157541086369e-03,0.000000000000000e+00,1.312326331373281e+00,5.066343738056560e+00,1,7.287499904632568e-01,5.200999975204468e-01,7.287499904632568e-01,5.000000000000000e-01
7.177661497232205e-01,5.457367584924313e-01,14533,24856,2.509384625196926e+00,-2.819692324078845e-01,0.000000000000000e+00,1.856901803032393e+00,9.728652583312890e-01,5.893987488777177e-03,0.000000000000000e+00,1.312297746311470e+00,5.066304071009345e+00,1,7.289999723434448e-01,5.200999975204468e-01,7.289999723434448e-01,5.000000000000000e-01
7.178197263509549e-01,5.469882439386691e-01,14538,24861,2.518803243771606e+00,-2.862576685713817e-01,0.000000000000000e+00,1.856850221508751e+00,9.729277917155514e-01,5.818799513231891e-03,0.000000000000000e+00,1.312269154433956e+00,5.066264394504085e+00,1,7.292500138282776e-01,5.200999975204468e-01,7.292500138282776e-01,5.000000000000000e-01
7.178732902071452e-01,5.482394310570298e-01,14543,24866,2.528219617145199e+00,-2.905450824616593e-01,0.000000000000000e+00,1.856798652281063e+00,9.729903101931671e-01,5.743629460922698e-03,0.000000000000000e+00,1.312240569372145e+00,5.066224727456870e+00,1,7.294999957084656e-01,5.200999975204468e-01,7.294999957084656e-01,5.000000000000000e-01
7.179268540633353e-01,5.494906181753905e-01,14548,24871,2.537635990518792e+00,-2.948324963519370e-01,0.000000000000000e+00,1.856747083053375e+00,9.730528286707825e-01,5.668459408613505e-03,0.000000000000000e+00,1.312211984310333e+00,5.066185060409655e+00,1,7.297499775886536e-01,5.200999975204468e-01,7.297499775886536e-01,5.000000000000000e-01
7.179804315684050e-01,5.507420931728421e-01,14553,24877,2.547054572588796e+00,-2.991209823201504e-01,0.000000000000000e+00,1.856695497988599e+00,9.731153629926658e-01,5.593270397389779e-03,0.000000000000000e+00,1.312183391828093e+00,5.066145382738392e+00,1,7.300000190734863e-01,5.200999975204468e-01,7.300000190734863e-01,5.000000000000000e-01
7.180454940002053e-01,5.518563358851004e-01,14558,24882,2.555992506546495e+00,-3.040611492752002e-01,0.000000000000000e+00,1.856597517753611e+00,9.731901701622983e-01,5.504526484454249e-03,0.000000000000000e+00,1.312146881070379e+00,5.066090433764287e+00,1,7.302500009536743e-01,5.200999975204468e-01,7.302500009536743e-01,5.000000000000000e-01
7.181105564320055e-01,5.529705785973581e-01,14563,24887,2.564930440504190e+00,-3.090013162302479e-01,0.000000000000000e+00,1.856499537518623e+00,9.732649773319307e-01,5.415782571518757e-03,0.000000000000000e+00,1.312110370312665e+00,5.066035484790183e+00,1,7.304999828338623e-01,5.200999975204468e-01,7.304999828338623e-01,5.000000000000000e-01
7.181756343770225e-01,5.540850869850350e-01,14568,24892,2.573870505585854e+00,-3.139426610982515e-01,0.000000000000000e+00,1.856401533921634e+00,9.733398023382752e-01,5.327017498852077e-03,0.000000000000000e+00,1.312073850849478e+00,5.065980522714273e+00,1,7.307500243186951e-01,5.200999975204468e-01,7.307500243186951e-01,5.000000000000000e-01
7.182406968088227e-01,5.551993296972925e-01,14573,24897,2.582808439543546e+00,-3.188828280532970e-01,0.000000000000000e+00,1.856303553686646e+00,9.734146095079077e-01,5.238273585916625e-03,0.000000000000000e+00,1.312037340091765e+00,5.065925573740171e+00,1,7.310000061988831e-01,5.200999975204468e-01,7.310000061988831e-01,5.000000000000000e-01
7.183057592406229e-01,5.563135724095497e-01,14578,24902,2.591746373501238e+00,-3.238229950083426e-01,0.000000000000000e+00,1.856205573451658e+00,9.734894166775403e-01,5.149529672981173e-03,0.000000000000000e+00,1.312000829334051e+00,5.065870624766068e+00,1,7.312499880790710e-01,5.200999975204468e-01,7.312499880790710e-01,5.000000000000000e-01
7.183708371856399e-01,5.574280807972269e-01,14583,24907,2.600686438582901e+00,-3.287643398763460e-01,0.000000000000000e+00,1.856107569854669e+00,9.735642416838846e-01,5.060764600314494e-03,0.000000000000000e+00,1.311964309870864e+00,5.065815662690158e+00,1,7.315000295639038e-01,5.200999975204468e-01,7.315000295639038e-01,5.000000000000000e-01
7.184358996174401e-01,5.585423235094839e-01,14588,24912,2.609624372540589e+00,-3.337045068313894e-01,0.000000000000000e+00,1.856009589619681e+00,9.736390488535169e-01,4.972020687379080e-03,0.000000000000000e+00,1.311927799113150e+00,5.065760713716053e+00,1,7.317500114440918e-01,5.200999975204468e-01,7.317500114440918e-01,5.000000000000000e-01
7.185009620492403e-01,5.596565662217410e-01,14593,24917,2.618562306498281e+00,-3.386446737864349e-01,0.000000000000000e+00,1.855911609384694e+00,9.737138560231495e-01,4.883276774443630e-03,0.000000000000000e+00,1.311891288355437e+00,5.065705764741949e+00,1,7.319999933242798e-01,5.200999975204468e-01,7.319999933242798e-01,5.000000000000000e-01
7.185660244810406e-01,5.607708089339984e-01,14598,24922,2.627500240455972e+00,-3.435848407414804e-01,0.000000000000000e+00,1.855813629149706e+00,9.737886631927822e-01,4.794532861508178e-03,0.000000000000000e+00,1.311854777597724e+00,5.065650815767848e+00,1,7.322499752044678e-01,5.200999975204468e-01,7.322499752044678e-01,5.000000000000000e-01
7.186311024260574e-01,5.618853173216763e-01,14603,24927,2.636440305537644e+00,-3.485261856094883e-01,0.000000000000000e+00,1.855715625552716e+00,9.738634881991264e-01,4.705767788841419e-03,0.000000000000000e+00,1.311818258134536e+00,5.065595853691936e+00,1,7.325000166893005e-01,5.200999975204468e-01,7.325000166893005e-01,5.000000000000000e-01
7.186961648578578e-01,5.629995600339333e-01,14608,24932,2.645378239495332e+00,-3.534663525645316e-01,0.000000000000000e+00,1.855617645317729e+00,9.739382953687590e-01,4.617023875906007e-03,0.000000000000000e+00,1.311781747376823e+00,5.065540904717833e+00,1,7.327499985694885e-01,5.200999975204468e-01,7.327499985694885e-01,5.000000000000000e-01
7.187612272896579e-01,5.641138027461869e-01,14613,24937,2.654316173453003e+00,-3.584065195195744e-01,0.000000000000000e+00,1.855519665082741e+00,9.740131025383912e-01,4.528279962970528e-03,0.000000000000000e+00,1.311745236619109e+00,5.065485955743728e+00,1,7.329999804496765e-01,5.200999975204468e-01,7.329999804496765e-01,5.000000000000000e-01
7.188263052346749e-01,5.652283111338691e-01,14618,24942,2.663256238534699e+00,-3.633478643875872e-01,0.000000000000000e+00,1.855421661485752e+00,9.740879275447358e-01,4.439514890303756e-03,0.000000000000000e+00,1.311708717155922e+00,5.065430993667821e+00,1,7.332500219345093e-01,5.200999975204468e-01,7.332500219345093e-01,5.000000000000000e-01
7.188913676664753e-01,5.663425538461295e-01,14623,24947,2.672194172492405e+00,-3.682880313426333e-01,0.000000000000000e+00,1.855323681250764e+00,9.741627347143684e-01,4.350770977368368e-03,0.000000000000000e+00,1.311672206398208e+00,5.065376044693716e+00,1,7.335000038146973e-01,5.200999975204468e-01,7.335000038146973e-01,5.000000000000000e-01
7.189564300982755e-01,5.674567965583869e-01,14628,24952,2.681132106450097e+00,-3.732281982976788e-01,0.000000000000000e+00,1.855225701015777e+00,9.742375418840009e-01,4.262027064432917e-03,0.000000000000000e+00,1.311635695640495e+00,5.065321095719613e+00,1,7.337499856948853e-01,5.200999975204468e-01,7.337499856948853e-01,5.000000000000000e-01
7.190215080432925e-01,5.685713049460612e-01,14633,24957,2.690072171531750e+00,-3.781695431656841e-01,0.000000000000000e+00,1.855127697418787e+00,9.743123668903454e-01,4.173261991766134e-03,0.000000000000000e+00,1.311599176177308e+00,5.065266133643703e+00,1,7.340000271797180e-01,5.200999975204468e-01,7.340000271797180e-01,5.000000000000000e-01
7.190865704750926e-01,5.696855476583182e-01,14638,24962,2.699010105489437e+00,-3.831097101207273e-01,0.000000000000000e+00,1.855029717183799e+00,9.743871740599777e-01,4.084518078830722e-03,0.000000000000000e+00,1.311562665419594e+00,5.065211184669599e+00,1,7.342500090599060e-01,5.200999975204468e-01,7.342500090599060e-01,5.000000000000000e-01
7.191516329068928e-01,5.707997903705750e-01,14643,24967,2.707948039447125e+00,-3.880498770757707e-01,0.000000000000000e+00,1.854931736948812e+00,9.744619812296103e-01,3.995774165895309e-03,0.000000000000000e+00,1.311526154661881e+00,5.065156235695497e+00,1,7.344999909400940e-01,5.200999975204468e-01,7.344999909400940e-01,5.000000000000000e-01
7.192166953386928e-01,5.719140330828324e-01,14648,24972,2.716885973404816e+00,-3.929900440308161e-01,0.000000000000000e+00,1.854833756713824e+00,9.745367883992426e-01,3.907030252959858e-03,0.000000000000000e+00,1.311489643904167e+00,5.065101286721392e+00,1,7.347499728202820e-01,5.200999975204468e-01,7.347499728202820e-01,5.000000000000000e-01
7.192817732837102e-01,5.730285414705109e-01,14653,24977,2.725826038486492e+00,-3.979313888988262e-01,0.000000000000000e+00,1.854735753116834e+00,9.746116134055871e-01,3.818265180293059e-03,0.000000000000000e+00,1.311453124440980e+00,5.065046324645483e+00,1,7.350000143051147e-01,5.200999975204468e-01,7.350000143051147e-01,5.000000000000000e-01
7.193468357155103e-01,5.741427841827682e-01,14658,24982,2.734763972444183e+00,-4.028715558538718e-01,0.000000000000000e+00,1.854637772881847e+00,9.746864205752195e-01,3.729521267357607e-03,0.000000000000000e+00,1.311416613683266e+00,5.064991375671378e+00,1,7.352499961853027e-01,5.200999975204468e-01,7.352499961853027e-01,5.000000000000000e-01
7.194118981473103e-01,5.752570268950246e-01,14663,24987,2.743701906401867e+00,-4.078117228089130e-01,0.000000000000000e+00,1.854539792646859e+00,9.747612277448521e-01,3.640777354422234e-03,0.000000000000000e+00,1.311380102925553e+00,5.064936426697275e+00,1,7.354999780654907e-01,5.200999975204468e-01,7.354999780654907e-01,5.000000000000000e-01
7.194769760923276e-01,5.763715352827021e-01,14668,24992,2.752641971483535e+00,-4.127530676769186e-01,0.000000000000000e+00,1.854441789049870e+00,9.748360527511963e-01,3.552012281755515e-03,0.000000000000000e+00,1.311343583462365e+00,5.064881464621365e+00,1,7.357500195503235e-01,5.200999975204468e-01,7.357500195503235e-01,5.000000000000000e-01
7.195420385241276e-01,5.774857779949598e-01,14673,24997,2.761579905441230e+00,-4.176932346319663e-01,0.000000000000000e+00,1.854343808814882e+00,9.749108599208289e-01,3.463268368820023e-03,0.000000000000000e+00,1.311307072704652e+00,5.064826515647261e+00,1,7.360000014305115e-01,5.200999975204468e-01,7.360000014305115e-01,5.000000000000000e-01
7.196071009559278e-01,5.786000207072173e-01,14678,25002,2.770517839398922e+00,-4.226334015870118e-01,0.000000000000000e+00,1.854245828579895e+00,9.749856670904613e-01,3.374524455884571e-03,0.000000000000000e+00,1.311270561946939e+00,5.064771566673159e+00,1,7.362499833106995e-01,5.200999975204468e-01,7.362499833106995e-01,5.000000000000000e-01
7.196721789009450e-01,5.797145290948953e-01,14683,25007,2.779457904480594e+00,-4.275747464550197e-01,0.000000000000000e+00,1.854147824982905e+00,9.750604920968058e-01,3.285759383217813e-03,0.000000000000000e+00,1.311234042483751e+00,5.064716604597248e+00,1,7.365000247955322e-01,5.200999975204468e-01,7.365000247955322e-01,5.000000000000000e-01
7.197372413327452e-01,5.808287718071521e-01,14688,25012,2.788395838438281e+00,-4.325149134100630e-01,0.000000000000000e+00,1.854049844747917e+00,9.751352992664383e-01,3.197015470282401e-03,0.000000000000000e+00,1.311197531726038e+00,5.064661655623145e+00,1,7.367500066757202e-01,5.200999975204468e-01,7.367500066757202e-01,5.000000000000000e-01
7.198023037645453e-01,5.819430145194090e-01,14693,25017,2.797333772395969e+00,-4.374550803651064e-01,0.000000000000000e+00,1.853951864512930e+00,9.752101064360708e-01,3.108271557346989e-03,0.000000000000000e+00,1.311161020968324e+00,5.064606706649041e+00,1,7.369999885559082e-01,5.200999975204468e-01,7.369999885559082e-01,5.000000000000000e-01
7.198673661963454e-01,5.830572572316662e-01,14698,25022,2.806271706353660e+00,-4.423952473201519e-01,0.000000000000000e+00,1.853853884277942e+00,9.752849136057034e-01,3.019527644411536e-03,0.000000000000000e+00,1.311124510210611e+00,5.064551757674938e+00,1,7.372499704360962e-01,5.200999975204468e-01,7.372499704360962e-01,5.000000000000000e-01
7.199324441413626e-01,5.841717656193444e-01,14703,25027,2.815211771435332e+00,-4.473365921881598e-01,0.000000000000000e+00,1.853755880680953e+00,9.753597386120476e-01,2.930762571744777e-03,0.000000000000000e+00,1.311087990747423e+00,5.064496795599028e+00,1,7.375000119209290e-01,5.200999975204468e-01,7.375000119209290e-01,5.000000000000000e-01
7.199975065731627e-01,5.852860083316022e-01,14708,25032,2.824149705393028e+00,-4.522767591432075e-01,0.000000000000000e+00,1.853657900445965e+00,9.754345457816802e-01,2.842018658809286e-03,0.000000000000000e+00,1.311051479989710e+00,5.064441846624923e+00,1,7.377499938011169e-01,5.200999975204468e-01,7.377499938011169e-01,5.000000000000000e-01
7.200625690049629e-01,5.864002510438595e-01,14713,25037,2.833087639350720e+00,-4.572169260982532e-01,0.000000000000000e+00,1.853559920210977e+00,9.755093529513127e-01,2.753274745873834e-03,0.000000000000000e+00,1.311014969231997e+00,5.064386897650820e+00,1,7.379999756813049e-01,5.200999975204468e-01,7.379999756813049e-01,5.000000000000000e-01
7.201276469499802e-01,5.875147594315397e-01,14718,25042,2.842027704432402e+00,-4.621582709662593e-01,0.000000000000000e+00,1.853461916613988e+00,9.755841779576573e-01,2.664509673207172e-03,0.000000000000000e+00,1.310978449768809e+00,5.064331935574911e+00,1,7.382500171661377e-01,5.200999975204468e-01,7.382500171661377e-01,5.000000000000000e-01
7.201927093817801e-01,5.886290021437939e-01,14723,25047,2.850965638390075e+00,-4.670984379213021e-01,0.000000000000000e+00,1.853363936379000e+00,9.756589851272897e-01,2.575765760271703e-03,0.000000000000000e+00,1.310941939011096e+00,5.064276986600808e+00,1,7.384999990463257e-01,5.200999975204468e-01,7.384999990463257e-01,5.000000000000000e-01
7.202577718135804e-01,5.897432448560511e-01,14728,25052,2.859903572347766e+00,-4.720386048763476e-01,0.000000000000000e+00,1.853265956144013e+00,9.757337922969221e-01,2.487021847336251e-03,0.000000000000000e+00,1.310905428253382e+00,5.064222037626704e+00,1,7.387499809265137e-01,5.200999975204468e-01,7.387499809265137e-01,5.000000000000000e-01
7.203228497585975e-01,5.908577532437287e-01,14733,25057,2.868843637429434e+00,-4.769799497443533e-01,0.000000000000000e+00,1.853167952547023e+00,9.758086173032663e-01,2.398256774669531e-03,0.000000000000000e+00,1.310868908790195e+00,5.064167075550794e+00,1,7.390000224113464e-01,5.200999975204468e-01,7.390000224113464e-01,5.000000000000000e-01
7.203879121903978e-01,5.919719959559866e-01,14738,25062,2.877781571387130e+00,-4.819201166994010e-01,0.000000000000000e+00,1.853069972312035e+00,9.758834244728990e-01,2.309512861734041e-03,0.000000000000000e+00,1.310832398032481e+00,5.064112126576690e+00,1,7.392500042915344e-01,5.200999975204468e-01,7.392500042915344e-01,5.000000000000000e-01
7.204529746221979e-01,5.930862386682438e-01,14743,25067,2.886719505344821e+00,-4.868602836544466e-01,0.000000000000000e+00,1.852971992077048e+00,9.759582316425315e-01,2.220768948798589e-03,0.000000000000000e+00,1.310795887274768e+00,5.064057177602587e+00,1,7.394999861717224e-01,5.200999975204468e-01,7.394999861717224e-01,5.000000000000000e-01
7.205180525672150e-01,5.942007470559210e-01,14748,25072,2.895659570426485e+00,-4.918016285224501e-01,0.000000000000000e+00,1.852873988480058e+00,9.760330566488757e-01,2.132003876131909e-03,0.000000000000000e+00,1.310759367811581e+00,5.064002215526676e+00,1,7.397500276565552e-01,5.200999975204468e-01,7.397500276565552e-01,5.000000000000000e-01
7.205831149990152e-01,5.953149897681782e-01,14753,25078,2.904597504384177e+00,-4.967417954774956e-01,0.000000000000000e+00,1.852776008245071e+00,9.761078638185083e-01,2.043259963196457e-03,0.000000000000000e+00,1.310722857053867e+00,5.063947266552574e+00,1,7.400000095367432e-01,5.200999975204468e-01,7.400000095367432e-01,5.000000000000000e-01
7.206620478328195e-01,5.962316717264742e-01,14758,25083,2.912341799505290e+00,-5.020406774001590e-01,0.000000000000000e+00,1.852625633679528e+00,9.761975703721760e-01,1.928914392264448e-03,0.000000000000000e+00,1.310677423255008e+00,5.063876350316470e+00,1,7.402499914169312e-01,5.200999975204468e-01,7.402499914169312e-01,5.000000000000000e-01
7.207409801374921e-01,5.971483612213739e-01,14763,25088,2.920086140161677e+00,-5.073395456384647e-01,0.000000000000000e+00,1.852475261112739e+00,9.762872763574576e-01,1.814569797991669e-03,0.000000000000000e+00,1.310631989796547e+00,5.063805434689487e+00,1,7.404999732971191e-01,5.200999975204468e-01,7.404999732971191e-01,5.000000000000000e-01
7.208199312624567e-01,5.980652692879221e-01,14768,25093,2.927832327346592e+00,-5.126396773169777e-01,0.000000000000000e+00,1.852324852691738e+00,9.763770037318631e-01,1.700197939867182e-03,0.000000000000000e+00,1.310586545505121e+00,5.063734502153681e+00,1,7.407500147819519e-01,5.200999975204468e-01,7.407500147819519e-01,5.000000000000000e-01
7.208988635671290e-01,5.989819587828209e-01,14773,25098,2.935576668002973e+00,-5.179385455552787e-01,0.000000000000000e+00,1.852174480124949e+00,9.764667097171449e-01,1.585853345594504e-03,0.000000000000000e+00,1.310541112046660e+00,5.063663586526699e+00,1,7.409999966621399e-01,5.200999975204468e-01,7.409999966621399e-01,5.000000000000000e-01
7.209777958718016e-01,5.998986482777204e-01,14778,25103,2.943321008659357e+00,-5.232374137935824e-01,0.000000000000000e+00,1.852024107558160e+00,9.765564157024267e-01,1.471508751321775e-03,0.000000000000000e+00,1.310495678588200e+00,5.063592670899720e+00,1,7.412499785423279e-01,5.200999975204468e-01,7.412499785423279e-01,5.000000000000000e-01
7.210567469967660e-01,6.008155563442684e-01,14783,25108,2.951067195844272e+00,-5.285375454720952e-01,0.000000000000000e+00,1.851873699137159e+00,9.766461430768323e-01,1.357136893197288e-03,0.000000000000000e+00,1.310450234296774e+00,5.063521738363910e+00,1,7.415000200271606e-01,5.200999975204468e-01,7.415000200271606e-01,5.000000000000000e-01
7.211356793014386e-01,6.017322458391708e-01,14788,25113,2.958811536500675e+00,-5.338364137104014e-01,0.000000000000000e+00,1.851723326570370e+00,9.767358490621140e-01,1.242792298924583e-03,0.000000000000000e+00,1.310404800838313e+00,5.063450822736930e+00,1,7.417500019073486e-01,5.200999975204468e-01,7.417500019073486e-01,5.000000000000000e-01
7.212146116061111e-01,6.026489353340707e-01,14793,25118,2.966555877157062e+00,-5.391352819487072e-01,0.000000000000000e+00,1.851572954003581e+00,9.768255550473958e-01,1.128447704651803e-03,0.000000000000000e+00,1.310359367379853e+00,5.063379907109949e+00,1,7.419999837875366e-01,5.200999975204468e-01,7.419999837875366e-01,5.000000000000000e-01
7.212935627310757e-01,6.035658434006186e-01,14798,25123,2.974302064341977e+00,-5.444354136272200e-01,0.000000000000000e+00,1.851422545582579e+00,9.769152824218011e-01,1.014075846527316e-03,0.000000000000000e+00,1.310313923088426e+00,5.063308974574140e+00,1,7.422500252723694e-01,5.200999975204468e-01,7.422500252723694e-01,5.000000000000000e-01
7.213724950357479e-01,6.044825328955146e-01,14803,25128,2.982046404998339e+00,-5.497342818655185e-01,0.000000000000000e+00,1.851272173015790e+00,9.770049884070828e-01,8.997312522546147e-04,0.000000000000000e+00,1.310268489629966e+00,5.063238058947159e+00,1,7.425000071525574e-01,5.200999975204468e-01,7.425000071525574e-01,5.000000000000000e-01
7.214514273404206e-01,6.053992223904139e-01,14808,25133,2.989790745654724e+00,-5.550331501038221e-01,0.000000000000000e+00,1.851121800449002e+00,9.770946943923647e-01,7.853866579818861e-04,0.000000000000000e+00,1.310223056171505e+00,5.063167143320179e+00,1,7.427499890327454e-01,5.200999975204468e-01,7.427499890327454e-01,5.000000000000000e-01
7.215303596450929e-01,6.063159118853132e-01,14813,25138,2.997535086311107e+00,-5.603320183421255e-01,0.000000000000000e+00,1.850971427882213e+00,9.771844003776462e-01,6.710420637091568e-04,0.000000000000000e+00,1.310177622713044e+00,5.063096227693198e+00,1,7.429999709129333e-01,5.200999975204468e-01,7.429999709129333e-01,5.000000000000000e-01
7.216093107700574e-01,6.072328199518613e-01,14818,25143,3.005281273496022e+00,-5.656321500206385e-01,0.000000000000000e+00,1.850821019461211e+00,9.772741277520517e-01,5.566702055846704e-04,0.000000000000000e+00,1.310132178421618e+00,5.063025295157390e+00,1,7.432500123977661e-01,5.200999975204468e-01,7.432500123977661e-01,5.000000000000000e-01
7.216882430747298e-01,6.081495094467610e-01,14823,25148,3.013025614152411e+00,-5.709310182589442e-01,0.000000000000000e+00,1.850670646894422e+00,9.773638337373335e-01,4.423256113118907e-04,0.000000000000000e+00,1.310086744963157e+00,5.062954379530409e+00,1,7.434999942779541e-01,5.200999975204468e-01,7.434999942779541e-01,5.000000000000000e-01
7.217671753794024e-01,6.090661989416597e-01,14828,25153,3.020769954808789e+00,-5.762298864972430e-01,0.000000000000000e+00,1.850520274327633e+00,9.774535397226153e-01,3.279810170392634e-04,0.000000000000000e+00,1.310041311504697e+00,5.062883463903430e+00,1,7.437499761581421e-01,5.200999975204468e-01,7.437499761581421e-01,5.000000000000000e-01
7.218461265043667e-01,6.099831070082082e-01,14833,25158,3.028516141993706e+00,-5.815300181757583e-01,0.000000000000000e+00,1.850369865906632e+00,9.775432670970209e-01,2.136091589147256e-04,0.000000000000000e+00,1.309995867213271e+00,5.062812531367619e+00,1,7.440000176429749e-01,5.200999975204468e-01,7.440000176429749e-01,5.000000000000000e-01
7.219250588090395e-01,6.108997965031109e-01,14838,25163,3.036260482650112e+00,-5.868288864140667e-01,0.000000000000000e+00,1.850219493339843e+00,9.776329730823027e-01,9.926456464196616e-05,0.000000000000000e+00,1.309950433754810e+00,5.062741615740640e+00,1,7.442499995231628e-01,5.200999975204468e-01,7.442499995231628e-01,5.000000000000000e-01
7.220039911137119e-01,6.118164859980102e-01,14843,25168,3.044004823306497e+00,-5.921277546523702e-01,0.000000000000000e+00,1.850069120773054e+00,9.777226790675844e-01,-1.508002963076334e-05,0.000000000000000e+00,1.309905000296350e+00,5.062670700113658e+00,1,7.444999814033508e-01,5.200999975204468e-01,7.444999814033508e-01,5.000000000000000e-01
7.220829422386763e-01,6.127333940645554e-01,14848,25173,3.051751010491393e+00,-5.974278863308804e-01,0.000000000000000e+00,1.849918712352053e+00,9.778124064419897e-01,-1.294518877552697e-04,0.000000000000000e+00,1.309859556004923e+00,5.062599767577849e+00,1,7.447500228881836e-01,5.200999975204468e-01,7.447500228881836e-01,5.000000000000000e-01
7.221618745433489e-01,6.136500835594543e-01,14853,25178,3.059495351147774e+00,-6.027267545691817e-01,0.000000000000000e+00,1.849768339785264e+00,9.779021124272715e-01,-2.437964820279478e-04,0.000000000000000e+00,1.309814122546463e+00,5.062528851950869e+00,1,7.450000047683716e-01,5.200999975204468e-01,7.450000047683716e-01,5.000000000000000e-01
7.222408068480214e-01,6.145667730543536e-01,14858,25183,3.067239691804158e+00,-6.080256228074851e-01,0.000000000000000e+00,1.849617967218475e+00,9.779918184125533e-01,-3.581410763006768e-04,0.000000000000000e+00,1.309768689088002e+00,5.062457936323889e+00,1,7.452499866485596e-01,5.200999975204468e-01,7.452499866485596e-01,5.000000000000000e-01
7.223197579729858e-01,6.154836811209017e-01,14863,25188,3.074985878989072e+00,-6.133257544859980e-01,0.000000000000000e+00,1.849467558797474e+00,9.780815457869587e-01,-4.725129344251639e-04,0.000000000000000e+00,1.309723244796576e+00,5.062387003788079e+00,1,7.455000281333923e-01,5.200999975204468e-01,7.455000281333923e-01,5.000000000000000e-01
7.223986902776582e-01,6.164003706158012e-01,14868,25193,3.082730219645457e+00,-6.186246227243014e-01,0.000000000000000e+00,1.849317186230685e+00,9.781712517722405e-01,-5.868575286978921e-04,0.000000000000000e+00,1.309677811338116e+00,5.062316088161099e+00,1,7.457500100135803e-01,5.200999975204468e-01,7.457500100135803e-01,5.000000000000000e-01
7.224776225823307e-01,6.173170601107005e-01,14873,25198,3.090474560301841e+00,-6.239234909626050e-01,0.000000000000000e+00,1.849166813663895e+00,9.782609577575223e-01,-7.012021229706212e-04,0.000000000000000e+00,1.309632377879655e+00,5.062245172534119e+00,1,7.459999918937683e-01,5.200999975204468e-01,7.459999918937683e-01,5.000000000000000e-01
7.225565548870031e-01,6.182337496055966e-01,14878,25203,3.098218900958204e+00,-6.292223592009036e-01,0.000000000000000e+00,1.849016441097107e+00,9.783506637428037e-01,-8.155467172433165e-04,0.000000000000000e+00,1.309586944421194e+00,5.062174256907138e+00,1,7.462499737739563e-01,5.200999975204468e-01,7.462499737739563e-01,5.000000000000000e-01
7.226355060119676e-01,6.191506576721448e-01,14883,25208,3.105965088143119e+00,-6.345224908794165e-01,0.000000000000000e+00,1.848866032676105e+00,9.784403911172093e-01,-9.299185753678031e-04,0.000000000000000e+00,1.309541500129768e+00,5.062103324371329e+00,1,7.465000152587891e-01,5.200999975204468e-01,7.465000152587891e-01,5.000000000000000e-01
7.227144383166400e-01,6.200673471670441e-01,14888,25213,3.113709428799503e+00,-6.398213591177200e-01,0.000000000000000e+00,1.848715660109316e+00,9.785300971024911e-01,-1.044263169640531e-03,0.000000000000000e+00,1.309496066671307e+00,5.062032408744349e+00,1,7.467499971389771e-01,5.200999975204468e-01,7.467499971389771e-01,5.000000000000000e-01
7.227933706213125e-01,6.209840366619466e-01,14893,25218,3.121453769455909e+00,-6.451202273560283e-01,0.000000000000000e+00,1.848565287542528e+00,9.786198030877729e-01,-1.158607763913294e-03,0.000000000000000e+00,1.309450633212847e+00,5.061961493117368e+00,1,7.469999790191650e-01,5.200999975204468e-01,7.469999790191650e-01,5.000000000000000e-01
7.228723217462771e-01,6.219009447284948e-01,14898,25223,3.129199956640823e+00,-6.504203590345412e-01,0.000000000000000e+00,1.848414879121526e+00,9.787095304621785e-01,-1.272979622037782e-03,0.000000000000000e+00,1.309405188921421e+00,5.061890560581560e+00,1,7.472500205039978e-01,5.200999975204468e-01,7.472500205039978e-01,5.000000000000000e-01
7.229512540509496e-01,6.228176342233942e-01,14903,25228,3.136944297297208e+00,-6.557192272728447e-01,0.000000000000000e+00,1.848264506554737e+00,9.787992364474603e-01,-1.387324216310510e-03,0.000000000000000e+00,1.309359755462960e+00,5.061819644954579e+00,1,7.475000023841858e-01,5.200999975204468e-01,7.475000023841858e-01,5.000000000000000e-01
7.230301863556221e-01,6.237343237182934e-01,14908,25233,3.144688637953592e+00,-6.610180955111482e-01,0.000000000000000e+00,1.848114133987948e+00,9.788889424327418e-01,-1.501668810583239e-03,0.000000000000000e+00,1.309314322004499e+00,5.061748729327599e+00,1,7.477499842643738e-01,5.200999975204468e-01,7.477499842643738e-01,5.000000000000000e-01
7.231091374805867e-01,6.246512317848414e-01,14913,25238,3.152434825138507e+00,-6.663182271896612e-01,0.000000000000000e+00,1.847963725566947e+00,9.789786698071474e-01,-1.616040668707726e-03,0.000000000000000e+00,1.309268877713073e+00,5.061677796791789e+00,1,7.480000257492065e-01,5.200999975204468e-01,7.480000257492065e-01,5.000000000000000e-01
7.231880697852591e-01,6.255679212797409e-01,14918,25243,3.160179165794891e+00,-6.716170954279645e-01,0.000000000000000e+00,1.847813353000158e+00,9.790683757924290e-01,-1.730385262980455e-03,0.000000000000000e+00,1.309223444254612e+00,5.061606881164810e+00,1,7.482500076293945e-01,5.200999975204468e-01,7.482500076293945e-01,5.000000000000000e-01
7.232670020899314e-01,6.264846107746402e-01,14923,25248,3.167923506451276e+00,-6.769159636662683e-01,0.000000000000000e+00,1.847662980433369e+00,9.791580817777110e-01,-1.844729857253184e-03,0.000000000000000e+00,1.309178010796152e+00,5.061535965537829e+00,1,7.484999895095825e-01,5.200999975204468e-01,7.484999895095825e-01,5.000000000000000e-01
7.233459343946040e-01,6.274013002695367e-01,14928,25253,3.175667847107638e+00,-6.822148319045668e-01,0.000000000000000e+00,1.847512607866580e+00,9.792477877629925e-01,-1.959074451525876e-03,0.000000000000000e+00,1.309132577337692e+00,5.061465049910849e+00,1,7.487499713897705e-01,5.200999975204468e-01,7.487499713897705e-01,5.000000000000000e-01
7.234248855195684e-01,6.283182083360876e-01,14933,25258,3.183414034292575e+00,-6.875149635830844e-01,0.000000000000000e+00,1.847362199445578e+00,9.793375151373980e-01,-2.073446309650399e-03,0.000000000000000e+00,1.309087133046265e+00,5.061394117375039e+00,1,7.490000128746033e-01,5.200999975204468e-01,7.490000128746033e-01,5.000000000000000e-01
7.235038178242411e-01,6.292348978309870e-01,14938,25263,3.191158374948959e+00,-6.928138318213881e-01,0.000000000000000e+00,1.847211826878790e+00,9.794272211226800e-01,-2.187790903923128e-03,0.000000000000000e+00,1.309041699587805e+00,5.061323201748059e+00,1,7.492499947547913e-01,5.200999975204468e-01,7.492499947547913e-01,5.000000000000000e-01
7.235827501289134e-01,6.301515873258867e-01,14943,25268,3.198902715605347e+00,-6.981127000596938e-01,0.000000000000000e+00,1.847061454312001e+00,9.795169271079616e-01,-2.302135498195908e-03,0.000000000000000e+00,1.308996266129344e+00,5.061252286121078e+00,1,7.494999766349792e-01,5.200999975204468e-01,7.494999766349792e-01,5.000000000000000e-01
7.236617012538780e-01,6.310684953924345e-01,14948,25273,3.206648902790258e+00,-7.034128317382045e-01,0.000000000000000e+00,1.846911045890999e+00,9.796066544823672e-01,-2.416507356320344e-03,0.000000000000000e+00,1.308950821837918e+00,5.061181353585269e+00,1,7.497500181198120e-01,5.200999975204468e-01,7.497500181198120e-01,5.000000000000000e-01
7.237406335585505e-01,6.319851848873338e-01,14953,25279,3.214393243446642e+00,-7.087116999765078e-01,0.000000000000000e+00,1.846760673324210e+00,9.796963604676489e-01,-2.530851950593073e-03,0.000000000000000e+00,1.308905388379457e+00,5.061110437958289e+00,1,7.500000000000000e-01,5.200999975204468e-01,7.500000000000000e-01,5.000000000000000e-01
7.238347811699708e-01,6.325021709906009e-01,14958,25284,3.218732585232433e+00,-7.127861869467045e-01,0.000000000000000e+00,1.846556715724457e+00,9.798021616393784e-01,-2.679742530920114e-03,0.000000000000000e+00,1.308850610286303e+00,5.061023709234235e+00,1,7.502499818801880e-01,5.200999975204468e-01,7.502499818801880e-01,5.000000000000000e-01
7.239289512295582e-01,6.330192803618999e-01,14963,25289,3.223072961672957e+00,-7.168616454207170e-01,0.000000000000000e+00,1.846352709493897e+00,9.799079880379017e-01,-2.828668612100846e-03,0.000000000000000e+00,1.308795819132087e+00,5.060936959830941e+00,1,7.505000233650208e-01,5.200999975204468e-01,7.505000233650208e-01,5.000000000000000e-01
7.240230988409785e-01,6.335362664651695e-01,14968,25294,3.227412303458767e+00,-7.209361323909164e-01,0.000000000000000e+00,1.846148751894144e+00,9.800137892096313e-01,-2.977559192427860e-03,0.000000000000000e+00,1.308741041038933e+00,5.060850231106887e+00,1,7.507500052452087e-01,5.200999975204468e-01,7.507500052452087e-01,5.000000000000000e-01
7.241172464523988e-01,6.340532525684390e-01,14973,25299,3.231751645244576e+00,-7.250106193611162e-01,0.000000000000000e+00,1.845944794294389e+00,9.801195903813609e-01,-3.126449772754874e-03,0.000000000000000e+00,1.308686262945778e+00,5.060763502382832e+00,1,7.509999871253967e-01,5.200999975204468e-01,7.509999871253967e-01,5.000000000000000e-01
7.242114165119861e-01,6.345703619397322e-01,14978,25304,3.236092021685057e+00,-7.290860778351173e-01,0.000000000000000e+00,1.845740788063830e+00,9.802254167798840e-01,-3.275375853935461e-03,0.000000000000000e+00,1.308631471791562e+00,5.060676752979539e+00,1,7.512500286102295e-01,5.200999975204468e-01,7.512500286102295e-01,5.000000000000000e-01
7.243055641234066e-01,6.350873480430043e-01,14983,25309,3.240431363470884e+00,-7.331605648053181e-01,0.000000000000000e+00,1.845536830464077e+00,9.803312179516138e-01,-3.424266434262383e-03,0.000000000000000e+00,1.308576693698408e+00,5.060590024255487e+00,1,7.515000104904175e-01,5.200999975204468e-01,7.515000104904175e-01,5.000000000000000e-01
7.243997117348271e-01,6.356043341462742e-01,14988,25314,3.244770705256695e+00,-7.372350517755195e-01,0.000000000000000e+00,1.845332872864323e+00,9.804370191233436e-01,-3.573157014589464e-03,0.000000000000000e+00,1.308521915605254e+00,5.060503295531430e+00,1,7.517499923706055e-01,5.200999975204468e-01,7.517499923706055e-01,5.000000000000000e-01
7.244938593462473e-01,6.361213202495437e-01,14993,25319,3.249110047042503e+00,-7.413095387457174e-01,0.000000000000000e+00,1.845128915264569e+00,9.805428202950731e-01,-3.722047594916412e-03,0.000000000000000e+00,1.308467137512099e+00,5.060416566807376e+00,1,7.519999742507935e-01,5.200999975204468e-01,7.519999742507935e-01,5.000000000000000e-01
7.245880294058348e-01,6.366384296208402e-01,14998,25324,3.253450423483010e+00,-7.453849972197284e-01,0.000000000000000e+00,1.844924909034009e+00,9.806486466935964e-01,-3.870973676097237e-03,0.000000000000000e+00,1.308412346357883e+00,5.060329817404082e+00,1,7.522500157356262e-01,5.200999975204468e-01,7.522500157356262e-01,5.000000000000000e-01
7.246821770172551e-01,6.371554157241099e-01,15003,25329,3.257789765268821e+00,-7.494594841899298e-01,0.000000000000000e+00,1.844720951434255e+00,9.807544478653261e-01,-4.019864256424317e-03,0.000000000000000e+00,1.308357568264729e+00,5.060243088680028e+00,1,7.524999976158142e-01,5.200999975204468e-01,7.524999976158142e-01,5.000000000000000e-01
7.247763246286756e-01,6.376724018273794e-01,15008,25334,3.262129107054629e+00,-7.535339711601279e-01,0.000000000000000e+00,1.844516993834502e+00,9.808602490370558e-01,-4.168754836751266e-03,0.000000000000000e+00,1.308302790171574e+00,5.060156359955974e+00,1,7.527499794960022e-01,5.200999975204468e-01,7.527499794960022e-01,5.000000000000000e-01
7.248704946882629e-01,6.381895111986757e-01,15013,25339,3.266469483495134e+00,-7.576094296341371e-01,0.000000000000000e+00,1.844312987603942e+00,9.809660754355788e-01,-4.317680917932025e-03,0.000000000000000e+00,1.308247999017358e+00,5.060069610552680e+00,1,7.530000209808350e-01,5.200999975204468e-01,7.530000209808350e-01,5.000000000000000e-01
7.249646422996830e-01,6.387064973019425e-01,15018,25344,3.270808825280921e+00,-7.616839166043305e-01,0.000000000000000e+00,1.844109030004188e+00,9.810718766073082e-01,-4.466571498258930e-03,0.000000000000000e+00,1.308193220924204e+00,5.059982881828626e+00,1,7.532500028610229e-01,5.200999975204468e-01,7.532500028610229e-01,5.000000000000000e-01
7.250587899111036e-01,6.392234834052124e-01,15023,25349,3.275148167066734e+00,-7.657584035745320e-01,0.000000000000000e+00,1.843905072404434e+00,9.811776777790381e-01,-4.615462078586010e-03,0.000000000000000e+00,1.308138442831050e+00,5.059896153104571e+00,1,7.534999847412109e-01,5.200999975204468e-01,7.534999847412109e-01,5.000000000000000e-01
7.251529599706908e-01,6.397405927765086e-01,15028,25354,3.279488543507237e+00,-7.698338620485397e-01,0.000000000000000e+00,1.843701066173875e+00,9.812835041775612e-01,-4.764388159766702e-03,0.000000000000000e+00,1.308083651676834e+00,5.059809403701277e+00,1,7.537500262260437e-01,5.200999975204468e-01,7.537500262260437e-01,5.000000000000000e-01
7.252471075821114e-01,6.402575788797804e-01,15033,25359,3.283827885293062e+00,-7.739083490187401e-01,0.000000000000000e+00,1.843497108574121e+00,9.813893053492910e-01,-4.913278740093628e-03,0.000000000000000e+00,1.308028873583680e+00,5.059722674977225e+00,1,7.540000081062317e-01,5.200999975204468e-01,7.540000081062317e-01,5.000000000000000e-01
7.253412551935321e-01,6.407745649830525e-01,15038,25364,3.288167227078892e+00,-7.779828359889441e-01,0.000000000000000e+00,1.843293150974368e+00,9.814951065210209e-01,-5.062169320420687e-03,0.000000000000000e+00,1.307974095490525e+00,5.059635946253170e+00,1,7.542499899864197e-01,5.200999975204468e-01,7.542499899864197e-01,5.000000000000000e-01
7.254354028049521e-01,6.412915510863194e-01,15043,25369,3.292506568864679e+00,-7.820573229591375e-01,0.000000000000000e+00,1.843089193374614e+00,9.816009076927503e-01,-5.211059900747591e-03,0.000000000000000e+00,1.307919317397371e+00,5.059549217529115e+00,1,7.544999718666077e-01,5.200999975204468e-01,7.544999718666077e-01,5.000000000000000e-01
7.255295728645395e-01,6.418086604576160e-01,15048,25374,3.296846945305187e+00,-7.861327814331487e-01,0.000000000000000e+00,1.842885187144054e+00,9.817067340912734e-01,-5.359985981928414e-03,0.000000000000000e+00,1.307864526243155e+00,5.059462468125822e+00,1,7.547500133514404e-01,5.200999975204468e-01,7.547500133514404e-01,5.000000000000000e-01
7.256237204759599e-01,6.423256465608860e-01,15053,25379,3.301186287090998e+00,-7.902072684033502e-01,0.000000000000000e+00,1.842681229544300e+00,9.818125352630032e-01,-5.508876562255495e-03,0.000000000000000e+00,1.307809748150000e+00,5.059375739401768e+00,1,7.549999952316284e-01,5.200999975204468e-01,7.549999952316284e-01,5.000000000000000e-01
7.257178680873804e-01,6.428426326641552e-01,15058,25384,3.305525628876806e+00,-7.942817553735479e-01,0.000000000000000e+00,1.842477271944547e+00,9.819183364347328e-01,-5.657767142582443e-03,0.000000000000000e+00,1.307754970056846e+00,5.059289010677713e+00,1,7.552499771118164e-01,5.200999975204468e-01,7.552499771118164e-01,5.000000000000000e-01
7.258120381469676e-01,6.433597420354518e-01,15063,25389,3.309866005317311e+00,-7.983572138475574e-01,0.000000000000000e+00,1.842273265713986e+00,9.820241628332561e-01,-5.806693223763202e-03,0.000000000000000e+00,1.307700178902630e+00,5.059202261274420e+00,1,7.555000185966492e-01,5.200999975204468e-01,7.555000185966492e-01,5.000000000000000e-01
7.259061857583879e-01,6.438767281387212e-01,15068,25394,3.314205347103119e+00,-8.024317008177553e-01,0.000000000000000e+00,1.842069308114233e+00,9.821299640049856e-01,-5.955583804090151e-03,0.000000000000000e+00,1.307645400809476e+00,5.059115532550365e+00,1,7.557500004768372e-01,5.200999975204468e-01,7.557500004768372e-01,5.000000000000000e-01
7.260003333698086e-01,6.443937142419932e-01,15073,25399,3.318544688888947e+00,-8.065061877879591e-01,0.000000000000000e+00,1.841865350514479e+00,9.822357651767154e-01,-6.104474384417211e-03,0.000000000000000e+00,1.307590622716321e+00,5.059028803826311e+00,1,7.559999823570251e-01,5.200999975204468e-01,7.559999823570251e-01,5.000000000000000e-01
7.260945034293955e-01,6.449108236132867e-01,15078,25404,3.322885065329429e+00,-8.105816462619604e-01,0.000000000000000e+00,1.841661344283920e+00,9.823415915752385e-01,-6.253400465597791e-03,0.000000000000000e+00,1.307535831562106e+00,5.058942054423018e+00,1,7.562500238418579e-01,5.200999975204468e-01,7.562500238418579e-01,5.000000000000000e-01
7.261886510408161e-01,6.454278097165567e-01,15083,25409,3.327224407115243e+00,-8.146561332321639e-01,0.000000000000000e+00,1.841457386684166e+00,9.824473927469680e-01,-6.402291045924937e-03,0.000000000000000e+00,1.307481053468951e+00,5.058855325698962e+00,1,7.565000057220459e-01,5.200999975204468e-01,7.565000057220459e-01,5.000000000000000e-01
7.262827986522365e-01,6.459447958198259e-01,15088,25414,3.331563748901049e+00,-8.187306202023599e-01,0.000000000000000e+00,1.841253429084412e+00,9.825531939186978e-01,-6.551181626251820e-03,0.000000000000000e+00,1.307426275375797e+00,5.058768596974909e+00,1,7.567499876022339e-01,5.200999975204468e-01,7.567499876022339e-01,5.000000000000000e-01
7.263769687118238e-01,6.464619051911225e-01,15093,25419,3.335904125341556e+00,-8.228060786763710e-01,0.000000000000000e+00,1.841049422853852e+00,9.826590203172211e-01,-6.700107707432644e-03,0.000000000000000e+00,1.307371484221580e+00,5.058681847571616e+00,1,7.570000290870667e-01,5.200999975204468e-01,7.570000290870667e-01,5.000000000000000e-01
7.264711163232442e-01,6.469788912943919e-01,15098,25424,3.340243467127364e+00,-8.268805656465690e-01,0.000000000000000e+00,1.840845465254099e+00,9.827648214889508e-01,-6.848998287759593e-03,0.000000000000000e+00,1.307316706128427e+00,5.058595118847562e+00,1,7.572500109672546e-01,5.200999975204468e-01,7.572500109672546e-01,5.000000000000000e-01
7.265652639346645e-01,6.474958773976613e-01,15103,25429,3.344582808913171e+00,-8.309550526167668e-01,0.000000000000000e+00,1.840641507654345e+00,9.828706226606803e-01,-6.997888868086541e-03,0.000000000000000e+00,1.307261928035272e+00,5.058508390123507e+00,1,7.574999928474426e-01,5.200999975204468e-01,7.574999928474426e-01,5.000000000000000e-01
7.266594115460852e-01,6.480128635009312e-01,15108,25434,3.348922150698982e+00,-8.350295395869682e-01,0.000000000000000e+00,1.840437550054591e+00,9.829764238324099e-01,-7.146779448413621e-03,0.000000000000000e+00,1.307207149942118e+00,5.058421661399452e+00,1,7.577499747276306e-01,5.200999975204468e-01,7.577499747276306e-01,5.000000000000000e-01
7.267535816056723e-01,6.485299728722274e-01,15113,25439,3.353262527139487e+00,-8.391049980609757e-01,0.000000000000000e+00,1.840233543824032e+00,9.830822502309333e-01,-7.295705529594314e-03,0.000000000000000e+00,1.307152358787902e+00,5.058334911996160e+00,1,7.580000162124634e-01,5.200999975204468e-01,7.580000162124634e-01,5.000000000000000e-01
7.268477292170927e-01,6.490469589754967e-01,15118,25444,3.357601868925294e+00,-8.431794850311737e-01,0.000000000000000e+00,1.840029586224278e+00,9.831880514026630e-01,-7.444596109921263e-03,0.000000000000000e+00,1.307097580694747e+00,5.058248183272105e+00,1,7.582499980926514e-01,5.200999975204468e-01,7.582499980926514e-01,5.000000000000000e-01
7.269418768285132e-01,6.495639450787667e-01,15123,25449,3.361941210711106e+00,-8.472539720013752e-01,0.000000000000000e+00,1.839825628624524e+00,9.832938525743925e-01,-7.593486690248344e-03,0.000000000000000e+00,1.307042802601593e+00,5.058161454548051e+00,1,7.584999799728394e-01,5.200999975204468e-01,7.584999799728394e-01,5.000000000000000e-01
7.270360468881003e-01,6.500810544500626e-01,15128,25454,3.366281587151606e+00,-8.513294304753809e-01,0.000000000000000e+00,1.839621622393965e+00,9.833996789729156e-01,-7.742412771428970e-03,0.000000000000000e+00,1.306988011447377e+00,5.058074705144758e+00,1,7.587500214576721e-01,5.200999975204468e-01,7.587500214576721e-01,5.000000000000000e-01
7.271301944995208e-01,6.505980405533326e-01,15133,25459,3.370620928937420e+00,-8.554039174455841e-01,0.000000000000000e+00,1.839417664794211e+00,9.835054801446452e-01,-7.891303351756114e-03,0.000000000000000e+00,1.306933233354223e+00,5.057987976420702e+00,1,7.590000033378601e-01,5.200999975204468e-01,7.590000033378601e-01,5.000000000000000e-01
7.272243421109412e-01,6.511150266566021e-01,15138,25464,3.374960270723228e+00,-8.594784044157819e-01,0.000000000000000e+00,1.839213707194457e+00,9.836112813163750e-01,-8.040193932083063e-03,0.000000000000000e+00,1.306878455261068e+00,5.057901247696648e+00,1,7.592499852180481e-01,5.200999975204468e-01,7.592499852180481e-01,5.000000000000000e-01
7.273185121705286e-01,6.516321360278982e-01,15143,25469,3.379300647163731e+00,-8.635538628897894e-01,0.000000000000000e+00,1.839009700963897e+00,9.837171077148981e-01,-8.189120013263756e-03,0.000000000000000e+00,1.306823664106852e+00,5.057814498293355e+00,1,7.595000267028809e-01,5.200999975204468e-01,7.595000267028809e-01,5.000000000000000e-01
7.274126597819490e-01,6.521491221311679e-01,15148,25474,3.383639988949541e+00,-8.676283498599892e-01,0.000000000000000e+00,1.838805743364144e+00,9.838229088866279e-01,-8.338010593590770e-03,0.000000000000000e+00,1.306768886013698e+00,5.057727769569301e+00,1,7.597500085830688e-01,5.200999975204468e-01,7.597500085830688e-01,5.000000000000000e-01
7.275068073933694e-01,6.526661082344374e-01,15153,25480,3.387979330735350e+00,-8.717028368301889e-01,0.000000000000000e+00,1.838601785764390e+00,9.839287100583575e-01,-8.486901173917785e-03,0.000000000000000e+00,1.306714107920544e+00,5.057641040845246e+00,1,7.599999904632568e-01,5.200999975204468e-01,7.599999904632568e-01,5.000000000000000e-01
7.276065396092889e-01,6.525369644729992e-01,15158,25485,3.386575307131876e+00,-8.716083132327628e-01,0.000000000000000e+00,1.838369924522754e+00,9.840394260799430e-01,-8.662933339275421e-03,0.000000000000000e+00,1.306655978572380e+00,5.057548869983029e+00,1,7.602499723434448e-01,5.200999975204468e-01,7.602499723434448e-01,5.000000000000000e-01
7.277062958180551e-01,6.524077652625522e-01,15163,25490,3.385170729590318e+00,-8.715136080068665e-01,0.000000000000000e+00,1.838138006932273e+00,9.841501686877500e-01,-8.839008512744469e-03,0.000000000000000e+00,1.306597835236211e+00,5.057456676936297e+00,1,7.605000138282776e-01,5.200999975204468e-01,7.605000138282776e-01,5.000000000000000e-01
7.278060282470342e-01,6.522785968504909e-01,15168,25495,3.383766486870618e+00,-8.714189253567162e-01,0.000000000000000e+00,1.837906144626080e+00,9.842608848968429e-01,-9.015041713586011e-03,0.000000000000000e+00,1.306539705760193e+00,5.057364505866456e+00,1,7.607499957084656e-01,5.200999975204468e-01,7.607499957084656e-01,5.000000000000000e-01
7.279057606760130e-01,6.521494284384274e-01,15173,25500,3.382362244150900e+00,-8.713242427065625e-01,0.000000000000000e+00,1.837674282319887e+00,9.843716011059357e-01,-9.191074914427423e-03,0.000000000000000e+00,1.306481576284175e+00,5.057272334796615e+00,1,7.609999775886536e-01,5.200999975204468e-01,7.609999775886536e-01,5.000000000000000e-01
7.280055168847795e-01,6.520202292279826e-01,15178,25505,3.380957666609361e+00,-8.712295374806697e-01,0.000000000000000e+00,1.837442364729405e+00,9.844823437137431e-01,-9.367150087896599e-03,0.000000000000000e+00,1.306423432948006e+00,5.057180141749885e+00,1,7.612500190734863e-01,5.200999975204468e-01,7.612500190734863e-01,5.000000000000000e-01
7.281052493137582e-01,6.518910608159190e-01,15183,25510,3.379553423889644e+00,-8.711348548305161e-01,0.000000000000000e+00,1.837210502423213e+00,9.845930599228359e-01,-9.543183288737937e-03,0.000000000000000e+00,1.306365303471988e+00,5.057087970680043e+00,1,7.615000009536743e-01,5.200999975204468e-01,7.615000009536743e-01,5.000000000000000e-01
7.282049817427373e-01,6.517618924038578e-01,15188,25515,3.378149181169944e+00,-8.710401721803656e-01,0.000000000000000e+00,1.836978640117019e+00,9.847037761319288e-01,-9.719216489579401e-03,0.000000000000000e+00,1.306307173995970e+00,5.056995799610201e+00,1,7.617499828338623e-01,5.200999975204468e-01,7.617499828338623e-01,5.000000000000000e-01
7.283047379515035e-01,6.516326931934109e-01,15193,25520,3.376744603628388e+00,-8.709454669544695e-01,0.000000000000000e+00,1.836746722526538e+00,9.848145187397359e-01,-9.895291663048448e-03,0.000000000000000e+00,1.306249030659801e+00,5.056903606563472e+00,1,7.620000243186951e-01,5.200999975204468e-01,7.620000243186951e-01,5.000000000000000e-01
7.284044703804824e-01,6.515035247813472e-01,15198,25525,3.375340360908670e+00,-8.708507843043158e-01,0.000000000000000e+00,1.836514860220345e+00,9.849252349488286e-01,-1.007132486388994e-02,0.000000000000000e+00,1.306190901183783e+00,5.056811435493629e+00,1,7.622500061988831e-01,5.200999975204468e-01,7.622500061988831e-01,5.000000000000000e-01
7.285042028094613e-01,6.513743563692839e-01,15203,25530,3.373936118188953e+00,-8.707561016541623e-01,0.000000000000000e+00,1.836282997914152e+00,9.850359511579213e-01,-1.024735806473127e-02,0.000000000000000e+00,1.306132771707765e+00,5.056719264423788e+00,1,7.624999880790710e-01,5.200999975204468e-01,7.624999880790710e-01,5.000000000000000e-01
7.286039590182274e-01,6.512451571588389e-01,15208,25535,3.372531540647413e+00,-8.706613964282692e-01,0.000000000000000e+00,1.836051080323671e+00,9.851466937657284e-01,-1.042343323820045e-02,0.000000000000000e+00,1.306074628371596e+00,5.056627071377058e+00,1,7.627500295639038e-01,5.200999975204468e-01,7.627500295639038e-01,5.000000000000000e-01
7.287036914472065e-01,6.511159887467753e-01,15213,25540,3.371127297927695e+00,-8.705667137781156e-01,0.000000000000000e+00,1.835819218017478e+00,9.852574099748215e-01,-1.059946643904194e-02,0.000000000000000e+00,1.306016498895578e+00,5.056534900307215e+00,1,7.630000114440918e-01,5.200999975204468e-01,7.630000114440918e-01,5.000000000000000e-01
7.288034238761854e-01,6.509868203347119e-01,15218,25545,3.369723055207977e+00,-8.704720311279619e-01,0.000000000000000e+00,1.835587355711285e+00,9.853681261839140e-01,-1.077549963988335e-02,0.000000000000000e+00,1.305958369419560e+00,5.056442729237372e+00,1,7.632499933242798e-01,5.200999975204468e-01,7.632499933242798e-01,5.000000000000000e-01
7.289031563051642e-01,6.508576519226484e-01,15223,25550,3.368318812488260e+00,-8.703773484778082e-01,0.000000000000000e+00,1.835355493405092e+00,9.854788423930069e-01,-1.095153284072476e-02,0.000000000000000e+00,1.305900239943542e+00,5.056350558167532e+00,1,7.634999752044678e-01,5.200999975204468e-01,7.634999752044678e-01,5.000000000000000e-01
7.290029125139308e-01,6.507284527122035e-01,15228,25555,3.366914234946721e+00,-8.702826432519154e-01,0.000000000000000e+00,1.835123575814610e+00,9.855895850008143e-01,-1.112760801419402e-02,0.000000000000000e+00,1.305842096607373e+00,5.056258365120801e+00,1,7.637500166893005e-01,5.200999975204468e-01,7.637500166893005e-01,5.000000000000000e-01
7.291026449429094e-01,6.505992843001400e-01,15233,25560,3.365509992227002e+00,-8.701879606017615e-01,0.000000000000000e+00,1.834891713508417e+00,9.857003012099070e-01,-1.130364121503551e-02,0.000000000000000e+00,1.305783967131355e+00,5.056166194050959e+00,1,7.639999985694885e-01,5.200999975204468e-01,7.639999985694885e-01,5.000000000000000e-01
7.292023773718883e-01,6.504701158880767e-01,15238,25565,3.364105749507286e+00,-8.700932779516080e-01,0.000000000000000e+00,1.834659851202225e+00,9.858110174189998e-01,-1.147967441587677e-02,0.000000000000000e+00,1.305725837655337e+00,5.056074022981118e+00,1,7.642499804496765e-01,5.200999975204468e-01,7.642499804496765e-01,5.000000000000000e-01
7.293021335806548e-01,6.503409166776318e-01,15243,25570,3.362701171965747e+00,-8.699985727257153e-01,0.000000000000000e+00,1.834427933611743e+00,9.859217600268071e-01,-1.165574958934587e-02,0.000000000000000e+00,1.305667694319168e+00,5.055981829934389e+00,1,7.645000219345093e-01,5.200999975204468e-01,7.645000219345093e-01,5.000000000000000e-01
7.294018660096334e-01,6.502117482655683e-01,15248,25575,3.361296929246030e+00,-8.699038900755613e-01,0.000000000000000e+00,1.834196071305550e+00,9.860324762358996e-01,-1.183178279018728e-02,0.000000000000000e+00,1.305609564843150e+00,5.055889658864546e+00,1,7.647500038146973e-01,5.200999975204468e-01,7.647500038146973e-01,5.000000000000000e-01
7.295015984386124e-01,6.500825798535048e-01,15253,25580,3.359892686526311e+00,-8.698092074254077e-01,0.000000000000000e+00,1.833964208999357e+00,9.861431924449924e-01,-1.200781599102877e-02,0.000000000000000e+00,1.305551435367132e+00,5.055797487794704e+00,1,7.649999856948853e-01,5.200999975204468e-01,7.649999856948853e-01,5.000000000000000e-01
7.296013546473787e-01,6.499533806430600e-01,15258,25585,3.358488108984772e+00,-8.697145021995148e-01,0.000000000000000e+00,1.833732291408876e+00,9.862539350527999e-01,-1.218389116449795e-02,0.000000000000000e+00,1.305493292030963e+00,5.055705294747974e+00,1,7.652500271797180e-01,5.200999975204468e-01,7.652500271797180e-01,5.000000000000000e-01
7.297010870763575e-01,6.498242122309965e-01,15263,25590,3.357083866265055e+00,-8.696198195493612e-01,0.000000000000000e+00,1.833500429102683e+00,9.863646512618924e-01,-1.235992436533928e-02,0.000000000000000e+00,1.305435162554945e+00,5.055613123678132e+00,1,7.655000090599060e-01,5.200999975204468e-01,7.655000090599060e-01,5.000000000000000e-01
7.298008195053365e-01,6.496950438189329e-01,15268,25595,3.355679623545336e+00,-8.695251368992074e-01,0.000000000000000e+00,1.833268566796490e+00,9.864753674709853e-01,-1.253595756618085e-02,0.000000000000000e+00,1.305377033078927e+00,5.055520952608290e+00,1,7.657499909400940e-01,5.200999975204468e-01,7.657499909400940e-01,5.000000000000000e-01
7.299005519343154e-01,6.495658754068696e-01,15273,25600,3.354275380825620e+00,-8.694304542490540e-01,0.000000000000000e+00,1.833036704490297e+00,9.865860836800782e-01,-1.271199076702218e-02,0.000000000000000e+00,1.305318903602909e+00,5.055428781538449e+00,1,7.659999728202820e-01,5.200999975204468e-01,7.659999728202820e-01,5.000000000000000e-01
7.300003081430820e-01,6.494366761964263e-01,15278,25605,3.352870803284095e+00,-8.693357490231628e-01,0.000000000000000e+00,1.832804786899815e+00,9.866968262878857e-01,-1.288806594049149e-02,0.000000000000000e+00,1.305260760266740e+00,5.055336588491719e+00,1,7.662500143051147e-01,5.200999975204468e-01,7.662500143051147e-01,5.000000000000000e-01
7.301000405720608e-01,6.493075077843630e-01,15283,25610,3.351466560564378e+00,-8.692410663730090e-01,0.000000000000000e+00,1.832572924593623e+00,9.868075424969784e-01,-1.306409914133275e-02,0.000000000000000e+00,1.305202630790722e+00,5.055244417421877e+00,1,7.664999961853027e-01,5.200999975204468e-01,7.664999961853027e-01,5.000000000000000e-01
7.301997730010394e-01,6.491783393722977e-01,15288,25615,3.350062317844645e+00,-8.691463837228537e-01,0.000000000000000e+00,1.832341062287429e+00,9.869182587060708e-01,-1.324013234217419e-02,0.000000000000000e+00,1.305144501314704e+00,5.055152246352035e+00,1,7.667499780654907e-01,5.200999975204468e-01,7.667499780654907e-01,5.000000000000000e-01
7.302995292098058e-01,6.490491401618527e-01,15293,25620,3.348657740303105e+00,-8.690516784969606e-01,0.000000000000000e+00,1.832109144696948e+00,9.870290013138783e-01,-1.341620751564344e-02,0.000000000000000e+00,1.305086357978535e+00,5.055060053305304e+00,1,7.670000195503235e-01,5.200999975204468e-01,7.670000195503235e-01,5.000000000000000e-01
7.303992616387849e-01,6.489199717497893e-01,15298,25625,3.347253497583389e+00,-8.689569958468071e-01,0.000000000000000e+00,1.831877282390755e+00,9.871397175229710e-01,-1.359224071648478e-02,0.000000000000000e+00,1.305028228502517e+00,5.054967882235463e+00,1,7.672500014305115e-01,5.200999975204468e-01,7.672500014305115e-01,5.000000000000000e-01
7.304989940677635e-01,6.487908033377259e-01,15303,25630,3.345849254863671e+00,-8.688623131966533e-01,0.000000000000000e+00,1.831645420084562e+00,9.872504337320636e-01,-1.376827391732619e-02,0.000000000000000e+00,1.304970099026499e+00,5.054875711165622e+00,1,7.674999833106995e-01,5.200999975204468e-01,7.674999833106995e-01,5.000000000000000e-01
7.305987502765301e-01,6.486616041272809e-01,15308,25635,3.344444677322131e+00,-8.687676079707605e-01,0.000000000000000e+00,1.831413502494081e+00,9.873611763398711e-01,-1.394434909079545e-02,0.000000000000000e+00,1.304911955690330e+00,5.054783518118891e+00,1,7.677500247955322e-01,5.200999975204468e-01,7.677500247955322e-01,5.000000000000000e-01
7.306984827055087e-01,6.485324357152176e-01,15313,25640,3.343040434602415e+00,-8.686729253206069e-01,0.000000000000000e+00,1.831181640187888e+00,9.874718925489637e-01,-1.412038229163670e-02,0.000000000000000e+00,1.304853826214312e+00,5.054691347049049e+00,1,7.680000066757202e-01,5.200999975204468e-01,7.680000066757202e-01,5.000000000000000e-01
7.307982151344876e-01,6.484032673031539e-01,15318,25645,3.341636191882696e+00,-8.685782426704530e-01,0.000000000000000e+00,1.830949777881695e+00,9.875826087580566e-01,-1.429641549247819e-02,0.000000000000000e+00,1.304795696738294e+00,5.054599175979208e+00,1,7.682499885559082e-01,5.200999975204468e-01,7.682499885559082e-01,5.000000000000000e-01
7.308979475634665e-01,6.482740988910907e-01,15323,25650,3.340231949162979e+00,-8.684835600202994e-01,0.000000000000000e+00,1.830717915575502e+00,9.876933249671492e-01,-1.447244869331953e-02,0.000000000000000e+00,1.304737567262277e+00,5.054507004909366e+00,1,7.684999704360962e-01,5.200999975204468e-01,7.684999704360962e-01,5.000000000000000e-01
7.309977037722328e-01,6.481448996806457e-01,15328,25655,3.338827371621440e+00,-8.683888547944065e-01,0.000000000000000e+00,1.830485997985020e+00,9.878040675749564e-01,-1.464852386678870e-02,0.000000000000000e+00,1.304679423926107e+00,5.054414811862635e+00,1,7.687500119209290e-01,5.200999975204468e-01,7.687500119209290e-01,5.000000000000000e-01
7.310974362012117e-01,6.480157312685823e-01,15333,25660,3.337423128901722e+00,-8.682941721442530e-01,0.000000000000000e+00,1.830254135678828e+00,9.879147837840493e-01,-1.482455706763020e-02,0.000000000000000e+00,1.304621294450090e+00,5.054322640792794e+00,1,7.689999938011169e-01,5.200999975204468e-01,7.689999938011169e-01,5.000000000000000e-01
7.311971686301906e-01,6.478865628565187e-01,15338,25665,3.336018886182004e+00,-8.681994894940992e-01,0.000000000000000e+00,1.830022273372634e+00,9.880254999931419e-01,-1.500059026847161e-02,0.000000000000000e+00,1.304563164974072e+00,5.054230469722953e+00,1,7.692499756813049e-01,5.200999975204468e-01,7.692499756813049e-01,5.000000000000000e-01
7.312969248389571e-01,6.477573636460738e-01,15343,25670,3.334614308640464e+00,-8.681047842682061e-01,0.000000000000000e+00,1.829790355782153e+00,9.881362426009492e-01,-1.517666544194086e-02,0.000000000000000e+00,1.304505021637902e+00,5.054138276676222e+00,1,7.695000171661377e-01,5.200999975204468e-01,7.695000171661377e-01,5.000000000000000e-01
7.313966572679358e-01,6.476281952340104e-01,15348,25675,3.333210065920747e+00,-8.680101016180527e-01,0.000000000000000e+00,1.829558493475960e+00,9.882469588100422e-01,-1.535269864278220e-02,0.000000000000000e+00,1.304446892161884e+00,5.054046105606380e+00,1,7.697499990463257e-01,5.200999975204468e-01,7.697499990463257e-01,5.000000000000000e-01
7.314963896969149e-01,6.474990268219469e-01,15353,25681,3.331805823201030e+00,-8.679154189678988e-01,0.000000000000000e+00,1.829326631169767e+00,9.883576750191349e-01,-1.552873184362361e-02,0.000000000000000e+00,1.304388762685866e+00,5.053953934536539e+00,1,7.699999809265137e-01,5.200999975204468e-01,7.699999809265137e-01,5.000000000000000e-01
7.315790132920582e-01,6.465682568850043e-01,15358,25686,3.323636308543390e+00,-8.627121318479301e-01,0.000000000000000e+00,1.829124516770126e+00,9.884486056978365e-01,-1.570048394428213e-02,0.000000000000000e+00,1.304342386647626e+00,5.053884527823692e+00,1,7.702500224113464e-01,5.200999975204468e-01,7.702500224113464e-01,5.000000000000000e-01
7.316616158847841e-01,6.456376476891591e-01,15363,25691,3.315468225372249e+00,-8.575096954564350e-01,0.000000000000000e+00,1.828922452823375e+00,9.885395131895375e-01,-1.587219477312662e-02,0.000000000000000e+00,1.304296022561940e+00,5.053815139393842e+00,1,7.705000042915344e-01,5.200999975204468e-01,7.705000042915344e-01,5.000000000000000e-01
7.317442184775098e-01,6.447070384933117e-01,15368,25696,3.307300142201090e+00,-8.523072590649367e-01,0.000000000000000e+00,1.828720388876625e+00,9.886304206812383e-01,-1.604390560197113e-02,0.000000000000000e+00,1.304249658476254e+00,5.053745750963990e+00,1,7.707499861717224e-01,5.200999975204468e-01,7.707499861717224e-01,5.000000000000000e-01
7.318268407656559e-01,6.437762074068578e-01,15373,25701,3.299130111465971e+00,-8.471035822260364e-01,0.000000000000000e+00,1.828518276750583e+00,9.887213498485452e-01,-1.621565737283494e-02,0.000000000000000e+00,1.304203283335707e+00,5.053676345989448e+00,1,7.710000276565552e-01,5.200999975204468e-01,7.710000276565552e-01,5.000000000000000e-01
7.319094433583817e-01,6.428455982110104e-01,15378,25706,3.290962028294812e+00,-8.419011458345385e-01,0.000000000000000e+00,1.828316212803832e+00,9.888122573402460e-01,-1.638736820167945e-02,0.000000000000000e+00,1.304156919250021e+00,5.053606957559596e+00,1,7.712500095367432e-01,5.200999975204468e-01,7.712500095367432e-01,5.000000000000000e-01
7.319920459511077e-01,6.419149890151650e-01,15383,25711,3.282793945123670e+00,-8.366987094430428e-01,0.000000000000000e+00,1.828114148857082e+00,9.889031648319472e-01,-1.655907903052395e-02,0.000000000000000e+00,1.304110555164335e+00,5.053537569129746e+00,1,7.714999914169312e-01,5.200999975204468e-01,7.714999914169312e-01,5.000000000000000e-01
7.320746485438335e-01,6.409843798193194e-01,15388,25716,3.274625861952528e+00,-8.314962730515473e-01,0.000000000000000e+00,1.827912084910331e+00,9.889940723236483e-01,-1.673078985936844e-02,0.000000000000000e+00,1.304064191078649e+00,5.053468180699896e+00,1,7.717499732971191e-01,5.200999975204468e-01,7.717499732971191e-01,5.000000000000000e-01
7.321572708319796e-01,6.400535487328675e-01,15393,25721,3.266455831217426e+00,-8.262925962126497e-01,0.000000000000000e+00,1.827709972784289e+00,9.890850014909555e-01,-1.690254163023223e-02,0.000000000000000e+00,1.304017815938102e+00,5.053398775725355e+00,1,7.720000147819519e-01,5.200999975204468e-01,7.720000147819519e-01,5.000000000000000e-01
7.322398734247053e-01,6.391229395370200e-01,15398,25726,3.258287748046267e+00,-8.210901598211515e-01,0.000000000000000e+00,1.827507908837539e+00,9.891759089826562e-01,-1.707425245907674e-02,0.000000000000000e+00,1.303971451852415e+00,5.053329387295503e+00,1,7.722499966621399e-01,5.200999975204468e-01,7.722499966621399e-01,5.000000000000000e-01
7.323224760174308e-01,6.381923303411713e-01,15403,25731,3.250119664875094e+00,-8.158877234296531e-01,0.000000000000000e+00,1.827305844890788e+00,9.892668164743570e-01,-1.724596328792119e-02,0.000000000000000e+00,1.303925087766729e+00,5.053259998865651e+00,1,7.724999785423279e-01,5.200999975204468e-01,7.724999785423279e-01,5.000000000000000e-01
7.324050983055770e-01,6.372614992547193e-01,15408,25736,3.241949634139993e+00,-8.106840465907557e-01,0.000000000000000e+00,1.827103732764746e+00,9.893577456416639e-01,-1.741771505878498e-02,0.000000000000000e+00,1.303878712626182e+00,5.053190593891109e+00,1,7.727500200271606e-01,5.200999975204468e-01,7.727500200271606e-01,5.000000000000000e-01
7.324877008983027e-01,6.363308900588698e-01,15413,25741,3.233781550968815e+00,-8.054816101992530e-01,0.000000000000000e+00,1.826901668817995e+00,9.894486531333646e-01,-1.758942588762958e-02,0.000000000000000e+00,1.303832348540496e+00,5.053121205461257e+00,1,7.730000019073486e-01,5.200999975204468e-01,7.730000019073486e-01,5.000000000000000e-01
7.325703034910287e-01,6.354002808630241e-01,15418,25746,3.225613467797672e+00,-8.002791738077569e-01,0.000000000000000e+00,1.826699604871245e+00,9.895395606250658e-01,-1.776113671647408e-02,0.000000000000000e+00,1.303785984454810e+00,5.053051817031407e+00,1,7.732499837875366e-01,5.200999975204468e-01,7.732499837875366e-01,5.000000000000000e-01
7.326529257791747e-01,6.344694497765722e-01,15423,25751,3.217443437062571e+00,-7.950754969688596e-01,0.000000000000000e+00,1.826497492745203e+00,9.896304897923728e-01,-1.793288848733787e-02,0.000000000000000e+00,1.303739609314263e+00,5.052982412056864e+00,1,7.735000252723694e-01,5.200999975204468e-01,7.735000252723694e-01,5.000000000000000e-01
7.327355283719006e-01,6.335388405807250e-01,15428,25756,3.209275353891411e+00,-7.898730605773614e-01,0.000000000000000e+00,1.826295428798452e+00,9.897213972840738e-01,-1.810459931618238e-02,0.000000000000000e+00,1.303693245228577e+00,5.052913023627013e+00,1,7.737500071525574e-01,5.200999975204468e-01,7.737500071525574e-01,5.000000000000000e-01
7.328181309646262e-01,6.326082313848774e-01,15433,25761,3.201107270720252e+00,-7.846706241858631e-01,0.000000000000000e+00,1.826093364851701e+00,9.898123047757746e-01,-1.827631014502689e-02,0.000000000000000e+00,1.303646881142890e+00,5.052843635197162e+00,1,7.739999890327454e-01,5.200999975204468e-01,7.739999890327454e-01,5.000000000000000e-01
7.329007335573523e-01,6.316776221890320e-01,15438,25766,3.192939187549109e+00,-7.794681877943666e-01,0.000000000000000e+00,1.825891300904951e+00,9.899032122674759e-01,-1.844802097387138e-02,0.000000000000000e+00,1.303600517057204e+00,5.052774246767311e+00,1,7.742499709129333e-01,5.200999975204468e-01,7.742499709129333e-01,5.000000000000000e-01
7.329833558454983e-01,6.307467911025799e-01,15443,25771,3.184769156814007e+00,-7.742645109554691e-01,0.000000000000000e+00,1.825689188778909e+00,9.899941414347828e-01,-1.861977274473517e-02,0.000000000000000e+00,1.303554141916657e+00,5.052704841792769e+00,1,7.745000123977661e-01,5.200999975204468e-01,7.745000123977661e-01,5.000000000000000e-01
7.330659584382240e-01,6.298161819067307e-01,15448,25776,3.176601073642833e+00,-7.690620745639692e-01,0.000000000000000e+00,1.825487124832158e+00,9.900850489264836e-01,-1.879148357357970e-02,0.000000000000000e+00,1.303507777830971e+00,5.052635453362917e+00,1,7.747499942779541e-01,5.200999975204468e-01,7.747499942779541e-01,5.000000000000000e-01
7.331485610309498e-01,6.288855727108834e-01,15453,25781,3.168432990471674e+00,-7.638596381724709e-01,0.000000000000000e+00,1.825285060885407e+00,9.901759564181845e-01,-1.896319440242421e-02,0.000000000000000e+00,1.303461413745285e+00,5.052566064933066e+00,1,7.749999761581421e-01,5.200999975204468e-01,7.749999761581421e-01,5.000000000000000e-01
7.332311833190960e-01,6.279547416244314e-01,15458,25786,3.160262959736573e+00,-7.586559613335738e-01,0.000000000000000e+00,1.825082948759366e+00,9.902668855854915e-01,-1.913494617328799e-02,0.000000000000000e+00,1.303415038604738e+00,5.052496659958525e+00,1,7.752500176429749e-01,5.200999975204468e-01,7.752500176429749e-01,5.000000000000000e-01
7.333137859118216e-01,6.270241324285840e-01,15463,25791,3.152094876565414e+00,-7.534535249420755e-01,0.000000000000000e+00,1.824880884812615e+00,9.903577930771923e-01,-1.930665700213251e-02,0.000000000000000e+00,1.303368674519052e+00,5.052427271528673e+00,1,7.754999995231628e-01,5.200999975204468e-01,7.754999995231628e-01,5.000000000000000e-01
7.333963885045475e-01,6.260935232327367e-01,15468,25796,3.143926793394254e+00,-7.482510885505773e-01,0.000000000000000e+00,1.824678820865865e+00,9.904487005688932e-01,-1.947836783097702e-02,0.000000000000000e+00,1.303322310433365e+00,5.052357883098821e+00,1,7.757499814033508e-01,5.200999975204468e-01,7.757499814033508e-01,5.000000000000000e-01
7.334790107926934e-01,6.251626921462847e-01,15473,25801,3.135756762659153e+00,-7.430474117116799e-01,0.000000000000000e+00,1.824476708739823e+00,9.905396297362004e-01,-1.965011960184081e-02,0.000000000000000e+00,1.303275935292818e+00,5.052288478124281e+00,1,7.760000228881836e-01,5.200999975204468e-01,7.760000228881836e-01,5.000000000000000e-01
7.335616133854194e-01,6.242320829504377e-01,15478,25806,3.127588679487998e+00,-7.378449753201840e-01,0.000000000000000e+00,1.824274644793072e+00,9.906305372279012e-01,-1.982183043068524e-02,0.000000000000000e+00,1.303229571207132e+00,5.052219089694430e+00,1,7.762500047683716e-01,5.200999975204468e-01,7.762500047683716e-01,5.000000000000000e-01
7.336442159781452e-01,6.233014737545896e-01,15483,25811,3.119420596316831e+00,-7.326425389286810e-01,0.000000000000000e+00,1.824072580846321e+00,9.907214447196022e-01,-1.999354125952990e-02,0.000000000000000e+00,1.303183207121446e+00,5.052149701264577e+00,1,7.764999866485596e-01,5.200999975204468e-01,7.764999866485596e-01,5.000000000000000e-01
7.337268382662911e-01,6.223706426681384e-01,15488,25816,3.111250565581738e+00,-7.274388620897886e-01,0.000000000000000e+00,1.823870468720280e+00,9.908123738869090e-01,-2.016529303039354e-02,0.000000000000000e+00,1.303136831980899e+00,5.052080296290036e+00,1,7.767500281333923e-01,5.200999975204468e-01,7.767500281333923e-01,5.000000000000000e-01
7.338094408590168e-01,6.214400334722902e-01,15493,25821,3.103082482410571e+00,-7.222364256982854e-01,0.000000000000000e+00,1.823668404773529e+00,9.909032813786099e-01,-2.033700385923820e-02,0.000000000000000e+00,1.303090467895213e+00,5.052010907860184e+00,1,7.770000100135803e-01,5.200999975204468e-01,7.770000100135803e-01,5.000000000000000e-01
7.338920434517427e-01,6.205094242764428e-01,15498,25826,3.094914399239411e+00,-7.170339893067873e-01,0.000000000000000e+00,1.823466340826778e+00,9.909941888703109e-01,-2.050871468808271e-02,0.000000000000000e+00,1.303044103809526e+00,5.051941519430333e+00,1,7.772499918937683e-01,5.200999975204468e-01,7.772499918937683e-01,5.000000000000000e-01
7.339746460444685e-01,6.195788150805959e-01,15503,25831,3.086746316068256e+00,-7.118315529152912e-01,0.000000000000000e+00,1.823264276880028e+00,9.910850963620119e-01,-2.068042551692715e-02,0.000000000000000e+00,1.302997739723840e+00,5.051872131000482e+00,1,7.774999737739563e-01,5.200999975204468e-01,7.774999737739563e-01,5.000000000000000e-01
7.340572683326146e-01,6.186479839941436e-01,15508,25836,3.078576285333152e+00,-7.066278760763918e-01,0.000000000000000e+00,1.823062164753986e+00,9.911760255293189e-01,-2.085217728779101e-02,0.000000000000000e+00,1.302951364583294e+00,5.051802726025940e+00,1,7.777500152587891e-01,5.200999975204468e-01,7.777500152587891e-01,5.000000000000000e-01
7.341398709253404e-01,6.177173747982965e-01,15513,25841,3.070408202161996e+00,-7.014254396848958e-01,0.000000000000000e+00,1.822860100807235e+00,9.912669330210198e-01,-2.102388811663545e-02,0.000000000000000e+00,1.302905000497607e+00,5.051733337596089e+00,1,7.779999971389771e-01,5.200999975204468e-01,7.779999971389771e-01,5.000000000000000e-01
7.342224735180662e-01,6.167867656024488e-01,15518,25846,3.062240118990832e+00,-6.962230032933951e-01,0.000000000000000e+00,1.822658036860484e+00,9.913578405127207e-01,-2.119559894548004e-02,0.000000000000000e+00,1.302858636411921e+00,5.051663949166237e+00,1,7.782499790191650e-01,5.200999975204468e-01,7.782499790191650e-01,5.000000000000000e-01
7.343050958062123e-01,6.158559345159976e-01,15523,25851,3.054070088255740e+00,-6.910193264545025e-01,0.000000000000000e+00,1.822455924734443e+00,9.914487696800276e-01,-2.136735071634367e-02,0.000000000000000e+00,1.302812261271374e+00,5.051594544191696e+00,1,7.785000205039978e-01,5.200999975204468e-01,7.785000205039978e-01,5.000000000000000e-01
7.343876983989379e-01,6.149253253201499e-01,15528,25856,3.045902005084577e+00,-6.858168900630019e-01,0.000000000000000e+00,1.822253860787692e+00,9.915396771717286e-01,-2.153906154518826e-02,0.000000000000000e+00,1.302765897185688e+00,5.051525155761845e+00,1,7.787500023841858e-01,5.200999975204468e-01,7.787500023841858e-01,5.000000000000000e-01
7.344703009916638e-01,6.139947161243025e-01,15533,25861,3.037733921913418e+00,-6.806144536715037e-01,0.000000000000000e+00,1.822051796840941e+00,9.916305846634296e-01,-2.171077237403277e-02,0.000000000000000e+00,1.302719533100002e+00,5.051455767331992e+00,1,7.789999842643738e-01,5.200999975204468e-01,7.789999842643738e-01,5.000000000000000e-01
7.345529232798099e-01,6.130638850378505e-01,15538,25866,3.029563891178316e+00,-6.754107768326063e-01,0.000000000000000e+00,1.821849684714899e+00,9.917215138307365e-01,-2.188252414489656e-02,0.000000000000000e+00,1.302673157959454e+00,5.051386362357452e+00,1,7.792500257492065e-01,5.200999975204468e-01,7.792500257492065e-01,5.000000000000000e-01
7.346355258725356e-01,6.121332758420032e-01,15543,25871,3.021395808007157e+00,-6.702083404411081e-01,0.000000000000000e+00,1.821647620768149e+00,9.918124213224373e-01,-2.205423497374107e-02,0.000000000000000e+00,1.302626793873768e+00,5.051316973927600e+00,1,7.795000076293945e-01,5.200999975204468e-01,7.795000076293945e-01,5.000000000000000e-01
7.347181284652614e-01,6.112026666461559e-01,15548,25876,3.013227724835998e+00,-6.650059040496099e-01,0.000000000000000e+00,1.821445556821398e+00,9.919033288141385e-01,-2.222594580258558e-02,0.000000000000000e+00,1.302580429788082e+00,5.051247585497749e+00,1,7.797499895095825e-01,5.200999975204468e-01,7.797499895095825e-01,5.000000000000000e-01
7.348007310579870e-01,6.102720574503075e-01,15553,25882,3.005059641664830e+00,-6.598034676581144e-01,0.000000000000000e+00,1.821243492874648e+00,9.919942363058392e-01,-2.239765663143004e-02,0.000000000000000e+00,1.302534065702396e+00,5.051178197067896e+00,1,7.799999713897705e-01,5.200999975204468e-01,7.799999713897705e-01,5.000000000000000e-01
7.348429467156745e-01,6.086929595386387e-01,15558,25887,2.992393031260555e+00,-6.522842251379728e-01,0.000000000000000e+00,1.821115640323048e+00,9.920394434659513e-01,-2.254151602759981e-02,0.000000000000000e+00,1.302512124539974e+00,5.051149526709605e+00,1,7.802500128746033e-01,5.200999975204468e-01,7.802500128746033e-01,5.000000000000000e-01
7.348851476872033e-01,6.071141638840415e-01,15563,25892,2.979728925866955e+00,-6.447665101288548e-01,0.000000000000000e+00,1.820987826744684e+00,9.920846346186734e-01,-2.268533793960377e-02,0.000000000000000e+00,1.302490191403300e+00,5.051120867846079e+00,1,7.804999947547913e-01,5.200999975204468e-01,7.804999947547913e-01,5.000000000000000e-01
7.349273486587317e-01,6.055353682294438e-01,15568,25897,2.967064820473350e+00,-6.372487951197492e-01,0.000000000000000e+00,1.820860013166321e+00,9.921298257713951e-01,-2.282915985160750e-02,0.000000000000000e+00,1.302468258266627e+00,5.051092208982555e+00,1,7.807499766349792e-01,5.200999975204468e-01,7.807499766349792e-01,5.000000000000000e-01
7.349695596924851e-01,6.039561961333424e-01,15573,25902,2.954397695502848e+00,-6.297292876177875e-01,0.000000000000000e+00,1.820732169112618e+00,9.921750276993081e-01,-2.297301605591276e-02,0.000000000000000e+00,1.302446319900308e+00,5.051063543285728e+00,1,7.810000181198120e-01,5.200999975204468e-01,7.810000181198120e-01,5.000000000000000e-01
7.350117606640135e-01,6.023774004787440e-01,15578,25907,2.941733590109235e+00,-6.222115726086849e-01,0.000000000000000e+00,1.820604355534255e+00,9.922202188520296e-01,-2.311683796791644e-02,0.000000000000000e+00,1.302424386763635e+00,5.051034884422203e+00,1,7.812500000000000e-01,5.200999975204468e-01,7.812500000000000e-01,5.000000000000000e-01
7.350539616355423e-01,6.007986048241474e-01,15583,25912,2.929069484715638e+00,-6.146938575995764e-01,0.000000000000000e+00,1.820476541955892e+00,9.922654100047517e-01,-2.326065987992023e-02,0.000000000000000e+00,1.302402453626962e+00,5.051006225558678e+00,1,7.814999818801880e-01,5.200999975204468e-01,7.814999818801880e-01,5.000000000000000e-01
7.350961726692958e-01,5.992194327280489e-01,15588,25917,2.916402359745162e+00,-6.071743500976218e-01,0.000000000000000e+00,1.820348697902189e+00,9.923106119326648e-01,-2.340451608422534e-02,0.000000000000000e+00,1.302380515260643e+00,5.050977559861852e+00,1,7.817500233650208e-01,5.200999975204468e-01,7.817500233650208e-01,5.000000000000000e-01
7.351383736408245e-01,5.976406370734514e-01,15593,25922,2.903738254351557e+00,-5.996566350885161e-01,0.000000000000000e+00,1.820220884323826e+00,9.923558030853867e-01,-2.354833799622907e-02,0.000000000000000e+00,1.302358582123970e+00,5.050948900998328e+00,1,7.820000052452087e-01,5.200999975204468e-01,7.820000052452087e-01,5.000000000000000e-01
7.351805746123529e-01,5.960618414188524e-01,15598,25927,2.891074148957940e+00,-5.921389200794039e-01,0.000000000000000e+00,1.820093070745463e+00,9.924009942381083e-01,-2.369215990823293e-02,0.000000000000000e+00,1.302336648987297e+00,5.050920242134803e+00,1,7.822499871253967e-01,5.200999975204468e-01,7.822499871253967e-01,5.000000000000000e-01
7.352227856461067e-01,5.944826693227518e-01,15603,25932,2.878407023987448e+00,-5.846194125774392e-01,0.000000000000000e+00,1.819965226691759e+00,9.924461961660215e-01,-2.383601611253824e-02,0.000000000000000e+00,1.302314710620977e+00,5.050891576437976e+00,1,7.825000286102295e-01,5.200999975204468e-01,7.825000286102295e-01,5.000000000000000e-01
7.352649866176348e-01,5.929038736681542e-01,15608,25937,2.865742918593842e+00,-5.771016975683336e-01,0.000000000000000e+00,1.819837413113396e+00,9.924913873187433e-01,-2.397983802454197e-02,0.000000000000000e+00,1.302292777484304e+00,5.050862917574451e+00,1,7.827500104904175e-01,5.200999975204468e-01,7.827500104904175e-01,5.000000000000000e-01
7.353071875891637e-01,5.913250780135554e-01,15613,25942,2.853078813200225e+00,-5.695839825592214e-01,0.000000000000000e+00,1.819709599535033e+00,9.925365784714650e-01,-2.412365993654583e-02,0.000000000000000e+00,1.302270844347631e+00,5.050834258710927e+00,1,7.829999923706055e-01,5.200999975204468e-01,7.829999923706055e-01,5.000000000000000e-01
7.353493885606923e-01,5.897462823589584e-01,15618,25947,2.840414707806625e+00,-5.620662675501192e-01,0.000000000000000e+00,1.819581785956670e+00,9.925817696241869e-01,-2.426748184854950e-02,0.000000000000000e+00,1.302248911210958e+00,5.050805599847401e+00,1,7.832499742507935e-01,5.200999975204468e-01,7.832499742507935e-01,5.000000000000000e-01
7.353915995944459e-01,5.881671102628585e-01,15623,25952,2.827747582836138e+00,-5.545467600481578e-01,0.000000000000000e+00,1.819453941902967e+00,9.926269715521000e-01,-2.441133805285475e-02,0.000000000000000e+00,1.302226972844639e+00,5.050776934150575e+00,1,7.835000157356262e-01,5.200999975204468e-01,7.835000157356262e-01,5.000000000000000e-01
7.354338005659744e-01,5.865883146082603e-01,15628,25957,2.815083477442528e+00,-5.470290450390490e-01,0.000000000000000e+00,1.819326128324604e+00,9.926721627048218e-01,-2.455515996485854e-02,0.000000000000000e+00,1.302205039707966e+00,5.050748275287051e+00,1,7.837499976158142e-01,5.200999975204468e-01,7.837499976158142e-01,5.000000000000000e-01
7.354760015375028e-01,5.850095189536619e-01,15633,25962,2.802419372048916e+00,-5.395113300299401e-01,0.000000000000000e+00,1.819198314746241e+00,9.927173538575436e-01,-2.469898187686233e-02,0.000000000000000e+00,1.302183106571292e+00,5.050719616423525e+00,1,7.839999794960022e-01,5.200999975204468e-01,7.839999794960022e-01,5.000000000000000e-01
7.355182125712565e-01,5.834303468575622e-01,15638,25967,2.789752247078430e+00,-5.319918225279788e-01,0.000000000000000e+00,1.819070470692537e+00,9.927625557854568e-01,-2.484283808116758e-02,0.000000000000000e+00,1.302161168204973e+00,5.050690950726700e+00,1,7.842500209808350e-01,5.200999975204468e-01,7.842500209808350e-01,5.000000000000000e-01
7.355604135427852e-01,5.818515512029654e-01,15643,25972,2.777088141684831e+00,-5.244741075188695e-01,0.000000000000000e+00,1.818942657114174e+00,9.928077469381786e-01,-2.498665999317137e-02,0.000000000000000e+00,1.302139235068300e+00,5.050662291863175e+00,1,7.845000028610229e-01,5.200999975204468e-01,7.845000028610229e-01,5.000000000000000e-01
7.356026145143136e-01,5.802727555483664e-01,15648,25977,2.764424036291213e+00,-5.169563925097643e-01,0.000000000000000e+00,1.818814843535812e+00,9.928529380909004e-01,-2.513048190517511e-02,0.000000000000000e+00,1.302117301931627e+00,5.050633632999649e+00,1,7.847499847412109e-01,5.200999975204468e-01,7.847499847412109e-01,5.000000000000000e-01
7.356448255480671e-01,5.786935834522673e-01,15653,25982,2.751756911320731e+00,-5.094368850078064e-01,0.000000000000000e+00,1.818686999482108e+00,9.928981400188133e-01,-2.527433810948029e-02,0.000000000000000e+00,1.302095363565308e+00,5.050604967302824e+00,1,7.850000262260437e-01,5.200999975204468e-01,7.850000262260437e-01,5.000000000000000e-01
7.356870265195957e-01,5.771147877976690e-01,15658,25987,2.739092805927121e+00,-5.019191699986976e-01,0.000000000000000e+00,1.818559185903745e+00,9.929433311715352e-01,-2.541816002148409e-02,0.000000000000000e+00,1.302073430428635e+00,5.050576308439299e+00,1,7.852500081062317e-01,5.200999975204468e-01,7.852500081062317e-01,5.000000000000000e-01
7.357292274911242e-01,5.755359921430714e-01,15663,25992,2.726428700533515e+00,-4.944014549895919e-01,0.000000000000000e+00,1.818431372325382e+00,9.929885223242568e-01,-2.556198193348782e-02,0.000000000000000e+00,1.302051497291961e+00,5.050547649575773e+00,1,7.854999899864197e-01,5.200999975204468e-01,7.854999899864197e-01,5.000000000000000e-01
7.357714284626526e-01,5.739571964884724e-01,15668,25997,2.713764595139898e+00,-4.868837399804797e-01,0.000000000000000e+00,1.818303558747019e+00,9.930337134769787e-01,-2.570580384549167e-02,0.000000000000000e+00,1.302029564155288e+00,5.050518990712249e+00,1,7.857499718666077e-01,5.200999975204468e-01,7.857499718666077e-01,5.000000000000000e-01
7.358136394964063e-01,5.723780243923732e-01,15673,26002,2.701097470169417e+00,-4.793642324785218e-01,0.000000000000000e+00,1.818175714693315e+00,9.930789154048918e-01,-2.584966004979686e-02,0.000000000000000e+00,1.302007625788969e+00,5.050490325015422e+00,1,7.860000133514404e-01,5.200999975204468e-01,7.860000133514404e-01,5.000000000000000e-01
7.358558404679348e-01,5.707992287377750e-01,15678,26007,2.688433364775806e+00,-4.718465174694129e-01,0.000000000000000e+00,1.818047901114952e+00,9.931241065576135e-01,-2.599348196180065e-02,0.000000000000000e+00,1.301985692652296e+00,5.050461666151897e+00,1,7.862499952316284e-01,5.200999975204468e-01,7.862499952316284e-01,5.000000000000000e-01
7.358980414394635e-01,5.692204330831767e-01,15683,26012,2.675769259382195e+00,-4.643288024603039e-01,0.000000000000000e+00,1.817920087536589e+00,9.931692977103355e-01,-2.613730387380445e-02,0.000000000000000e+00,1.301963759515623e+00,5.050433007288373e+00,1,7.864999771118164e-01,5.200999975204468e-01,7.864999771118164e-01,5.000000000000000e-01
7.359402524732169e-01,5.676412609870782e-01,15688,26017,2.663102134411719e+00,-4.568092949583493e-01,0.000000000000000e+00,1.817792243482886e+00,9.932144996382486e-01,-2.628116007810956e-02,0.000000000000000e+00,1.301941821149304e+00,5.050404341591546e+00,1,7.867500185966492e-01,5.200999975204468e-01,7.867500185966492e-01,5.000000000000000e-01
7.359824534447454e-01,5.660624653324793e-01,15693,26022,2.650438029018102e+00,-4.492915799492371e-01,0.000000000000000e+00,1.817664429904523e+00,9.932596907909701e-01,-2.642498199011342e-02,0.000000000000000e+00,1.301919888012631e+00,5.050375682728021e+00,1,7.870000004768372e-01,5.200999975204468e-01,7.870000004768372e-01,5.000000000000000e-01
7.360246544162738e-01,5.644836696778803e-01,15698,26027,2.637773923624485e+00,-4.417738649401328e-01,0.000000000000000e+00,1.817536616326160e+00,9.933048819436918e-01,-2.656880390211717e-02,0.000000000000000e+00,1.301897954875957e+00,5.050347023864497e+00,1,7.872499823570251e-01,5.200999975204468e-01,7.872499823570251e-01,5.000000000000000e-01
7.360668654500276e-01,5.629044975817818e-01,15703,26032,2.625106798654010e+00,-4.342543574381702e-01,0.000000000000000e+00,1.817408772272456e+00,9.933500838716052e-01,-2.671266010642240e-02,0.000000000000000e+00,1.301876016509638e+00,5.050318358167670e+00,1,7.875000238418579e-01,5.200999975204468e-01,7.875000238418579e-01,5.000000000000000e-01
7.361090664215563e-01,5.613257019271836e-01,15708,26037,2.612442693260399e+00,-4.267366424290613e-01,0.000000000000000e+00,1.817280958694093e+00,9.933952750243271e-01,-2.685648201842620e-02,0.000000000000000e+00,1.301854083372965e+00,5.050289699304146e+00,1,7.877500057220459e-01,5.200999975204468e-01,7.877500057220459e-01,5.000000000000000e-01
7.361512673930848e-01,5.597469062725853e-01,15713,26042,2.599778587866788e+00,-4.192189274199524e-01,0.000000000000000e+00,1.817153145115730e+00,9.934404661770486e-01,-2.700030393042999e-02,0.000000000000000e+00,1.301832150236292e+00,5.050261040440621e+00,1,7.879999876022339e-01,5.200999975204468e-01,7.879999876022339e-01,5.000000000000000e-01
7.361934784268385e-01,5.581677341764862e-01,15718,26047,2.587111462896306e+00,-4.116994199179944e-01,0.000000000000000e+00,1.817025301062027e+00,9.934856681049620e-01,-2.714416013473517e-02,0.000000000000000e+00,1.301810211869973e+00,5.050232374743794e+00,1,7.882500290870667e-01,5.200999975204468e-01,7.882500290870667e-01,5.000000000000000e-01
7.362356793983669e-01,5.565889385218880e-01,15723,26052,2.574447357502695e+00,-4.041817049088855e-01,0.000000000000000e+00,1.816897487483663e+00,9.935308592576837e-01,-2.728798204673897e-02,0.000000000000000e+00,1.301788278733300e+00,5.050203715880269e+00,1,7.885000109672546e-01,5.200999975204468e-01,7.885000109672546e-01,5.000000000000000e-01
7.362778803698955e-01,5.550101428672896e-01,15728,26057,2.561783252109084e+00,-3.966639898997766e-01,0.000000000000000e+00,1.816769673905301e+00,9.935760504104053e-01,-2.743180395874276e-02,0.000000000000000e+00,1.301766345596627e+00,5.050175057016744e+00,1,7.887499928474426e-01,5.200999975204468e-01,7.887499928474426e-01,5.000000000000000e-01
7.363200813414241e-01,5.534313472126915e-01,15733,26062,2.549119146715473e+00,-3.891462748906678e-01,0.000000000000000e+00,1.816641860326938e+00,9.936212415631273e-01,-2.757562587074656e-02,0.000000000000000e+00,1.301744412459954e+00,5.050146398153219e+00,1,7.889999747276306e-01,5.200999975204468e-01,7.889999747276306e-01,5.000000000000000e-01
7.363622923751776e-01,5.518521751165921e-01,15738,26067,2.536452021744992e+00,-3.816267673887098e-01,0.000000000000000e+00,1.816514016273234e+00,9.936664434910403e-01,-2.771948207505174e-02,0.000000000000000e+00,1.301722474093634e+00,5.050117732456393e+00,1,7.892500162124634e-01,5.200999975204468e-01,7.892500162124634e-01,5.000000000000000e-01
7.364044933467061e-01,5.502733794619947e-01,15743,26072,2.523787916351386e+00,-3.741090523796042e-01,0.000000000000000e+00,1.816386202694871e+00,9.937116346437622e-01,-2.786330398705547e-02,0.000000000000000e+00,1.301700540956961e+00,5.050089073592869e+00,1,7.894999980926514e-01,5.200999975204468e-01,7.894999980926514e-01,5.000000000000000e-01
7.364466943182347e-01,5.486945838073950e-01,15748,26077,2.511123810957764e+00,-3.665913373704887e-01,0.000000000000000e+00,1.816258389116508e+00,9.937568257964839e-01,-2.800712589905940e-02,0.000000000000000e+00,1.301678607820288e+00,5.050060414729344e+00,1,7.897499799728394e-01,5.200999975204468e-01,7.897499799728394e-01,5.000000000000000e-01
7.364889014633195e-01,5.471153662538834e-01,15753,26083,2.498456490840430e+00,-3.590717975609239e-01,0.000000000000000e+00,1.816130551595331e+00,9.938020232853487e-01,-2.815097968914509e-02,0.000000000000000e+00,1.301656671580470e+00,5.050031752072381e+00,1,7.900000214576721e-01,5.200999975204468e-01,7.900000214576721e-01,5.000000000000000e-01
7.364857994409469e-01,5.450069917117139e-01,15758,26088,2.483518924386856e+00,-3.511776988125396e-01,0.000000000000000e+00,1.816078841948763e+00,9.937954995234689e-01,-2.826667594598625e-02,0.000000000000000e+00,1.301659512186893e+00,5.050038507618567e+00,1,7.902500033378601e-01,5.200999975204468e-01,7.902500033378601e-01,5.000000000000000e-01
7.364826974185752e-01,5.428986171695467e-01,15763,26093,2.468581357933302e+00,-3.432836000641424e-01,0.000000000000000e+00,1.816027132302193e+00,9.937889757615895e-01,-2.838237220282747e-02,0.000000000000000e+00,1.301662352793315e+00,5.050045263164753e+00,1,7.904999852180481e-01,5.200999975204468e-01,7.904999852180481e-01,5.000000000000000e-01
7.364795946565699e-01,5.407897399152818e-01,15768,26098,2.453640229828238e+00,-3.353876190795332e-01,0.000000000000000e+00,1.815975410326191e+00,9.937824504442113e-01,-2.849809604580510e-02,0.000000000000000e+00,1.301665194077040e+00,5.050052020321704e+00,1,7.907500267028809e-01,5.200999975204468e-01,7.907500267028809e-01,5.000000000000000e-01
7.364764926341977e-01,5.386813653731132e-01,15773,26103,2.438702663374670e+00,-3.274935203311525e-01,0.000000000000000e+00,1.815923700679623e+00,9.937759266823318e-01,-2.861379230264621e-02,0.000000000000000e+00,1.301668034683463e+00,5.050058775867891e+00,1,7.910000085830688e-01,5.200999975204468e-01,7.910000085830688e-01,5.000000000000000e-01
7.364733906118256e-01,5.365729908309470e-01,15778,26108,2.423765096921121e+00,-3.195994215827732e-01,0.000000000000000e+00,1.815871991033055e+00,9.937694029204522e-01,-2.872948855948726e-02,0.000000000000000e+00,1.301670875289886e+00,5.050065531414078e+00,1,7.912499904632568e-01,5.200999975204468e-01,7.912499904632568e-01,5.000000000000000e-01
7.364702885894535e-01,5.344646162887798e-01,15783,26113,2.408827530467564e+00,-3.117053228343905e-01,0.000000000000000e+00,1.815820281386486e+00,9.937628791585728e-01,-2.884518481632836e-02,0.000000000000000e+00,1.301673715896308e+00,5.050072286960264e+00,1,7.914999723434448e-01,5.200999975204468e-01,7.914999723434448e-01,5.000000000000000e-01
7.364671858274482e-01,5.323557390345139e-01,15788,26118,2.393886402362493e+00,-3.038093418497778e-01,0.000000000000000e+00,1.815768559410483e+00,9.937563538411944e-01,-2.896090865930603e-02,0.000000000000000e+00,1.301676557180033e+00,5.050079044117216e+00,1,7.917500138282776e-01,5.200999975204468e-01,7.917500138282776e-01,5.000000000000000e-01
7.364640838050761e-01,5.302473644923469e-01,15793,26123,2.378948835908937e+00,-2.959152431013950e-01,0.000000000000000e+00,1.815716849763915e+00,9.937498300793148e-01,-2.907660491614713e-02,0.000000000000000e+00,1.301679397786456e+00,5.050085799663401e+00,1,7.919999957084656e-01,5.200999975204468e-01,7.919999957084656e-01,5.000000000000000e-01
7.364609817827042e-01,5.281389899501797e-01,15798,26128,2.364011269455381e+00,-2.880211443530122e-01,0.000000000000000e+00,1.815665140117346e+00,9.937433063174355e-01,-2.919230117298823e-02,0.000000000000000e+00,1.301682238392878e+00,5.050092555209590e+00,1,7.922499775886536e-01,5.200999975204468e-01,7.922499775886536e-01,5.000000000000000e-01
7.364578790206987e-01,5.260301126959138e-01,15803,26133,2.349070141350309e+00,-2.801251633683996e-01,0.000000000000000e+00,1.815613418141344e+00,9.937367810000571e-01,-2.930802501596591e-02,0.000000000000000e+00,1.301685079676603e+00,5.050099312366540e+00,1,7.925000190734863e-01,5.200999975204468e-01,7.925000190734863e-01,5.000000000000000e-01
7.364547769983265e-01,5.239217381537458e-01,15808,26138,2.334132574896746e+00,-2.722310646200133e-01,0.000000000000000e+00,1.815561708494775e+00,9.937302572381775e-01,-2.942372127280705e-02,0.000000000000000e+00,1.301687920283025e+00,5.050106067912727e+00,1,7.927500009536743e-01,5.200999975204468e-01,7.927500009536743e-01,5.000000000000000e-01
7.364516749759545e-01,5.218133636115787e-01,15813,26143,2.319195008443191e+00,-2.643369658716306e-01,0.000000000000000e+00,1.815509998848207e+00,9.937237334762981e-01,-2.953941752964815e-02,0.000000000000000e+00,1.301690760889448e+00,5.050112823458913e+00,1,7.929999828338623e-01,5.200999975204468e-01,7.929999828338623e-01,5.000000000000000e-01
7.364485722139492e-01,5.197044863573146e-01,15818,26148,2.304253880338132e+00,-2.564409848870248e-01,0.000000000000000e+00,1.815458276872204e+00,9.937172081589198e-01,-2.965514137262573e-02,0.000000000000000e+00,1.301693602173173e+00,5.050119580615863e+00,1,7.932500243186951e-01,5.200999975204468e-01,7.932500243186951e-01,5.000000000000000e-01
7.364454701915770e-01,5.175961118151456e-01,15823,26153,2.289316313884563e+00,-2.485468861386351e-01,0.000000000000000e+00,1.815406567225636e+00,9.937106843970402e-01,-2.977083762946693e-02,0.000000000000000e+00,1.301696442779595e+00,5.050126336162050e+00,1,7.935000061988831e-01,5.200999975204468e-01,7.935000061988831e-01,5.000000000000000e-01
7.364423681692051e-01,5.154877372729795e-01,15828,26158,2.274378747431014e+00,-2.406527873902558e-01,0.000000000000000e+00,1.815354857579067e+00,9.937041606351609e-01,-2.988653388630798e-02,0.000000000000000e+00,1.301699283386018e+00,5.050133091708238e+00,1,7.937499880790710e-01,5.200999975204468e-01,7.937499880790710e-01,5.000000000000000e-01
7.364392654071995e-01,5.133788600187135e-01,15833,26163,2.259437619325942e+00,-2.327568064056431e-01,0.000000000000000e+00,1.815303135603064e+00,9.936976353177824e-01,-3.000225772928566e-02,0.000000000000000e+00,1.301702124669743e+00,5.050139848865189e+00,1,7.940000295639038e-01,5.200999975204468e-01,7.940000295639038e-01,5.000000000000000e-01
7.364361633848278e-01,5.112704854765474e-01,15838,26168,2.244500052872393e+00,-2.248627076572639e-01,0.000000000000000e+00,1.815251425956496e+00,9.936911115559031e-01,-3.011795398612670e-02,0.000000000000000e+00,1.301704965276165e+00,5.050146604411376e+00,1,7.942500114440918e-01,5.200999975204468e-01,7.942500114440918e-01,5.000000000000000e-01
7.364330613624557e-01,5.091621109343802e-01,15843,26173,2.229562486418836e+00,-2.169686089088811e-01,0.000000000000000e+00,1.815199716309928e+00,9.936845877940235e-01,-3.023365024296780e-02,0.000000000000000e+00,1.301707805882588e+00,5.050153359957562e+00,1,7.944999933242798e-01,5.200999975204468e-01,7.944999933242798e-01,5.000000000000000e-01
7.364299593400835e-01,5.070537363922132e-01,15848,26178,2.214624919965280e+00,-2.090745101604984e-01,0.000000000000000e+00,1.815148006663359e+00,9.936780640321439e-01,-3.034934649980889e-02,0.000000000000000e+00,1.301710646489010e+00,5.050160115503748e+00,1,7.947499752044678e-01,5.200999975204468e-01,7.947499752044678e-01,5.000000000000000e-01
7.364268565780780e-01,5.049448591379454e-01,15853,26183,2.199683791860196e+00,-2.011785291758786e-01,0.000000000000000e+00,1.815096284687356e+00,9.936715387147657e-01,-3.046507034278668e-02,0.000000000000000e+00,1.301713487772735e+00,5.050166872660699e+00,1,7.950000166893005e-01,5.200999975204468e-01,7.950000166893005e-01,5.000000000000000e-01
7.364237545557060e-01,5.028364845957782e-01,15858,26188,2.184746225406640e+00,-1.932844304274959e-01,0.000000000000000e+00,1.815044575040788e+00,9.936650149528863e-01,-3.058076659962777e-02,0.000000000000000e+00,1.301716328379158e+00,5.050173628206887e+00,1,7.952499985694885e-01,5.200999975204468e-01,7.952499985694885e-01,5.000000000000000e-01
7.364206525333339e-01,5.007281100536121e-01,15863,26193,2.169808658953090e+00,-1.853903316791167e-01,0.000000000000000e+00,1.814992865394220e+00,9.936584911910067e-01,-3.069646285646882e-02,0.000000000000000e+00,1.301719168985580e+00,5.050180383753072e+00,1,7.954999804496765e-01,5.200999975204468e-01,7.954999804496765e-01,5.000000000000000e-01
7.364175497713286e-01,4.986192327993462e-01,15868,26198,2.154867530848019e+00,-1.774943506945040e-01,0.000000000000000e+00,1.814941143418217e+00,9.936519658736285e-01,-3.081218669944650e-02,0.000000000000000e+00,1.301722010269305e+00,5.050187140910024e+00,1,7.957500219345093e-01,5.200999975204468e-01,7.957500219345093e-01,5.000000000000000e-01
7.364144477489566e-01,4.965108582571781e-01,15873,26203,2.139929964394456e+00,-1.696002519461177e-01,0.000000000000000e+00,1.814889433771648e+00,9.936454421117489e-01,-3.092788295628765e-02,0.000000000000000e+00,1.301724850875728e+00,5.050193896456211e+00,1,7.960000038146973e-01,5.200999975204468e-01,7.960000038146973e-01,5.000000000000000e-01
7.364113457265843e-01,4.944024837150128e-01,15878,26208,2.124992397940913e+00,-1.617061531977420e-01,0.000000000000000e+00,1.814837724125080e+00,9.936389183498693e-01,-3.104357921312864e-02,0.000000000000000e+00,1.301727691482150e+00,5.050200652002396e+00,1,7.962499856948853e-01,5.200999975204468e-01,7.962499856948853e-01,5.000000000000000e-01
7.364082429645791e-01,4.922936064607450e-01,15883,26213,2.110051269835829e+00,-1.538101722131222e-01,0.000000000000000e+00,1.814786002149077e+00,9.936323930324911e-01,-3.115930305610642e-02,0.000000000000000e+00,1.301730532765875e+00,5.050207409159349e+00,1,7.965000271797180e-01,5.200999975204468e-01,7.965000271797180e-01,5.000000000000000e-01
7.364051409422071e-01,4.901852319185783e-01,15888,26218,2.095113703382276e+00,-1.459160734647331e-01,0.000000000000000e+00,1.814734292502509e+00,9.936258692706117e-01,-3.127499931294755e-02,0.000000000000000e+00,1.301733373372298e+00,5.050214164705534e+00,1,7.967500090599060e-01,5.200999975204468e-01,7.967500090599060e-01,5.000000000000000e-01
7.364020389198351e-01,4.880768573764132e-01,15893,26223,2.080176136928733e+00,-1.380219747163573e-01,0.000000000000000e+00,1.814682582855940e+00,9.936193455087322e-01,-3.139069556978855e-02,0.000000000000000e+00,1.301736213978720e+00,5.050220920251721e+00,1,7.969999909400940e-01,5.200999975204468e-01,7.969999909400940e-01,5.000000000000000e-01
7.363989368974628e-01,4.859684828342437e-01,15898,26228,2.065238570475160e+00,-1.301278759679740e-01,0.000000000000000e+00,1.814630873209372e+00,9.936128217468524e-01,-3.150639182662971e-02,0.000000000000000e+00,1.301739054585143e+00,5.050227675797908e+00,1,7.972499728202820e-01,5.200999975204468e-01,7.972499728202820e-01,5.000000000000000e-01
7.363958341354575e-01,4.838596055799779e-01,15903,26233,2.050297442370089e+00,-1.222318949833613e-01,0.000000000000000e+00,1.814579151233369e+00,9.936062964294742e-01,-3.162211566960739e-02,0.000000000000000e+00,1.301741895868868e+00,5.050234432954858e+00,1,7.975000143051147e-01,5.200999975204468e-01,7.975000143051147e-01,5.000000000000000e-01
7.363927321130854e-01,4.817512310378106e-01,15908,26238,2.035359875916533e+00,-1.143377962349785e-01,0.000000000000000e+00,1.814527441586801e+00,9.935997726675947e-01,-3.173781192644849e-02,0.000000000000000e+00,1.301744736475290e+00,5.050241188501046e+00,1,7.977499961853027e-01,5.200999975204468e-01,7.977499961853027e-01,5.000000000000000e-01
7.363896300907133e-01,4.796428564956435e-01,15913,26243,2.020422309462976e+00,-1.064436974865958e-01,0.000000000000000e+00,1.814475731940232e+00,9.935932489057150e-01,-3.185350818328959e-02,0.000000000000000e+00,1.301747577081713e+00,5.050247944047231e+00,1,7.979999780654907e-01,5.200999975204468e-01,7.979999780654907e-01,5.000000000000000e-01
7.363865273287080e-01,4.775339792413796e-01,15918,26248,2.005481181357919e+00,-9.854771650199012e-02,0.000000000000000e+00,1.814424009964230e+00,9.935867235883369e-01,-3.196923202626717e-02,0.000000000000000e+00,1.301750418365438e+00,5.050254701204183e+00,1,7.982500195503235e-01,5.200999975204468e-01,7.982500195503235e-01,5.000000000000000e-01
7.363834253063359e-01,4.754256046992106e-01,15923,26253,1.990543614904349e+00,-9.065361775360033e-02,0.000000000000000e+00,1.814372300317661e+00,9.935801998264573e-01,-3.208492828310837e-02,0.000000000000000e+00,1.301753258971860e+00,5.050261456750370e+00,1,7.985000014305115e-01,5.200999975204468e-01,7.985000014305115e-01,5.000000000000000e-01
7.363803232839637e-01,4.733172301570444e-01,15928,26258,1.975606048450799e+00,-8.275951900522106e-02,0.000000000000000e+00,1.814320590671092e+00,9.935736760645779e-01,-3.220062453994941e-02,0.000000000000000e+00,1.301756099578283e+00,5.050268212296555e+00,1,7.987499833106995e-01,5.200999975204468e-01,7.987499833106995e-01,5.000000000000000e-01
7.363772205219584e-01,4.712083529027785e-01,15933,26263,1.960664920345728e+00,-7.486353802060841e-02,0.000000000000000e+00,1.814268868695090e+00,9.935671507471997e-01,-3.231634838292709e-02,0.000000000000000e+00,1.301758940862008e+00,5.050274969453508e+00,1,7.990000247955322e-01,5.200999975204468e-01,7.990000247955322e-01,5.000000000000000e-01
7.363741184995863e-01,4.690999783606123e-01,15938,26268,1.945727353892179e+00,-6.696943927222915e-02,0.000000000000000e+00,1.814217159048521e+00,9.935606269853199e-01,-3.243204463976813e-02,0.000000000000000e+00,1.301761781468430e+00,5.050281724999693e+00,1,7.992500066757202e-01,5.200999975204468e-01,7.992500066757202e-01,5.000000000000000e-01
7.363710164772144e-01,4.669916038184442e-01,15943,26273,1.930789787438616e+00,-5.907534052384288e-02,0.000000000000000e+00,1.814165449401953e+00,9.935541032234406e-01,-3.254774089660929e-02,0.000000000000000e+00,1.301764622074853e+00,5.050288480545881e+00,1,7.994999885559082e-01,5.200999975204468e-01,7.994999885559082e-01,5.000000000000000e-01
7.363679144548423e-01,4.648832292762771e-01,15948,26278,1.915852220985060e+00,-5.118124177546012e-02,0.000000000000000e+00,1.814113739755384e+00,9.935475794615610e-01,-3.266343715345038e-02,0.000000000000000e+00,1.301767462681275e+00,5.050295236092066e+00,1,7.997499704360962e-01,5.200999975204468e-01,7.997499704360962e-01,5.000000000000000e-01
7.363648093031926e-01,4.627743314574268e-01,15953,26284,1.900911041937015e+00,-4.328523026889596e-02,0.000000000000000e+00,1.814062021679146e+00,9.935410514097189e-01,-3.277915934762183e-02,0.000000000000000e+00,1.301770305179786e+00,5.050301994761049e+00,1,8.000000119209290e-01,5.200999975204468e-01,8.000000119209290e-01,5.000000000000000e-01
7.363115964393778e-01,4.602347175838578e-01,15958,26289,1.884905201403673e+00,-3.475108605149761e-02,0.000000000000000e+00,1.814092090075750e+00,9.934771859414014e-01,-3.286028013792631e-02,0.000000000000000e+00,1.301798619856117e+00,5.050340457584144e+00,1,8.002499938011169e-01,5.200999975204468e-01,8.002499938011169e-01,5.000000000000000e-01
7.362583835755626e-01,4.576951037102860e-01,15963,26294,1.868899360870310e+00,-2.621694183410550e-02,0.000000000000000e+00,1.814122158472355e+00,9.934133204730836e-01,-3.294140092823084e-02,0.000000000000000e+00,1.301826934532448e+00,5.050378920407241e+00,1,8.004999756813049e-01,5.200999975204468e-01,8.004999756813049e-01,5.000000000000000e-01
7.362051580238926e-01,4.551548843016948e-01,15968,26299,1.852889703970582e+00,-1.768076277070877e-02,0.000000000000000e+00,1.814152234038344e+00,9.933494397769479e-01,-3.302254106064074e-02,0.000000000000000e+00,1.301855255960014e+00,5.050417392401253e+00,1,8.007500171661377e-01,5.200999975204468e-01,8.007500171661377e-01,5.000000000000000e-01
7.361519451600778e-01,4.526152704281243e-01,15973,26304,1.836883863437229e+00,-9.146618553313512e-03,0.000000000000000e+00,1.814182302434948e+00,9.932855743086304e-01,-3.310366185094524e-02,0.000000000000000e+00,1.301883570636344e+00,5.050455855224350e+00,1,8.009999990463257e-01,5.200999975204468e-01,8.009999990463257e-01,5.000000000000000e-01
7.360987322962628e-01,4.500756565545527e-01,15978,26309,1.820878022903866e+00,-6.124743359213931e-04,0.000000000000000e+00,1.814212370831553e+00,9.932217088403127e-01,-3.318478264124977e-02,0.000000000000000e+00,1.301911885312675e+00,5.050494318047447e+00,1,8.012499809265137e-01,5.200999975204468e-01,8.012499809265137e-01,5.000000000000000e-01
7.360455067445929e-01,4.475354371459643e-01,15983,26314,1.804868366004160e+00,7.923704727481596e-03,0.000000000000000e+00,1.814242446397541e+00,9.931578281441772e-01,-3.326592277365964e-02,0.000000000000000e+00,1.301940206740240e+00,5.050532790041459e+00,1,8.015000224113464e-01,5.200999975204468e-01,8.015000224113464e-01,5.000000000000000e-01
7.359922938807779e-01,4.449958232723925e-01,15988,26319,1.788862525470797e+00,1.645784894487369e-02,0.000000000000000e+00,1.814272514794146e+00,9.930939626758596e-01,-3.334704356396417e-02,0.000000000000000e+00,1.301968521416571e+00,5.050571252864558e+00,1,8.017500042915344e-01,5.200999975204468e-01,8.017500042915344e-01,5.000000000000000e-01
7.359390810169630e-01,4.424562093988229e-01,15993,26324,1.772856684937447e+00,2.499199316225822e-02,0.000000000000000e+00,1.814302583190751e+00,9.930300972075418e-01,-3.342816435426861e-02,0.000000000000000e+00,1.301996836092902e+00,5.050609715687654e+00,1,8.019999861717224e-01,5.200999975204468e-01,8.019999861717224e-01,5.000000000000000e-01
7.358858554652932e-01,4.399159899902301e-01,15998,26329,1.756847028037713e+00,3.352817222567638e-02,0.000000000000000e+00,1.814332658756740e+00,9.929662165114064e-01,-3.350930448667864e-02,0.000000000000000e+00,1.302025157520467e+00,5.050648187681666e+00,1,8.022500276565552e-01,5.200999975204468e-01,8.022500276565552e-01,5.000000000000000e-01
7.358326426014781e-01,4.373763761166599e-01,16003,26334,1.740841187504360e+00,4.206231644307177e-02,0.000000000000000e+00,1.814362727153344e+00,9.929023510430888e-01,-3.359042527698314e-02,0.000000000000000e+00,1.302053472196798e+00,5.050686650504763e+00,1,8.025000095367432e-01,5.200999975204468e-01,8.025000095367432e-01,5.000000000000000e-01
7.357794297376632e-01,4.348367622430899e-01,16008,26339,1.724835346971007e+00,5.059646066044925e-02,0.000000000000000e+00,1.814392795549949e+00,9.928384855747711e-01,-3.367154606728756e-02,0.000000000000000e+00,1.302081786873129e+00,5.050725113327859e+00,1,8.027499914169312e-01,5.200999975204468e-01,8.027499914169312e-01,5.000000000000000e-01
7.357262168738482e-01,4.322971483695177e-01,16013,26344,1.708829506437641e+00,5.913060487783423e-02,0.000000000000000e+00,1.814422863946553e+00,9.927746201064532e-01,-3.375266685759207e-02,0.000000000000000e+00,1.302110101549460e+00,5.050763576150956e+00,1,8.029999732971191e-01,5.200999975204468e-01,8.029999732971191e-01,5.000000000000000e-01
7.356729913221783e-01,4.297569289609285e-01,16018,26349,1.692819849537930e+00,6.766678394124814e-02,0.000000000000000e+00,1.814452939512542e+00,9.927107394103178e-01,-3.383380699000200e-02,0.000000000000000e+00,1.302138422977025e+00,5.050802048144970e+00,1,8.032500147819519e-01,5.200999975204468e-01,8.032500147819519e-01,5.000000000000000e-01
7.356197784583633e-01,4.272173150873602e-01,16023,26354,1.676814009004589e+00,7.620092815862886e-02,0.000000000000000e+00,1.814483007909147e+00,9.926468739420002e-01,-3.391492778030641e-02,0.000000000000000e+00,1.302166737653356e+00,5.050840510968065e+00,1,8.034999966621399e-01,5.200999975204468e-01,8.034999966621399e-01,5.000000000000000e-01
7.355665655945485e-01,4.246777012137872e-01,16028,26359,1.660808168471218e+00,8.473507237602478e-02,0.000000000000000e+00,1.814513076305752e+00,9.925830084736826e-01,-3.399604857061098e-02,0.000000000000000e+00,1.302195052329687e+00,5.050878973791162e+00,1,8.037499785423279e-01,5.200999975204468e-01,8.037499785423279e-01,5.000000000000000e-01
7.355133400428786e-01,4.221374818051971e-01,16033,26364,1.644798511571501e+00,9.327125143944254e-02,0.000000000000000e+00,1.814543151871741e+00,9.925191277775470e-01,-3.407718870302093e-02,0.000000000000000e+00,1.302223373757252e+00,5.050917445785174e+00,1,8.040000200271606e-01,5.200999975204468e-01,8.040000200271606e-01,5.000000000000000e-01
7.354601271790635e-01,4.195978679316249e-01,16038,26369,1.628792671038135e+00,1.018053956568274e-01,0.000000000000000e+00,1.814573220268345e+00,9.924552623092294e-01,-3.415830949332543e-02,0.000000000000000e+00,1.302251688433583e+00,5.050955908608272e+00,1,8.042500019073486e-01,5.200999975204468e-01,8.042500019073486e-01,5.000000000000000e-01
7.354069143152485e-01,4.170582540580554e-01,16043,26374,1.612786830504785e+00,1.103395398742120e-01,0.000000000000000e+00,1.814603288664950e+00,9.923913968409117e-01,-3.423943028362988e-02,0.000000000000000e+00,1.302280003109914e+00,5.050994371431369e+00,1,8.044999837875366e-01,5.200999975204468e-01,8.044999837875366e-01,5.000000000000000e-01
7.353536887635785e-01,4.145180346494647e-01,16048,26379,1.596777173605064e+00,1.188757189376226e-01,0.000000000000000e+00,1.814633364230938e+00,9.923275161447762e-01,-3.432057041603984e-02,0.000000000000000e+00,1.302308324537479e+00,5.051032843425381e+00,1,8.047500252723694e-01,5.200999975204468e-01,8.047500252723694e-01,5.000000000000000e-01
7.353004758997637e-01,4.119784207758952e-01,16053,26384,1.580771333071716e+00,1.274098631550071e-01,0.000000000000000e+00,1.814663432627543e+00,9.922636506764585e-01,-3.440169120634429e-02,0.000000000000000e+00,1.302336639213809e+00,5.051071306248478e+00,1,8.050000071525574e-01,5.200999975204468e-01,8.050000071525574e-01,5.000000000000000e-01
7.352472630359487e-01,4.094388069023221e-01,16058,26389,1.564765492538345e+00,1.359440073724030e-01,0.000000000000000e+00,1.814693501024148e+00,9.921997852081408e-01,-3.448281199664885e-02,0.000000000000000e+00,1.302364953890141e+00,5.051109769071575e+00,1,8.052499890327454e-01,5.200999975204468e-01,8.052499890327454e-01,5.000000000000000e-01
7.351940501721338e-01,4.068991930287527e-01,16063,26394,1.548759652004996e+00,1.444781515897876e-01,0.000000000000000e+00,1.814723569420753e+00,9.921359197398232e-01,-3.456393278695329e-02,0.000000000000000e+00,1.302393268566471e+00,5.051148231894670e+00,1,8.054999709129333e-01,5.200999975204468e-01,8.054999709129333e-01,5.000000000000000e-01
7.351408246204638e-01,4.043589736201609e-01,16068,26399,1.532749995105269e+00,1.530143306532019e-01,0.000000000000000e+00,1.814753644986741e+00,9.920720390436877e-01,-3.464507291936328e-02,0.000000000000000e+00,1.302421589994036e+00,5.051186703888684e+00,1,8.057500123977661e-01,5.200999975204468e-01,8.057500123977661e-01,5.000000000000000e-01
7.350876117566489e-01,4.018193597465914e-01,16073,26404,1.516744154571919e+00,1.615484748705864e-01,0.000000000000000e+00,1.814783713383346e+00,9.920081735753701e-01,-3.472619370966773e-02,0.000000000000000e+00,1.302449904670367e+00,5.051225166711780e+00,1,8.059999942779541e-01,5.200999975204468e-01,8.059999942779541e-01,5.000000000000000e-01
7.350343988928341e-01,3.992797458730219e-01,16078,26409,1.500738314038570e+00,1.700826190879710e-01,0.000000000000000e+00,1.814813781779951e+00,9.919443081070523e-01,-3.480731449997217e-02,0.000000000000000e+00,1.302478219346698e+00,5.051263629534876e+00,1,8.062499761581421e-01,5.200999975204468e-01,8.062499761581421e-01,5.000000000000000e-01
7.349811733411640e-01,3.967395264644289e-01,16083,26414,1.484728657138836e+00,1.786187981513891e-01,0.000000000000000e+00,1.814843857345939e+00,9.918804274109168e-01,-3.488845463238219e-02,0.000000000000000e+00,1.302506540774263e+00,5.051302101528890e+00,1,8.065000176429749e-01,5.200999975204468e-01,8.065000176429749e-01,5.000000000000000e-01
7.349279604773491e-01,3.941999125908605e-01,16088,26419,1.468722816605493e+00,1.871529423687699e-01,0.000000000000000e+00,1.814873925742544e+00,9.918165619425992e-01,-3.496957542268660e-02,0.000000000000000e+00,1.302534855450594e+00,5.051340564351986e+00,1,8.067499995231628e-01,5.200999975204468e-01,8.067499995231628e-01,5.000000000000000e-01
7.348747476135344e-01,3.916602987172904e-01,16093,26424,1.452716976072141e+00,1.956870865861655e-01,0.000000000000000e+00,1.814903994139149e+00,9.917526964742815e-01,-3.505069621299110e-02,0.000000000000000e+00,1.302563170126925e+00,5.051379027175083e+00,1,8.069999814033508e-01,5.200999975204468e-01,8.069999814033508e-01,5.000000000000000e-01
7.348215220618644e-01,3.891200793086999e-01,16098,26429,1.436707319172420e+00,2.042232656495762e-01,0.000000000000000e+00,1.814934069705137e+00,9.916888157781462e-01,-3.513183634540105e-02,0.000000000000000e+00,1.302591491554490e+00,5.051417499169096e+00,1,8.072500228881836e-01,5.200999975204468e-01,8.072500228881836e-01,5.000000000000000e-01
7.347683091980493e-01,3.865804654351264e-01,16103,26434,1.420701478639046e+00,2.127574098669646e-01,0.000000000000000e+00,1.814964138101742e+00,9.916249503098282e-01,-3.521295713570559e-02,0.000000000000000e+00,1.302619806230821e+00,5.051455961992192e+00,1,8.075000047683716e-01,5.200999975204468e-01,8.075000047683716e-01,5.000000000000000e-01
7.347150963342343e-01,3.840408515615557e-01,16108,26439,1.404695638105690e+00,2.212915540843530e-01,0.000000000000000e+00,1.814994206498347e+00,9.915610848415108e-01,-3.529407792601008e-02,0.000000000000000e+00,1.302648120907152e+00,5.051494424815289e+00,1,8.077499866485596e-01,5.200999975204468e-01,8.077499866485596e-01,5.000000000000000e-01
7.346618707825644e-01,3.815006321529650e-01,16113,26444,1.388685981205969e+00,2.298277331477636e-01,0.000000000000000e+00,1.815024282064335e+00,9.914972041453751e-01,-3.537521805842003e-02,0.000000000000000e+00,1.302676442334717e+00,5.051532896809302e+00,1,8.080000281333923e-01,5.200999975204468e-01,8.080000281333923e-01,5.000000000000000e-01
7.346086579187495e-01,3.789610182793967e-01,16118,26449,1.372680140672627e+00,2.383618773651443e-01,0.000000000000000e+00,1.815054350460940e+00,9.914333386770575e-01,-3.545633884872444e-02,0.000000000000000e+00,1.302704757011048e+00,5.051571359632399e+00,1,8.082500100135803e-01,5.200999975204468e-01,8.082500100135803e-01,5.000000000000000e-01
7.345554450549345e-01,3.764214044058260e-01,16123,26454,1.356674300139272e+00,2.468960215825326e-01,0.000000000000000e+00,1.815084418857545e+00,9.913694732087398e-01,-3.553745963902892e-02,0.000000000000000e+00,1.302733071687379e+00,5.051609822455495e+00,1,8.084999918937683e-01,5.200999975204468e-01,8.084999918937683e-01,5.000000000000000e-01
7.345022321911195e-01,3.738817905322542e-01,16128,26459,1.340668459605908e+00,2.554301657999247e-01,0.000000000000000e+00,1.815114487254149e+00,9.913056077404221e-01,-3.561858042933344e-02,0.000000000000000e+00,1.302761386363709e+00,5.051648285278592e+00,1,8.087499737739563e-01,5.200999975204468e-01,8.087499737739563e-01,5.000000000000000e-01
7.344490066394497e-01,3.713415711236636e-01,16133,26464,1.324658802706187e+00,2.639663448633353e-01,0.000000000000000e+00,1.815144562820138e+00,9.912417270442866e-01,-3.569972056174339e-02,0.000000000000000e+00,1.302789707791275e+00,5.051686757272605e+00,1,8.090000152587891e-01,5.200999975204468e-01,8.090000152587891e-01,5.000000000000000e-01
7.343957937756347e-01,3.688019572500929e-01,16138,26469,1.308652962172831e+00,2.725004890807236e-01,0.000000000000000e+00,1.815174631216743e+00,9.911778615759690e-01,-3.578084135204788e-02,0.000000000000000e+00,1.302818022467605e+00,5.051725220095701e+00,1,8.092499971389771e-01,5.200999975204468e-01,8.092499971389771e-01,5.000000000000000e-01
7.343425809118198e-01,3.662623433765223e-01,16143,26474,1.292647121639475e+00,2.810346332981119e-01,0.000000000000000e+00,1.815204699613348e+00,9.911139961076514e-01,-3.586196214235236e-02,0.000000000000000e+00,1.302846337143936e+00,5.051763682918798e+00,1,8.094999790191650e-01,5.200999975204468e-01,8.094999790191650e-01,5.000000000000000e-01
7.342893553601497e-01,3.637221239679317e-01,16148,26479,1.276637464739754e+00,2.895708123615225e-01,0.000000000000000e+00,1.815234775179336e+00,9.910501154115157e-01,-3.594310227476231e-02,0.000000000000000e+00,1.302874658571501e+00,5.051802154912811e+00,1,8.097500205039978e-01,5.200999975204468e-01,8.097500205039978e-01,5.000000000000000e-01
7.342361424963348e-01,3.611825100943604e-01,16153,26485,1.260631624206395e+00,2.981049565789032e-01,0.000000000000000e+00,1.815264843575941e+00,9.909862499431981e-01,-3.602422306506679e-02,0.000000000000000e+00,1.302902973247832e+00,5.051840617735907e+00,1,8.100000023841858e-01,5.200999975204468e-01,8.100000023841858e-01,5.000000000000000e-01
7.341307777523823e-01,3.592313765445385e-01,16158,26490,1.246262288985795e+00,3.059732951006808e-01,0.000000000000000e+00,1.815383817661644e+00,9.908635307396173e-01,-3.605062954948075e-02,0.000000000000000e+00,1.302957695263470e+00,5.051911902518969e+00,1,8.102499842643738e-01,5.200999975204468e-01,8.102499842643738e-01,5.000000000000000e-01
7.340253883832055e-01,3.572797721606324e-01,16163,26495,1.231889511988750e+00,3.138435160680580e-01,0.000000000000000e+00,1.815502819266910e+00,9.907407828368197e-01,-3.607704285210107e-02,0.000000000000000e+00,1.303012430074883e+00,5.051983203985770e+00,1,8.105000257492065e-01,5.200999975204468e-01,8.105000257492065e-01,5.000000000000000e-01
7.339200241366435e-01,3.553286329982705e-01,16168,26500,1.217520161160231e+00,3.217118609398379e-01,0.000000000000000e+00,1.815621792504689e+00,9.906180641945470e-01,-3.610344985834413e-02,0.000000000000000e+00,1.303067151838665e+00,5.052054488455798e+00,1,8.107500076293945e-01,5.200999975204468e-01,8.107500076293945e-01,5.000000000000000e-01
7.338146598900815e-01,3.533774938359084e-01,16173,26505,1.203150810331709e+00,3.295802058116289e-01,0.000000000000000e+00,1.815740765742468e+00,9.904953455522744e-01,-3.612985686458720e-02,0.000000000000000e+00,1.303121873602447e+00,5.052125772925826e+00,1,8.109999895095825e-01,5.200999975204468e-01,8.109999895095825e-01,5.000000000000000e-01
7.337092956435195e-01,3.514263546735489e-01,16178,26510,1.188781459503206e+00,3.374485506834094e-01,0.000000000000000e+00,1.815859738980248e+00,9.903726269100019e-01,-3.615626387083023e-02,0.000000000000000e+00,1.303176595366229e+00,5.052197057395854e+00,1,8.112499713897705e-01,5.200999975204468e-01,8.112499713897705e-01,5.000000000000000e-01
7.336039062743426e-01,3.494747502896421e-01,16183,26515,1.174408682506157e+00,3.453187716507791e-01,0.000000000000000e+00,1.815978740585513e+00,9.902498790072042e-01,-3.618267717345055e-02,0.000000000000000e+00,1.303231330177641e+00,5.052268358862654e+00,1,8.115000128746033e-01,5.200999975204468e-01,8.115000128746033e-01,5.000000000000000e-01
7.334985420277805e-01,3.475236111272791e-01,16188,26520,1.160039331677629e+00,3.531871165225735e-01,0.000000000000000e+00,1.816097713823293e+00,9.901271603649316e-01,-3.620908417969364e-02,0.000000000000000e+00,1.303286051941424e+00,5.052339643332683e+00,1,8.117499947547913e-01,5.200999975204468e-01,8.117499947547913e-01,5.000000000000000e-01
7.333931777812186e-01,3.455724719649197e-01,16193,26525,1.145669980849127e+00,3.610554613943540e-01,0.000000000000000e+00,1.816216687061072e+00,9.900044417226593e-01,-3.623549118593666e-02,0.000000000000000e+00,1.303340773705205e+00,5.052410927802711e+00,1,8.119999766349792e-01,5.200999975204468e-01,8.119999766349792e-01,5.000000000000000e-01
7.332877884120417e-01,3.436208675810119e-01,16198,26530,1.131297203852071e+00,3.689256823617272e-01,0.000000000000000e+00,1.816335688666338e+00,9.898816938198618e-01,-3.626190448855700e-02,0.000000000000000e+00,1.303395508516618e+00,5.052482229269512e+00,1,8.122500181198120e-01,5.200999975204468e-01,8.122500181198120e-01,5.000000000000000e-01
7.331824241654797e-01,3.416697284186507e-01,16203,26535,1.116927853023556e+00,3.767940272335147e-01,0.000000000000000e+00,1.816454661904117e+00,9.897589751775890e-01,-3.628831149480007e-02,0.000000000000000e+00,1.303450230280400e+00,5.052553513739539e+00,1,8.125000000000000e-01,5.200999975204468e-01,8.125000000000000e-01,5.000000000000000e-01
7.330770599189177e-01,3.397185892562903e-01,16208,26540,1.102558502195047e+00,3.846623721052985e-01,0.000000000000000e+00,1.816573635141896e+00,9.896362565353165e-01,-3.631471850104312e-02,0.000000000000000e+00,1.303504952044182e+00,5.052624798209567e+00,1,8.127499818801880e-01,5.200999975204468e-01,8.127499818801880e-01,5.000000000000000e-01
7.329716705497408e-01,3.377669848723826e-01,16213,26545,1.088185725197992e+00,3.925325930726717e-01,0.000000000000000e+00,1.816692636747162e+00,9.895135086325189e-01,-3.634113180366345e-02,0.000000000000000e+00,1.303559686855594e+00,5.052696099676368e+00,1,8.130000233650208e-01,5.200999975204468e-01,8.130000233650208e-01,5.000000000000000e-01
7.328663063031786e-01,3.358158457100205e-01,16218,26550,1.073816374369470e+00,4.004009379444626e-01,0.000000000000000e+00,1.816811609984941e+00,9.893907899902461e-01,-3.636753880990652e-02,0.000000000000000e+00,1.303614408619377e+00,5.052767384146396e+00,1,8.132500052452087e-01,5.200999975204468e-01,8.132500052452087e-01,5.000000000000000e-01
7.327609420566165e-01,3.338647065476593e-01,16223,26555,1.059447023540954e+00,4.082692828162501e-01,0.000000000000000e+00,1.816930583222720e+00,9.892680713479736e-01,-3.639394581614958e-02,0.000000000000000e+00,1.303669130383158e+00,5.052838668616423e+00,1,8.134999871253967e-01,5.200999975204468e-01,8.134999871253967e-01,5.000000000000000e-01
7.326555526874398e-01,3.319131021637533e-01,16228,26560,1.045074246543912e+00,4.161395037836163e-01,0.000000000000000e+00,1.817049584827986e+00,9.891453234451759e-01,-3.642035911876989e-02,0.000000000000000e+00,1.303723865194571e+00,5.052909970083226e+00,1,8.137500286102295e-01,5.200999975204468e-01,8.137500286102295e-01,5.000000000000000e-01
7.325501884408778e-01,3.299619630013921e-01,16233,26565,1.030704895715396e+00,4.240078486554038e-01,0.000000000000000e+00,1.817168558065765e+00,9.890226048029035e-01,-3.644676612501295e-02,0.000000000000000e+00,1.303778586958353e+00,5.052981254553252e+00,1,8.140000104904175e-01,5.200999975204468e-01,8.140000104904175e-01,5.000000000000000e-01
7.324448241943159e-01,3.280108238390317e-01,16238,26570,1.016335544886887e+00,4.318761935271878e-01,0.000000000000000e+00,1.817287531303544e+00,9.888998861606311e-01,-3.647317313125600e-02,0.000000000000000e+00,1.303833308722135e+00,5.053052539023280e+00,1,8.142499923706055e-01,5.200999975204468e-01,8.142499923706055e-01,5.000000000000000e-01
7.323394599477536e-01,3.260596846766696e-01,16243,26575,1.001966194058365e+00,4.397445383989788e-01,0.000000000000000e+00,1.817406504541323e+00,9.887771675183583e-01,-3.649958013749907e-02,0.000000000000000e+00,1.303888030485917e+00,5.053123823493308e+00,1,8.144999742507935e-01,5.200999975204468e-01,8.144999742507935e-01,5.000000000000000e-01
7.322340705785767e-01,3.241080802927619e-01,16248,26580,9.875934170613099e-01,4.476147593663518e-01,0.000000000000000e+00,1.817525506146589e+00,9.886544196155607e-01,-3.652599344011941e-02,0.000000000000000e+00,1.303942765297330e+00,5.053195124960109e+00,1,8.147500157356262e-01,5.200999975204468e-01,8.147500157356262e-01,5.000000000000000e-01
7.321287063320148e-01,3.221569411304007e-01,16253,26585,9.732240662327943e-01,4.554831042381393e-01,0.000000000000000e+00,1.817644479384368e+00,9.885317009732881e-01,-3.655240044636246e-02,0.000000000000000e+00,1.303997487061112e+00,5.053266409430137e+00,1,8.149999976158142e-01,5.200999975204468e-01,8.149999976158142e-01,5.000000000000000e-01
7.320233420854528e-01,3.202058019680382e-01,16258,26590,9.588547154042751e-01,4.633514491099196e-01,0.000000000000000e+00,1.817763452622148e+00,9.884089823310156e-01,-3.657880745260553e-02,0.000000000000000e+00,1.304052208824894e+00,5.053337693900164e+00,1,8.152499794960022e-01,5.200999975204468e-01,8.152499794960022e-01,5.000000000000000e-01
7.319179527162759e-01,3.182541975841314e-01,16263,26595,9.444819384072264e-01,4.712216700772894e-01,0.000000000000000e+00,1.817882454227413e+00,9.882862344282177e-01,-3.660522075522586e-02,0.000000000000000e+00,1.304106943636306e+00,5.053408995366966e+00,1,8.155000209808350e-01,5.200999975204468e-01,8.155000209808350e-01,5.000000000000000e-01
7.318125884697140e-01,3.163030584217723e-01,16268,26600,9.301125875787210e-01,4.790900149490804e-01,0.000000000000000e+00,1.818001427465193e+00,9.881635157859454e-01,-3.663162776146889e-02,0.000000000000000e+00,1.304161665400088e+00,5.053480279836993e+00,1,8.157500028610229e-01,5.200999975204468e-01,8.157500028610229e-01,5.000000000000000e-01
7.317072242231517e-01,3.143519192594101e-01,16273,26605,9.157432367501990e-01,4.869583598208713e-01,0.000000000000000e+00,1.818120400702972e+00,9.880407971436727e-01,-3.665803476771197e-02,0.000000000000000e+00,1.304216387163870e+00,5.053551564307021e+00,1,8.159999847412109e-01,5.200999975204468e-01,8.159999847412109e-01,5.000000000000000e-01
7.316018348539750e-01,3.124003148755042e-01,16278,26610,9.013704597531567e-01,4.948285807882375e-01,0.000000000000000e+00,1.818239402308237e+00,9.879180492408752e-01,-3.668444807033228e-02,0.000000000000000e+00,1.304271121975283e+00,5.053622865773823e+00,1,8.162500262260437e-01,5.200999975204468e-01,8.162500262260437e-01,5.000000000000000e-01
7.314964706074130e-01,3.104491757131430e-01,16283,26615,8.870011089246411e-01,5.026969256600250e-01,0.000000000000000e+00,1.818358375546016e+00,9.877953305986025e-01,-3.671085507657533e-02,0.000000000000000e+00,1.304325843739065e+00,5.053694150243849e+00,1,8.165000081062317e-01,5.200999975204468e-01,8.165000081062317e-01,5.000000000000000e-01
7.313911063608509e-01,3.084980365507826e-01,16288,26620,8.726317580961320e-01,5.105652705318089e-01,0.000000000000000e+00,1.818477348783796e+00,9.876726119563299e-01,-3.673726208281838e-02,0.000000000000000e+00,1.304380565502847e+00,5.053765434713878e+00,1,8.167499899864197e-01,5.200999975204468e-01,8.167499899864197e-01,5.000000000000000e-01
7.312857421142889e-01,3.065468973884206e-01,16293,26625,8.582624072676102e-01,5.184336154035999e-01,0.000000000000000e+00,1.818596322021575e+00,9.875498933140574e-01,-3.676366908906146e-02,0.000000000000000e+00,1.304435287266629e+00,5.053836719183906e+00,1,8.169999718666077e-01,5.200999975204468e-01,8.169999718666077e-01,5.000000000000000e-01
7.311803527451122e-01,3.045952930045145e-01,16298,26630,8.438896302705676e-01,5.263038363709661e-01,0.000000000000000e+00,1.818715323626841e+00,9.874271454112599e-01,-3.679008239168177e-02,0.000000000000000e+00,1.304490022078042e+00,5.053908020650707e+00,1,8.172500133514404e-01,5.200999975204468e-01,8.172500133514404e-01,5.000000000000000e-01
7.310749884985499e-01,3.026441538421516e-01,16303,26635,8.295202794420393e-01,5.341721812427606e-01,0.000000000000000e+00,1.818834296864620e+00,9.873044267689872e-01,-3.681648939792485e-02,0.000000000000000e+00,1.304544743841824e+00,5.053979305120735e+00,1,8.174999952316284e-01,5.200999975204468e-01,8.174999952316284e-01,5.000000000000000e-01
7.309696242519879e-01,3.006930146797888e-01,16308,26640,8.151509286135199e-01,5.420405261145411e-01,0.000000000000000e+00,1.818953270102399e+00,9.871817081267146e-01,-3.684289640416793e-02,0.000000000000000e+00,1.304599465605605e+00,5.054050589590761e+00,1,8.177499771118164e-01,5.200999975204468e-01,8.177499771118164e-01,5.000000000000000e-01
7.308642348828110e-01,2.987414102958835e-01,16313,26645,8.007781516164749e-01,5.499107470819176e-01,0.000000000000000e+00,1.819072271707665e+00,9.870589602239170e-01,-3.686930970678823e-02,0.000000000000000e+00,1.304654200417018e+00,5.054121891057564e+00,1,8.180000185966492e-01,5.200999975204468e-01,8.180000185966492e-01,5.000000000000000e-01
7.307588706362491e-01,2.967902711335240e-01,16318,26650,7.864088007879724e-01,5.577790919536982e-01,0.000000000000000e+00,1.819191244945444e+00,9.869362415816445e-01,-3.689571671303127e-02,0.000000000000000e+00,1.304708922180800e+00,5.054193175527591e+00,1,8.182500004768372e-01,5.200999975204468e-01,8.182500004768372e-01,5.000000000000000e-01
7.306535063896870e-01,2.948391319711611e-01,16323,26655,7.720394499594438e-01,5.656474368254926e-01,0.000000000000000e+00,1.819310218183223e+00,9.868135229393720e-01,-3.692212371927435e-02,0.000000000000000e+00,1.304763643944582e+00,5.054264459997619e+00,1,8.184999823570251e-01,5.200999975204468e-01,8.184999823570251e-01,5.000000000000000e-01
7.305481170205101e-01,2.928875275872551e-01,16328,26660,7.576666729624015e-01,5.735176577928587e-01,0.000000000000000e+00,1.819429219788489e+00,9.866907750365743e-01,-3.694853702189466e-02,0.000000000000000e+00,1.304818378755995e+00,5.054335761464420e+00,1,8.187500238418579e-01,5.200999975204468e-01,8.187500238418579e-01,5.000000000000000e-01
7.304427527739481e-01,2.909363884248938e-01,16333,26665,7.432973221338859e-01,5.813860026646462e-01,0.000000000000000e+00,1.819548193026268e+00,9.865680563943018e-01,-3.697494402813772e-02,0.000000000000000e+00,1.304873100519777e+00,5.054407045934448e+00,1,8.190000057220459e-01,5.200999975204468e-01,8.190000057220459e-01,5.000000000000000e-01
7.303373885273861e-01,2.889852492625326e-01,16338,26670,7.289279713053703e-01,5.892543475364336e-01,0.000000000000000e+00,1.819667166264047e+00,9.864453377520290e-01,-3.700135103438078e-02,0.000000000000000e+00,1.304927822283559e+00,5.054478330404475e+00,1,8.192499876022339e-01,5.200999975204468e-01,8.192499876022339e-01,5.000000000000000e-01
7.302319991582094e-01,2.870336448786266e-01,16343,26675,7.145551943083280e-01,5.971245685037998e-01,0.000000000000000e+00,1.819786167869313e+00,9.863225898492316e-01,-3.702776433700110e-02,0.000000000000000e+00,1.304982557094971e+00,5.054549631871278e+00,1,8.195000290870667e-01,5.200999975204468e-01,8.195000290870667e-01,5.000000000000000e-01
7.301266349116471e-01,2.850825057162645e-01,16348,26680,7.001858434798062e-01,6.049929133755907e-01,0.000000000000000e+00,1.819905141107092e+00,9.861998712069591e-01,-3.705417134324417e-02,0.000000000000000e+00,1.305037278858753e+00,5.054620916341305e+00,1,8.197500109672546e-01,5.200999975204468e-01,8.197500109672546e-01,5.000000000000000e-01
7.300212706650853e-01,2.831313665539033e-01,16353,26686,6.858164926512905e-01,6.128612582473784e-01,0.000000000000000e+00,1.820024114344872e+00,9.860771525646865e-01,-3.708057834948723e-02,0.000000000000000e+00,1.305092000622535e+00,5.054692200811331e+00,1,8.199999928474426e-01,5.200999975204468e-01,8.199999928474426e-01,5.000000000000000e-01
7.298801273454543e-01,2.826597342966362e-01,16358,26691,6.765410474765453e-01,6.169011526001573e-01,0.000000000000000e+00,1.820211547680055e+00,9.859154524945692e-01,-3.705567990541705e-02,0.000000000000000e+00,1.305167558103446e+00,5.054796919762877e+00,1,8.202499747276306e-01,5.200999975204468e-01,8.202499747276306e-01,5.000000000000000e-01
7.297389493481996e-01,2.821880319287275e-01,16363,26696,6.672635364903292e-01,6.209419006385714e-01,0.000000000000000e+00,1.820399027665391e+00,9.857537127537102e-01,-3.703077405630583e-02,0.000000000000000e+00,1.305243134196287e+00,5.054901664640069e+00,1,8.205000162124634e-01,5.200999975204468e-01,8.205000162124634e-01,5.000000000000000e-01
7.295978050048179e-01,2.817164420047704e-01,16368,26701,6.579882370681228e-01,6.249816854474222e-01,0.000000000000000e+00,1.820586462959431e+00,9.855920115682124e-01,-3.700587414422656e-02,0.000000000000000e+00,1.305318692273372e+00,5.055006384548278e+00,1,8.207499980926514e-01,5.200999975204468e-01,8.207499980926514e-01,5.000000000000000e-01
7.294566606614360e-01,2.812448520808131e-01,16373,26706,6.487129376459165e-01,6.290214702562729e-01,0.000000000000000e+00,1.820773898253472e+00,9.854303103827147e-01,-3.698097423214729e-02,0.000000000000000e+00,1.305394250350458e+00,5.055111104456488e+00,1,8.209999799728394e-01,5.200999975204468e-01,8.209999799728394e-01,5.000000000000000e-01
7.293154826641812e-01,2.807731497129064e-01,16378,26711,6.394354266597045e-01,6.330622182946937e-01,0.000000000000000e+00,1.820961378238808e+00,9.852685706418556e-01,-3.695606838303604e-02,0.000000000000000e+00,1.305469826443298e+00,5.055215849333679e+00,1,8.212500214576721e-01,5.200999975204468e-01,8.212500214576721e-01,5.000000000000000e-01
7.291743383207994e-01,2.803015597889494e-01,16383,26716,6.301601272375024e-01,6.371020031035425e-01,0.000000000000000e+00,1.821148813532849e+00,9.851068694563581e-01,-3.693116847095678e-02,0.000000000000000e+00,1.305545384520384e+00,5.055320569241889e+00,1,8.215000033378601e-01,5.200999975204468e-01,8.215000033378601e-01,5.000000000000000e-01
7.290331939774177e-01,2.798299698649923e-01,16388,26721,6.208848278152960e-01,6.411417879123932e-01,0.000000000000000e+00,1.821336248826889e+00,9.849451682708603e-01,-3.690626855887751e-02,0.000000000000000e+00,1.305620942597470e+00,5.055425289150099e+00,1,8.217499852180481e-01,5.200999975204468e-01,8.217499852180481e-01,5.000000000000000e-01
7.288920159801630e-01,2.793582674970856e-01,16393,26726,6.116073168290881e-01,6.451825359508120e-01,0.000000000000000e+00,1.821523728812225e+00,9.847834285300011e-01,-3.688136270976627e-02,0.000000000000000e+00,1.305696518690310e+00,5.055530034027290e+00,1,8.220000267028809e-01,5.200999975204468e-01,8.220000267028809e-01,5.000000000000000e-01
7.287508716367812e-01,2.788866775731285e-01,16398,26731,6.023320174068817e-01,6.492223207596628e-01,0.000000000000000e+00,1.821711164106265e+00,9.846217273445035e-01,-3.685646279768699e-02,0.000000000000000e+00,1.305772076767396e+00,5.055634753935501e+00,1,8.222500085830688e-01,5.200999975204468e-01,8.222500085830688e-01,5.000000000000000e-01
7.286097272933996e-01,2.784150876491716e-01,16403,26736,5.930567179846795e-01,6.532621055685117e-01,0.000000000000000e+00,1.821898599400306e+00,9.844600261590060e-01,-3.683156288560775e-02,0.000000000000000e+00,1.305847634844482e+00,5.055739473843711e+00,1,8.224999904632568e-01,5.200999975204468e-01,8.224999904632568e-01,5.000000000000000e-01
7.284685829500178e-01,2.779434977252143e-01,16408,26741,5.837814185624690e-01,6.573018903773644e-01,0.000000000000000e+00,1.822086034694346e+00,9.842983249735082e-01,-3.680666297352846e-02,0.000000000000000e+00,1.305923192921567e+00,5.055844193751921e+00,1,8.227499723434448e-01,5.200999975204468e-01,8.227499723434448e-01,5.000000000000000e-01
7.283274049527628e-01,2.774717953573076e-01,16413,26746,5.745039075762611e-01,6.613426384157832e-01,0.000000000000000e+00,1.822273514679682e+00,9.841365852326491e-01,-3.678175712441722e-02,0.000000000000000e+00,1.305998769014408e+00,5.055948938629111e+00,1,8.230000138282776e-01,5.200999975204468e-01,8.230000138282776e-01,5.000000000000000e-01
7.281862606093812e-01,2.770002054333505e-01,16418,26751,5.652286081540548e-01,6.653824232246341e-01,0.000000000000000e+00,1.822460949973723e+00,9.839748840471516e-01,-3.675685721233796e-02,0.000000000000000e+00,1.306074327091494e+00,5.056053658537322e+00,1,8.232499957084656e-01,5.200999975204468e-01,8.232499957084656e-01,5.000000000000000e-01
7.280451162659993e-01,2.765286155093933e-01,16423,26756,5.559533087318485e-01,6.694222080334848e-01,0.000000000000000e+00,1.822648385267763e+00,9.838131828616538e-01,-3.673195730025869e-02,0.000000000000000e+00,1.306149885168579e+00,5.056158378445532e+00,1,8.234999775886536e-01,5.200999975204468e-01,8.234999775886536e-01,5.000000000000000e-01
7.279039382687448e-01,2.760569131414867e-01,16428,26761,5.466757977456406e-01,6.734629560719037e-01,0.000000000000000e+00,1.822835865253099e+00,9.836514431207948e-01,-3.670705145114744e-02,0.000000000000000e+00,1.306225461261420e+00,5.056263123322723e+00,1,8.237500190734863e-01,5.200999975204468e-01,8.237500190734863e-01,5.000000000000000e-01
7.277627939253628e-01,2.755853232175295e-01,16433,26766,5.374004983234343e-01,6.775027408807544e-01,0.000000000000000e+00,1.823023300547140e+00,9.834897419352970e-01,-3.668215153906818e-02,0.000000000000000e+00,1.306301019338505e+00,5.056367843230934e+00,1,8.240000009536743e-01,5.200999975204468e-01,8.240000009536743e-01,5.000000000000000e-01
7.276216495819811e-01,2.751137332935724e-01,16438,26771,5.281251989012279e-01,6.815425256896050e-01,0.000000000000000e+00,1.823210735841180e+00,9.833280407497993e-01,-3.665725162698891e-02,0.000000000000000e+00,1.306376577415591e+00,5.056472563139143e+00,1,8.242499828338623e-01,5.200999975204468e-01,8.242499828338623e-01,5.000000000000000e-01
7.274804715847263e-01,2.746420309256657e-01,16443,26776,5.188476879150200e-01,6.855832737280241e-01,0.000000000000000e+00,1.823398215826516e+00,9.831663010089404e-01,-3.663234577787767e-02,0.000000000000000e+00,1.306452153508431e+00,5.056577308016335e+00,1,8.245000243186951e-01,5.200999975204468e-01,8.245000243186951e-01,5.000000000000000e-01
7.273393272413446e-01,2.741704410017088e-01,16448,26781,5.095723884928178e-01,6.896230585368728e-01,0.000000000000000e+00,1.823585651120556e+00,9.830045998234427e-01,-3.660744586579841e-02,0.000000000000000e+00,1.306527711585517e+00,5.056682027924544e+00,1,8.247500061988831e-01,5.200999975204468e-01,8.247500061988831e-01,5.000000000000000e-01
7.271981828979628e-01,2.736988510777514e-01,16453,26786,5.002970890706073e-01,6.936628433457256e-01,0.000000000000000e+00,1.823773086414597e+00,9.828428986379449e-01,-3.658254595371913e-02,0.000000000000000e+00,1.306603269662602e+00,5.056786747832755e+00,1,8.249999880790710e-01,5.200999975204468e-01,8.249999880790710e-01,5.000000000000000e-01
7.270570049007081e-01,2.732271487098449e-01,16458,26791,4.910195780843995e-01,6.977035913841445e-01,0.000000000000000e+00,1.823960566399933e+00,9.826811588970861e-01,-3.655764010460789e-02,0.000000000000000e+00,1.306678845755443e+00,5.056891492709946e+00,1,8.252500295639038e-01,5.200999975204468e-01,8.252500295639038e-01,5.000000000000000e-01
7.269158605573264e-01,2.727555587858877e-01,16463,26796,4.817442786621932e-01,7.017433761929951e-01,0.000000000000000e+00,1.824148001693974e+00,9.825194577115882e-01,-3.653274019252862e-02,0.000000000000000e+00,1.306754403832529e+00,5.056996212618156e+00,1,8.255000114440918e-01,5.200999975204468e-01,8.255000114440918e-01,5.000000000000000e-01
7.267747162139444e-01,2.722839688619305e-01,16468,26801,4.724689792399867e-01,7.057831610018459e-01,0.000000000000000e+00,1.824335436988014e+00,9.823577565260906e-01,-3.650784028044934e-02,0.000000000000000e+00,1.306829961909614e+00,5.057100932526365e+00,1,8.257499933242798e-01,5.200999975204468e-01,8.257499933242798e-01,5.000000000000000e-01
7.266335718705628e-01,2.718123789379738e-01,16473,26806,4.631936798177888e-01,7.098229458106931e-01,0.000000000000000e+00,1.824522872282054e+00,9.821960553405931e-01,-3.648294036837010e-02,0.000000000000000e+00,1.306905519986700e+00,5.057205652434575e+00,1,8.259999752044678e-01,5.200999975204468e-01,8.259999752044678e-01,5.000000000000000e-01
7.264923938733081e-01,2.713406765700669e-01,16478,26811,4.539161688315766e-01,7.138636938491137e-01,0.000000000000000e+00,1.824710352267390e+00,9.820343155997339e-01,-3.645803451925886e-02,0.000000000000000e+00,1.306981096079541e+00,5.057310397311767e+00,1,8.262500166893005e-01,5.200999975204468e-01,8.262500166893005e-01,5.000000000000000e-01
7.263512495299262e-01,2.708690866461096e-01,16483,26816,4.446408694093661e-01,7.179034786579663e-01,0.000000000000000e+00,1.824897787561431e+00,9.818726144142362e-01,-3.643313460717957e-02,0.000000000000000e+00,1.307056654156626e+00,5.057415117219977e+00,1,8.264999985694885e-01,5.200999975204468e-01,8.264999985694885e-01,5.000000000000000e-01
7.262101051865444e-01,2.703974967221524e-01,16488,26821,4.353655699871598e-01,7.219432634668170e-01,0.000000000000000e+00,1.825085222855471e+00,9.817109132287385e-01,-3.640823469510030e-02,0.000000000000000e+00,1.307132212233712e+00,5.057519837128186e+00,1,8.267499804496765e-01,5.200999975204468e-01,8.267499804496765e-01,5.000000000000000e-01
7.260689271892895e-01,2.699257943542456e-01,16493,26826,4.260880590009478e-01,7.259840115052377e-01,0.000000000000000e+00,1.825272702840807e+00,9.815491734878793e-01,-3.638332884598905e-02,0.000000000000000e+00,1.307207788326552e+00,5.057624582005378e+00,1,8.270000219345093e-01,5.200999975204468e-01,8.270000219345093e-01,5.000000000000000e-01
7.259277828459080e-01,2.694542044302887e-01,16498,26831,4.168127595787456e-01,7.300237963140865e-01,0.000000000000000e+00,1.825460138134848e+00,9.813874723023819e-01,-3.635842893390979e-02,0.000000000000000e+00,1.307283346403638e+00,5.057729301913588e+00,1,8.272500038146973e-01,5.200999975204468e-01,8.272500038146973e-01,5.000000000000000e-01
7.257866385025260e-01,2.689826145063315e-01,16503,26836,4.075374601565392e-01,7.340635811229375e-01,0.000000000000000e+00,1.825647573428888e+00,9.812257711168840e-01,-3.633352902183053e-02,0.000000000000000e+00,1.307358904480724e+00,5.057834021821797e+00,1,8.274999856948853e-01,5.200999975204468e-01,8.274999856948853e-01,5.000000000000000e-01
7.256454605052713e-01,2.685109121384249e-01,16508,26841,3.982599491703315e-01,7.381043291613563e-01,0.000000000000000e+00,1.825835053414224e+00,9.810640313760252e-01,-3.630862317271928e-02,0.000000000000000e+00,1.307434480573565e+00,5.057938766698989e+00,1,8.277500271797180e-01,5.200999975204468e-01,8.277500271797180e-01,5.000000000000000e-01
7.255043161618897e-01,2.680393222144677e-01,16513,26846,3.889846497481250e-01,7.421441139702071e-01,0.000000000000000e+00,1.826022488708265e+00,9.809023301905273e-01,-3.628372326064001e-02,0.000000000000000e+00,1.307510038650650e+00,5.058043486607199e+00,1,8.280000090599060e-01,5.200999975204468e-01,8.280000090599060e-01,5.000000000000000e-01
7.253631718185078e-01,2.675677322905106e-01,16518,26851,3.797093503259187e-01,7.461838987790578e-01,0.000000000000000e+00,1.826209924002305e+00,9.807406290050296e-01,-3.625882334856075e-02,0.000000000000000e+00,1.307585596727736e+00,5.058148206515408e+00,1,8.282499909400940e-01,5.200999975204468e-01,8.282499909400940e-01,5.000000000000000e-01
7.252220274751260e-01,2.670961423665534e-01,16523,26856,3.704340509037123e-01,7.502236835879086e-01,0.000000000000000e+00,1.826397359296346e+00,9.805789278195320e-01,-3.623392343648148e-02,0.000000000000000e+00,1.307661154804821e+00,5.058252926423618e+00,1,8.284999728202820e-01,5.200999975204468e-01,8.284999728202820e-01,5.000000000000000e-01
7.250808494778713e-01,2.666244399986468e-01,16528,26861,3.611565399175045e-01,7.542644316263274e-01,0.000000000000000e+00,1.826584839281681e+00,9.804171880786730e-01,-3.620901758737023e-02,0.000000000000000e+00,1.307736730897662e+00,5.058357671300810e+00,1,8.287500143051147e-01,5.200999975204468e-01,8.287500143051147e-01,5.000000000000000e-01
7.249397051344896e-01,2.661528500746897e-01,16533,26866,3.518812404952981e-01,7.583042164351782e-01,0.000000000000000e+00,1.826772274575722e+00,9.802554868931753e-01,-3.618411767529096e-02,0.000000000000000e+00,1.307812288974747e+00,5.058462391209020e+00,1,8.289999961853027e-01,5.200999975204468e-01,8.289999961853027e-01,5.000000000000000e-01
7.247985607911077e-01,2.656812601507323e-01,16538,26871,3.426059410730876e-01,7.623440012440307e-01,0.000000000000000e+00,1.826959709869763e+00,9.800937857076776e-01,-3.615921776321170e-02,0.000000000000000e+00,1.307887847051833e+00,5.058567111117230e+00,1,8.292499780654907e-01,5.200999975204468e-01,8.292499780654907e-01,5.000000000000000e-01
7.246573827938527e-01,2.652095577828255e-01,16543,26876,3.333284300868756e-01,7.663847492824514e-01,0.000000000000000e+00,1.827147189855099e+00,9.799320459668184e-01,-3.613431191410044e-02,0.000000000000000e+00,1.307963423144674e+00,5.058671855994421e+00,1,8.295000195503235e-01,5.200999975204468e-01,8.295000195503235e-01,5.000000000000000e-01
7.245162384504712e-01,2.647379678588676e-01,16548,26881,3.240531306646671e-01,7.704245340912965e-01,0.000000000000000e+00,1.827334625149139e+00,9.797703447813209e-01,-3.610941200202122e-02,0.000000000000000e+00,1.308038981221759e+00,5.058776575902632e+00,1,8.297500014305115e-01,5.200999975204468e-01,8.297500014305115e-01,5.000000000000000e-01
7.243750941070894e-01,2.642663779349116e-01,16553,26887,3.147778312424712e-01,7.744643189001493e-01,0.000000000000000e+00,1.827522060443179e+00,9.796086435958231e-01,-3.608451208994191e-02,0.000000000000000e+00,1.308114539298845e+00,5.058881295810841e+00,1,8.299999833106995e-01,5.200999975204468e-01,8.299999833106995e-01,5.000000000000000e-01
7.242301224088907e-01,2.639176572689540e-01,16558,26892,3.113577890430460e-01,7.739891367027746e-01,0.000000000000000e+00,1.827721876185795e+00,9.794441652482385e-01,-3.603766750488303e-02,0.000000000000000e+00,1.308195570598109e+00,5.059002646283929e+00,1,8.302500247955322e-01,5.200999975204468e-01,8.302500247955322e-01,5.000000000000000e-01
7.240851850157325e-01,2.635690279378360e-01,16563,26897,3.079389530062177e-01,7.735137664097729e-01,0.000000000000000e+00,1.827921645119751e+00,9.792797259260813e-01,-3.599083262251608e-02,0.000000000000000e+00,1.308276582945263e+00,5.059123968937779e+00,1,8.305000066757202e-01,5.200999975204468e-01,8.305000066757202e-01,5.000000000000000e-01
7.239402476225743e-01,2.632203986067146e-01,16568,26902,3.045201169693650e-01,7.730383961167573e-01,0.000000000000000e+00,1.828121414053707e+00,9.791152866039243e-01,-3.594399774014931e-02,0.000000000000000e+00,1.308357595292417e+00,5.059245291591628e+00,1,8.307499885559082e-01,5.200999975204468e-01,8.307499885559082e-01,5.000000000000000e-01
7.237953102294161e-01,2.628717692755940e-01,16573,26907,3.011012809325189e-01,7.725630258237450e-01,0.000000000000000e+00,1.828321182987664e+00,9.789508472817674e-01,-3.589716285778249e-02,0.000000000000000e+00,1.308438607639571e+00,5.059366614245479e+00,1,8.309999704360962e-01,5.200999975204468e-01,8.309999704360962e-01,5.000000000000000e-01
7.236503382779855e-01,2.625230568187384e-01,16578,26912,2.976816297225564e-01,7.720875421854072e-01,0.000000000000000e+00,1.828520999553697e+00,9.787863687513789e-01,-3.585031680830015e-02,0.000000000000000e+00,1.308519639302973e+00,5.059487965827000e+00,1,8.312500119209290e-01,5.200999975204468e-01,8.312500119209290e-01,5.000000000000000e-01
7.235054008848274e-01,2.621744274876178e-01,16583,26917,2.942627936857087e-01,7.716121718923948e-01,0.000000000000000e+00,1.828720768487654e+00,9.786219294292221e-01,-3.580348192593332e-02,0.000000000000000e+00,1.308600651650127e+00,5.059609288480850e+00,1,8.314999938011169e-01,5.200999975204468e-01,8.314999938011169e-01,5.000000000000000e-01
7.233604634916690e-01,2.618257981564971e-01,16588,26922,2.908439576488611e-01,7.711368015993825e-01,0.000000000000000e+00,1.828920537421610e+00,9.784574901070650e-01,-3.575664704356649e-02,0.000000000000000e+00,1.308681663997281e+00,5.059730611134700e+00,1,8.317499756813049e-01,5.200999975204468e-01,8.317499756813049e-01,5.000000000000000e-01
7.232154915402387e-01,2.614770856996410e-01,16593,26927,2.874243064388933e-01,7.706613179610418e-01,0.000000000000000e+00,1.829120353987644e+00,9.782930115766766e-01,-3.570980099408420e-02,0.000000000000000e+00,1.308762695660683e+00,5.059851962716220e+00,1,8.320000171661377e-01,5.200999975204468e-01,8.320000171661377e-01,5.000000000000000e-01
7.230705541470805e-01,2.611284563685212e-01,16598,26932,2.840054704020540e-01,7.701859476680328e-01,0.000000000000000e+00,1.829320122921600e+00,9.781285722545197e-01,-3.566296611171735e-02,0.000000000000000e+00,1.308843708007838e+00,5.059973285370069e+00,1,8.322499990463257e-01,5.200999975204468e-01,8.322499990463257e-01,5.000000000000000e-01
7.229256167539221e-01,2.607798270374010e-01,16603,26937,2.805866343652116e-01,7.697105773750230e-01,0.000000000000000e+00,1.829519891855557e+00,9.779641329323625e-01,-3.561613122935046e-02,0.000000000000000e+00,1.308924720354992e+00,5.060094608023920e+00,1,8.324999809265137e-01,5.200999975204468e-01,8.324999809265137e-01,5.000000000000000e-01
7.227806448024917e-01,2.604311145805457e-01,16608,26942,2.771669831552523e-01,7.692350937366856e-01,0.000000000000000e+00,1.829719708421591e+00,9.777996544019742e-01,-3.556928517986815e-02,0.000000000000000e+00,1.309005752018394e+00,5.060215959605441e+00,1,8.327500224113464e-01,5.200999975204468e-01,8.327500224113464e-01,5.000000000000000e-01
7.226357074093336e-01,2.600824852494243e-01,16613,26947,2.737481471183976e-01,7.687597234436705e-01,0.000000000000000e+00,1.829919477355547e+00,9.776352150798171e-01,-3.552245029750136e-02,0.000000000000000e+00,1.309086764365548e+00,5.060337282259291e+00,1,8.330000042915344e-01,5.200999975204468e-01,8.330000042915344e-01,5.000000000000000e-01
7.224907700161751e-01,2.597338559183035e-01,16618,26952,2.703293110815484e-01,7.682843531506577e-01,0.000000000000000e+00,1.830119246289503e+00,9.774707757576599e-01,-3.547561541513451e-02,0.000000000000000e+00,1.309167776712702e+00,5.060458604913140e+00,1,8.332499861717224e-01,5.200999975204468e-01,8.332499861717224e-01,5.000000000000000e-01
7.223457980647447e-01,2.593851434614482e-01,16623,26957,2.669096598715875e-01,7.678088695123203e-01,0.000000000000000e+00,1.830319062855537e+00,9.773062972272717e-01,-3.542876936565219e-02,0.000000000000000e+00,1.309248808376105e+00,5.060579956494662e+00,1,8.335000276565552e-01,5.200999975204468e-01,8.335000276565552e-01,5.000000000000000e-01
7.222008606715864e-01,2.590365141303272e-01,16628,26962,2.634908238347383e-01,7.673334992193077e-01,0.000000000000000e+00,1.830518831789493e+00,9.771418579051147e-01,-3.538193448328533e-02,0.000000000000000e+00,1.309329820723258e+00,5.060701279148511e+00,1,8.337500095367432e-01,5.200999975204468e-01,8.337500095367432e-01,5.000000000000000e-01
7.220559232784283e-01,2.586878847992063e-01,16633,26967,2.600719877978849e-01,7.668581289262928e-01,0.000000000000000e+00,1.830718600723449e+00,9.769774185829576e-01,-3.533509960091856e-02,0.000000000000000e+00,1.309410833070412e+00,5.060822601802361e+00,1,8.339999914169312e-01,5.200999975204468e-01,8.339999914169312e-01,5.000000000000000e-01
7.219109858852699e-01,2.583392554680856e-01,16638,26972,2.566531517610372e-01,7.663827586332804e-01,0.000000000000000e+00,1.830918369657406e+00,9.768129792608007e-01,-3.528826471855172e-02,0.000000000000000e+00,1.309491845417566e+00,5.060943924456211e+00,1,8.342499732971191e-01,5.200999975204468e-01,8.342499732971191e-01,5.000000000000000e-01
7.217660139338398e-01,2.579905430112314e-01,16643,26977,2.532335005510939e-01,7.659072749949483e-01,0.000000000000000e+00,1.831118186223440e+00,9.766485007304124e-01,-3.524141866906937e-02,0.000000000000000e+00,1.309572877080969e+00,5.061065276037732e+00,1,8.345000147819519e-01,5.200999975204468e-01,8.345000147819519e-01,5.000000000000000e-01
7.216210765406814e-01,2.576419136801106e-01,16648,26982,2.498146645142462e-01,7.654319047019358e-01,0.000000000000000e+00,1.831317955157396e+00,9.764840614082555e-01,-3.519458378670253e-02,0.000000000000000e+00,1.309653889428123e+00,5.061186598691583e+00,1,8.347499966621399e-01,5.200999975204468e-01,8.347499966621399e-01,5.000000000000000e-01
7.214761391475231e-01,2.572932843489892e-01,16653,26987,2.463958284773882e-01,7.649565344089205e-01,0.000000000000000e+00,1.831517724091352e+00,9.763196220860982e-01,-3.514774890433570e-02,0.000000000000000e+00,1.309734901775276e+00,5.061307921345431e+00,1,8.349999785423279e-01,5.200999975204468e-01,8.349999785423279e-01,5.000000000000000e-01
7.213311671960927e-01,2.569445718921340e-01,16658,26992,2.429761772674288e-01,7.644810507705833e-01,0.000000000000000e+00,1.831717540657387e+00,9.761551435557099e-01,-3.510090285485340e-02,0.000000000000000e+00,1.309815933438679e+00,5.061429272926953e+00,1,8.352500200271606e-01,5.200999975204468e-01,8.352500200271606e-01,5.000000000000000e-01
7.211862298029345e-01,2.565959425610133e-01,16663,26997,2.395573412305810e-01,7.640056804775709e-01,0.000000000000000e+00,1.831917309591343e+00,9.759907042335529e-01,-3.505406797248656e-02,0.000000000000000e+00,1.309896945785833e+00,5.061550595580803e+00,1,8.355000019073486e-01,5.200999975204468e-01,8.355000019073486e-01,5.000000000000000e-01
7.210412924097760e-01,2.562473132298926e-01,16668,27002,2.361385051937333e-01,7.635303101845582e-01,0.000000000000000e+00,1.832117078525299e+00,9.758262649113958e-01,-3.500723309011973e-02,0.000000000000000e+00,1.309977958132987e+00,5.061671918234651e+00,1,8.357499837875366e-01,5.200999975204468e-01,8.357499837875366e-01,5.000000000000000e-01
7.208963204583458e-01,2.558986007730373e-01,16673,27007,2.327188539837725e-01,7.630548265462209e-01,0.000000000000000e+00,1.832316895091333e+00,9.756617863810076e-01,-3.496038704063741e-02,0.000000000000000e+00,1.310058989796389e+00,5.061793269816174e+00,1,8.360000252723694e-01,5.200999975204468e-01,8.360000252723694e-01,5.000000000000000e-01
7.207513830651875e-01,2.555499714419164e-01,16678,27012,2.293000179469232e-01,7.625794562532082e-01,0.000000000000000e+00,1.832516664025289e+00,9.754973470588504e-01,-3.491355215827056e-02,0.000000000000000e+00,1.310140002143543e+00,5.061914592470023e+00,1,8.362500071525574e-01,5.200999975204468e-01,8.362500071525574e-01,5.000000000000000e-01
7.206064456720291e-01,2.552013421107956e-01,16683,27017,2.258811819100755e-01,7.621040859601957e-01,0.000000000000000e+00,1.832716432959245e+00,9.753329077366932e-01,-3.486671727590372e-02,0.000000000000000e+00,1.310221014490697e+00,5.062035915123873e+00,1,8.364999890327454e-01,5.200999975204468e-01,8.364999890327454e-01,5.000000000000000e-01
7.204615082788709e-01,2.548527127796750e-01,16688,27022,2.224623458732278e-01,7.616287156671833e-01,0.000000000000000e+00,1.832916201893202e+00,9.751684684145363e-01,-3.481988239353689e-02,0.000000000000000e+00,1.310302026837851e+00,5.062157237777722e+00,1,8.367499709129333e-01,5.200999975204468e-01,8.367499709129333e-01,5.000000000000000e-01
7.203165363274406e-01,2.545040003228197e-01,16693,27027,2.190426946632684e-01,7.611532320288461e-01,0.000000000000000e+00,1.833116018459236e+00,9.750039898841480e-01,-3.477303634405458e-02,0.000000000000000e+00,1.310383058501253e+00,5.062278589359243e+00,1,8.370000123977661e-01,5.200999975204468e-01,8.370000123977661e-01,5.000000000000000e-01
7.201715989342823e-01,2.541553709916989e-01,16698,27032,2.156238586264192e-01,7.606778617358335e-01,0.000000000000000e+00,1.833315787393192e+00,9.748395505619910e-01,-3.472620146168773e-02,0.000000000000000e+00,1.310464070848407e+00,5.062399912013094e+00,1,8.372499942779541e-01,5.200999975204468e-01,8.372499942779541e-01,5.000000000000000e-01
7.200266615411239e-01,2.538067416605782e-01,16703,27037,2.122050225895715e-01,7.602024914428210e-01,0.000000000000000e+00,1.833515556327149e+00,9.746751112398340e-01,-3.467936657932090e-02,0.000000000000000e+00,1.310545083195561e+00,5.062521234666944e+00,1,8.374999761581421e-01,5.200999975204468e-01,8.374999761581421e-01,5.000000000000000e-01
7.198816895896936e-01,2.534580292037228e-01,16708,27042,2.087853713796106e-01,7.597270078044835e-01,0.000000000000000e+00,1.833715372893183e+00,9.745106327094455e-01,-3.463252052983858e-02,0.000000000000000e+00,1.310626114858964e+00,5.062642586248464e+00,1,8.377500176429749e-01,5.200999975204468e-01,8.377500176429749e-01,5.000000000000000e-01
7.197367521965354e-01,2.531093998726024e-01,16713,27047,2.053665353427660e-01,7.592516375114716e-01,0.000000000000000e+00,1.833915141827139e+00,9.743461933872887e-01,-3.458568564747179e-02,0.000000000000000e+00,1.310707127206117e+00,5.062763908902314e+00,1,8.379999995231628e-01,5.200999975204468e-01,8.379999995231628e-01,5.000000000000000e-01
7.195918148033771e-01,2.527607705414815e-01,16718,27052,2.019476993059167e-01,7.587762672184589e-01,0.000000000000000e+00,1.834114910761095e+00,9.741817540651315e-01,-3.453885076510493e-02,0.000000000000000e+00,1.310788139553272e+00,5.062885231556164e+00,1,8.382499814033508e-01,5.200999975204468e-01,8.382499814033508e-01,5.000000000000000e-01
7.194468428519466e-01,2.524120580846262e-01,16723,27057,1.985280480959463e-01,7.583007835801202e-01,0.000000000000000e+00,1.834314727327129e+00,9.740172755347432e-01,-3.449200471562263e-02,0.000000000000000e+00,1.310869171216674e+00,5.063006583137685e+00,1,8.385000228881836e-01,5.200999975204468e-01,8.385000228881836e-01,5.000000000000000e-01
7.193019054587884e-01,2.520634287535053e-01,16728,27062,1.951092120591066e-01,7.578254132871088e-01,0.000000000000000e+00,1.834514496261086e+00,9.738528362125862e-01,-3.444516983325575e-02,0.000000000000000e+00,1.310950183563828e+00,5.063127905791535e+00,1,8.387500047683716e-01,5.200999975204468e-01,8.387500047683716e-01,5.000000000000000e-01
7.191569680656300e-01,2.517147994223848e-01,16733,27067,1.916903760222604e-01,7.573500429940965e-01,0.000000000000000e+00,1.834714265195041e+00,9.736883968904292e-01,-3.439833495088895e-02,0.000000000000000e+00,1.311031195910982e+00,5.063249228445384e+00,1,8.389999866485596e-01,5.200999975204468e-01,8.389999866485596e-01,5.000000000000000e-01
7.190119961141999e-01,2.513660869655293e-01,16738,27072,1.882707248122980e-01,7.568745593557591e-01,0.000000000000000e+00,1.834914081761076e+00,9.735239183600408e-01,-3.435148890140660e-02,0.000000000000000e+00,1.311112227574385e+00,5.063370580026906e+00,1,8.392500281333923e-01,5.200999975204468e-01,8.392500281333923e-01,5.000000000000000e-01
7.188670587210415e-01,2.510174576344087e-01,16743,27077,1.848518887754519e-01,7.563991890627467e-01,0.000000000000000e+00,1.835113850695032e+00,9.733594790378837e-01,-3.430465401903979e-02,0.000000000000000e+00,1.311193239921538e+00,5.063491902680756e+00,1,8.395000100135803e-01,5.200999975204468e-01,8.395000100135803e-01,5.000000000000000e-01
7.187221213278832e-01,2.506688283032880e-01,16748,27082,1.814330527386042e-01,7.559238187697341e-01,0.000000000000000e+00,1.835313619628988e+00,9.731950397157266e-01,-3.425781913667296e-02,0.000000000000000e+00,1.311274252268692e+00,5.063613225334605e+00,1,8.397499918937683e-01,5.200999975204468e-01,8.397499918937683e-01,5.000000000000000e-01
7.185771839347248e-01,2.503201989721671e-01,16753,27088,1.780142167017550e-01,7.554484484767214e-01,0.000000000000000e+00,1.835513388562944e+00,9.730306003935697e-01,-3.421098425430610e-02,0.000000000000000e+00,1.311355264615846e+00,5.063734547988455e+00,1,8.399999737739563e-01,5.200999975204468e-01,8.399999737739563e-01,5.000000000000000e-01
7.184435165083136e-01,2.496709375500240e-01,16758,27093,1.778316054551378e-01,7.528148998894214e-01,0.000000000000000e+00,1.835691361166897e+00,9.728788165711086e-01,-3.417323654019439e-02,0.000000000000000e+00,1.311431531076568e+00,5.063852962400198e+00,1,8.402500152587891e-01,5.200999975204468e-01,8.402500152587891e-01,5.000000000000000e-01
7.183098821309497e-01,2.490217993787817e-01,16763,27098,1.776493772165552e-01,7.501817527626164e-01,0.000000000000000e+00,1.835869289055077e+00,9.727270702620555e-01,-3.413549877851341e-02,0.000000000000000e+00,1.311507778857226e+00,5.063971348276397e+00,1,8.404999971389771e-01,5.200999975204468e-01,8.404999971389771e-01,5.000000000000000e-01
7.181762477535857e-01,2.483726612075396e-01,16768,27103,1.774671489779811e-01,7.475486056358144e-01,0.000000000000000e+00,1.836047216943257e+00,9.725753239530029e-01,-3.409776101683242e-02,0.000000000000000e+00,1.311584026637884e+00,5.064089734152601e+00,1,8.407499790191650e-01,5.200999975204468e-01,8.407499790191650e-01,5.000000000000000e-01
7.180425815129940e-01,2.477233682584791e-01,16773,27108,1.772848772896516e-01,7.449148306723090e-01,0.000000000000000e+00,1.836225187255827e+00,9.724235414621883e-01,-3.406001425711578e-02,0.000000000000000e+00,1.311660292598747e+00,5.064208148256242e+00,1,8.410000205039978e-01,5.200999975204468e-01,8.410000205039978e-01,5.000000000000000e-01
7.179089471356300e-01,2.470742300872374e-01,16778,27113,1.771026490510692e-01,7.422816835455064e-01,0.000000000000000e+00,1.836403115144006e+00,9.722717951531357e-01,-3.402227649543483e-02,0.000000000000000e+00,1.311736540379405e+00,5.064326534132443e+00,1,8.412500023841858e-01,5.200999975204468e-01,8.412500023841858e-01,5.000000000000000e-01
7.177753127582660e-01,2.464250919159952e-01,16783,27118,1.769204208124865e-01,7.396485364187015e-01,0.000000000000000e+00,1.836581043032187e+00,9.721200488440830e-01,-3.398453873375385e-02,0.000000000000000e+00,1.311812788160063e+00,5.064444920008647e+00,1,8.414999842643738e-01,5.200999975204468e-01,8.414999842643738e-01,5.000000000000000e-01
7.176416465176741e-01,2.457757989669346e-01,16788,27123,1.767381491241571e-01,7.370147614551962e-01,0.000000000000000e+00,1.836759013344756e+00,9.719682663532683e-01,-3.394679197403720e-02,0.000000000000000e+00,1.311889054120926e+00,5.064563334112285e+00,1,8.417500257492065e-01,5.200999975204468e-01,8.417500257492065e-01,5.000000000000000e-01
7.175080121403101e-01,2.451266607956923e-01,16793,27128,1.765559208855745e-01,7.343816143283912e-01,0.000000000000000e+00,1.836936941232936e+00,9.718165200442156e-01,-3.390905421235621e-02,0.000000000000000e+00,1.311965301901584e+00,5.064681719988488e+00,1,8.420000076293945e-01,5.200999975204468e-01,8.420000076293945e-01,5.000000000000000e-01
7.173743777629460e-01,2.444775226244504e-01,16798,27133,1.763736926469919e-01,7.317484672015875e-01,0.000000000000000e+00,1.837114869121116e+00,9.716647737351626e-01,-3.387131645067525e-02,0.000000000000000e+00,1.312041549682242e+00,5.064800105864689e+00,1,8.422499895095825e-01,5.200999975204468e-01,8.422499895095825e-01,5.000000000000000e-01
7.172407433855823e-01,2.438283844532087e-01,16803,27138,1.761914644084094e-01,7.291153200747850e-01,0.000000000000000e+00,1.837292797009296e+00,9.715130274261101e-01,-3.383357868899430e-02,0.000000000000000e+00,1.312117797462900e+00,5.064918491740892e+00,1,8.424999713897705e-01,5.200999975204468e-01,8.424999713897705e-01,5.000000000000000e-01
7.171070771449904e-01,2.431790915041475e-01,16808,27143,1.760091927200798e-01,7.264815451112770e-01,0.000000000000000e+00,1.837470767321866e+00,9.713612449352953e-01,-3.379583192927762e-02,0.000000000000000e+00,1.312194063423763e+00,5.065036905844531e+00,1,8.427500128746033e-01,5.200999975204468e-01,8.427500128746033e-01,5.000000000000000e-01
7.169734427676263e-01,2.425299533329056e-01,16813,27148,1.758269644814972e-01,7.238483979844734e-01,0.000000000000000e+00,1.837648695210047e+00,9.712094986262425e-01,-3.375809416759665e-02,0.000000000000000e+00,1.312270311204421e+00,5.065155291720734e+00,1,8.429999947547913e-01,5.200999975204468e-01,8.429999947547913e-01,5.000000000000000e-01
7.168398083902624e-01,2.418808151616636e-01,16818,27153,1.756447362429147e-01,7.212152508576696e-01,0.000000000000000e+00,1.837826623098227e+00,9.710577523171897e-01,-3.372035640591570e-02,0.000000000000000e+00,1.312346558985079e+00,5.065273677596937e+00,1,8.432499766349792e-01,5.200999975204468e-01,8.432499766349792e-01,5.000000000000000e-01
7.167061421496707e-01,2.412315222126033e-01,16823,27158,1.754624645545853e-01,7.185814758941653e-01,0.000000000000000e+00,1.838004593410796e+00,9.709059698263751e-01,-3.368260964619905e-02,0.000000000000000e+00,1.312422824945942e+00,5.065392091700577e+00,1,8.435000181198120e-01,5.200999975204468e-01,8.435000181198120e-01,5.000000000000000e-01
7.165725077723069e-01,2.405823840413616e-01,16828,27163,1.752802363160028e-01,7.159483287673629e-01,0.000000000000000e+00,1.838182521298976e+00,9.707542235173227e-01,-3.364487188451811e-02,0.000000000000000e+00,1.312499072726600e+00,5.065510477576778e+00,1,8.437500000000000e-01,5.200999975204468e-01,8.437500000000000e-01,5.000000000000000e-01
7.164388733949427e-01,2.399332458701196e-01,16833,27168,1.750980080774203e-01,7.133151816405592e-01,0.000000000000000e+00,1.838360449187156e+00,9.706024772082696e-01,-3.360713412283715e-02,0.000000000000000e+00,1.312575320507258e+00,5.065628863452980e+00,1,8.439999818801880e-01,5.200999975204468e-01,8.439999818801880e-01,5.000000000000000e-01
7.163052071543510e-01,2.392839529210591e-01,16838,27173,1.749157363890908e-01,7.106814066770539e-01,0.000000000000000e+00,1.838538419499725e+00,9.704506947174552e-01,-3.356938736312049e-02,0.000000000000000e+00,1.312651586468121e+00,5.065747277556619e+00,1,8.442500233650208e-01,5.200999975204468e-01,8.442500233650208e-01,5.000000000000000e-01
7.161715727769871e-01,2.386348147498166e-01,16843,27178,1.747335081505169e-01,7.080482595502501e-01,0.000000000000000e+00,1.838716347387906e+00,9.702989484084026e-01,-3.353164960143949e-02,0.000000000000000e+00,1.312727834248779e+00,5.065865663432822e+00,1,8.445000052452087e-01,5.200999975204468e-01,8.445000052452087e-01,5.000000000000000e-01
7.160379383996229e-01,2.379856765785751e-01,16848,27183,1.745512799119257e-01,7.054151124234462e-01,0.000000000000000e+00,1.838894275276086e+00,9.701472020993496e-01,-3.349391183975856e-02,0.000000000000000e+00,1.312804082029437e+00,5.065984049309025e+00,1,8.447499871253967e-01,5.200999975204468e-01,8.447499871253967e-01,5.000000000000000e-01
7.159042721590312e-01,2.373363836295143e-01,16853,27188,1.743690082235962e-01,7.027813374599396e-01,0.000000000000000e+00,1.839072245588655e+00,9.699954196085350e-01,-3.345616508004190e-02,0.000000000000000e+00,1.312880347990300e+00,5.066102463412664e+00,1,8.450000286102295e-01,5.200999975204468e-01,8.450000286102295e-01,5.000000000000000e-01
7.157706377816673e-01,2.366872454582726e-01,16858,27193,1.741867799850138e-01,7.001481903331372e-01,0.000000000000000e+00,1.839250173476835e+00,9.698436732994824e-01,-3.341842731836095e-02,0.000000000000000e+00,1.312956595770958e+00,5.066220849288866e+00,1,8.452500104904175e-01,5.200999975204468e-01,8.452500104904175e-01,5.000000000000000e-01
7.156370034043033e-01,2.360381072870303e-01,16863,27198,1.740045517464311e-01,6.975150432063322e-01,0.000000000000000e+00,1.839428101365015e+00,9.696919269904296e-01,-3.338068955667997e-02,0.000000000000000e+00,1.313032843551616e+00,5.066339235165069e+00,1,8.454999923706055e-01,5.200999975204468e-01,8.454999923706055e-01,5.000000000000000e-01
7.155033690269392e-01,2.353889691157884e-01,16868,27203,1.738223235078485e-01,6.948818960795284e-01,0.000000000000000e+00,1.839606029253196e+00,9.695401806813767e-01,-3.334295179499901e-02,0.000000000000000e+00,1.313109091332274e+00,5.066457621041271e+00,1,8.457499742507935e-01,5.200999975204468e-01,8.457499742507935e-01,5.000000000000000e-01
7.153697027863476e-01,2.347396761667281e-01,16873,27208,1.736400518195191e-01,6.922481211160243e-01,0.000000000000000e+00,1.839783999565765e+00,9.693883981905622e-01,-3.330520503528236e-02,0.000000000000000e+00,1.313185357293137e+00,5.066576035144911e+00,1,8.460000157356262e-01,5.200999975204468e-01,8.460000157356262e-01,5.000000000000000e-01
7.152360684089836e-01,2.340905379954861e-01,16878,27213,1.734578235809366e-01,6.896149739892206e-01,0.000000000000000e+00,1.839961927453945e+00,9.692366518815094e-01,-3.326746727360140e-02,0.000000000000000e+00,1.313261605073795e+00,5.066694421021112e+00,1,8.462499976158142e-01,5.200999975204468e-01,8.462499976158142e-01,5.000000000000000e-01
7.151024340316197e-01,2.334413998242442e-01,16883,27218,1.732755953423540e-01,6.869818268624168e-01,0.000000000000000e+00,1.840139855342125e+00,9.690849055724566e-01,-3.322972951192044e-02,0.000000000000000e+00,1.313337852854453e+00,5.066812806897314e+00,1,8.464999794960022e-01,5.200999975204468e-01,8.464999794960022e-01,5.000000000000000e-01
7.149687677910278e-01,2.327921068751836e-01,16888,27223,1.730933236540246e-01,6.843480518989113e-01,0.000000000000000e+00,1.840317825654694e+00,9.689331230816420e-01,-3.319198275220379e-02,0.000000000000000e+00,1.313414118815316e+00,5.066931221000955e+00,1,8.467500209808350e-01,5.200999975204468e-01,8.467500209808350e-01,5.000000000000000e-01
7.148351334136639e-01,2.321429687039413e-01,16893,27228,1.729110954154419e-01,6.817149047721065e-01,0.000000000000000e+00,1.840495753542875e+00,9.687813767725892e-01,-3.315424499052280e-02,0.000000000000000e+00,1.313490366595974e+00,5.067049606877156e+00,1,8.470000028610229e-01,5.200999975204468e-01,8.470000028610229e-01,5.000000000000000e-01
7.147014990362998e-01,2.314938305326993e-01,16898,27233,1.727288671768594e-01,6.790817576453028e-01,0.000000000000000e+00,1.840673681431055e+00,9.686296304635365e-01,-3.311650722884184e-02,0.000000000000000e+00,1.313566614376632e+00,5.067167992753358e+00,1,8.472499847412109e-01,5.200999975204468e-01,8.472499847412109e-01,5.000000000000000e-01
7.145678327957081e-01,2.308445375836390e-01,16903,27238,1.725465954885300e-01,6.764479826817986e-01,0.000000000000000e+00,1.840851651743624e+00,9.684778479727221e-01,-3.307876046912521e-02,0.000000000000000e+00,1.313642880337495e+00,5.067286406856999e+00,1,8.475000262260437e-01,5.200999975204468e-01,8.475000262260437e-01,5.000000000000000e-01
7.144341984183440e-01,2.301953994123966e-01,16908,27243,1.723643672499473e-01,6.738148355549924e-01,0.000000000000000e+00,1.841029579631804e+00,9.683261016636689e-01,-3.304102270744421e-02,0.000000000000000e+00,1.313719128118153e+00,5.067404792733201e+00,1,8.477500081062317e-01,5.200999975204468e-01,8.477500081062317e-01,5.000000000000000e-01
7.143005640409801e-01,2.295462612411545e-01,16913,27248,1.721821390113647e-01,6.711816884281887e-01,0.000000000000000e+00,1.841207507519984e+00,9.681743553546163e-01,-3.300328494576325e-02,0.000000000000000e+00,1.313795375898810e+00,5.067523178609402e+00,1,8.479999899864197e-01,5.200999975204468e-01,8.479999899864197e-01,5.000000000000000e-01
7.141669296636161e-01,2.288971230699126e-01,16918,27253,1.719999107727822e-01,6.685485413013850e-01,0.000000000000000e+00,1.841385435408165e+00,9.680226090455635e-01,-3.296554718408229e-02,0.000000000000000e+00,1.313871623679469e+00,5.067641564485604e+00,1,8.482499718666077e-01,5.200999975204468e-01,8.482499718666077e-01,5.000000000000000e-01
7.140332634230242e-01,2.282478301208520e-01,16923,27258,1.718176390844527e-01,6.659147663378795e-01,0.000000000000000e+00,1.841563405720734e+00,9.678708265547489e-01,-3.292780042436563e-02,0.000000000000000e+00,1.313947889640332e+00,5.067759978589245e+00,1,8.485000133514404e-01,5.200999975204468e-01,8.485000133514404e-01,5.000000000000000e-01
7.138996290456603e-01,2.275986919496103e-01,16928,27263,1.716354108458703e-01,6.632816192110771e-01,0.000000000000000e+00,1.841741333608914e+00,9.677190802456964e-01,-3.289006266268468e-02,0.000000000000000e+00,1.314024137420990e+00,5.067878364465447e+00,1,8.487499952316284e-01,5.200999975204468e-01,8.487499952316284e-01,5.000000000000000e-01
7.137659946682964e-01,2.269495537783681e-01,16933,27268,1.714531826072876e-01,6.606484720842721e-01,0.000000000000000e+00,1.841919261497095e+00,9.675673339366435e-01,-3.285232490100370e-02,0.000000000000000e+00,1.314100385201647e+00,5.067996750341648e+00,1,8.489999771118164e-01,5.200999975204468e-01,8.489999771118164e-01,5.000000000000000e-01
7.136323284277046e-01,2.263002608293078e-01,16938,27273,1.712709109189582e-01,6.580146971207680e-01,0.000000000000000e+00,1.842097231809664e+00,9.674155514458289e-01,-3.281457814128707e-02,0.000000000000000e+00,1.314176651162511e+00,5.068115164445290e+00,1,8.492500185966492e-01,5.200999975204468e-01,8.492500185966492e-01,5.000000000000000e-01
7.134986940503406e-01,2.256511226580658e-01,16943,27278,1.710886826803757e-01,6.553815499939641e-01,0.000000000000000e+00,1.842275159697844e+00,9.672638051367761e-01,-3.277684037960611e-02,0.000000000000000e+00,1.314252898943168e+00,5.068233550321491e+00,1,8.495000004768372e-01,5.200999975204468e-01,8.495000004768372e-01,5.000000000000000e-01
7.133650596729766e-01,2.250019844868241e-01,16948,27283,1.709064544417932e-01,6.527484028671615e-01,0.000000000000000e+00,1.842453087586024e+00,9.671120588277234e-01,-3.273910261792515e-02,0.000000000000000e+00,1.314329146723826e+00,5.068351936197693e+00,1,8.497499823570251e-01,5.200999975204468e-01,8.497499823570251e-01,5.000000000000000e-01
7.132313946085620e-01,2.243526799775037e-01,16953,27289,1.707240613615675e-01,6.501146312516445e-01,0.000000000000000e+00,1.842631054958976e+00,9.669602775722389e-01,-3.270135656246961e-02,0.000000000000000e+00,1.314405411889413e+00,5.068470348823078e+00,1,8.500000238418579e-01,5.200999975204468e-01,8.500000238418579e-01,5.000000000000000e-01
7.131100924480135e-01,2.235823324806908e-01,16958,27294,1.692690390857177e-01,6.475165877822698e-01,0.000000000000000e+00,1.842778160950395e+00,9.668214836985699e-01,-3.267100297860626e-02,0.000000000000000e+00,1.314473321191615e+00,5.068573235191236e+00,1,8.502500057220459e-01,5.200999975204468e-01,8.502500057220459e-01,5.000000000000000e-01
7.129887902874653e-01,2.228119849838793e-01,16963,27299,1.678140168098602e-01,6.449185443128981e-01,0.000000000000000e+00,1.842925266941815e+00,9.666826898249010e-01,-3.264064939474298e-02,0.000000000000000e+00,1.314541230493817e+00,5.068676121559395e+00,1,8.504999876022339e-01,5.200999975204468e-01,8.504999876022339e-01,5.000000000000000e-01
7.128674592041321e-01,2.220414538085983e-01,16968,27304,1.663586476045327e-01,6.423198813767957e-01,0.000000000000000e+00,1.843072408008580e+00,9.665438628577954e-01,-3.261028857349674e-02,0.000000000000000e+00,1.314609155988032e+00,5.068779032459355e+00,1,8.507500290870667e-01,5.200999975204468e-01,8.507500290870667e-01,5.000000000000000e-01
7.127461570435838e-01,2.212711063117864e-01,16973,27309,1.649036253286850e-01,6.397218379074248e-01,0.000000000000000e+00,1.843219514000000e+00,9.664050689841267e-01,-3.257993498963344e-02,0.000000000000000e+00,1.314677065290234e+00,5.068881918827515e+00,1,8.510000109672546e-01,5.200999975204468e-01,8.510000109672546e-01,5.000000000000000e-01
7.126248548830356e-01,2.205007588149742e-01,16978,27314,1.634486030528365e-01,6.371237944380523e-01,0.000000000000000e+00,1.843366619991420e+00,9.662662751104578e-01,-3.254958140577011e-02,0.000000000000000e+00,1.314744974592437e+00,5.068984805195672e+00,1,8.512499928474426e-01,5.200999975204468e-01,8.512499928474426e-01,5.000000000000000e-01
7.125035527224873e-01,2.197304113181620e-01,16983,27319,1.619935807769881e-01,6.345257509686802e-01,0.000000000000000e+00,1.843513725982840e+00,9.661274812367890e-01,-3.251922782190680e-02,0.000000000000000e+00,1.314812883894639e+00,5.069087691563833e+00,1,8.514999747276306e-01,5.200999975204468e-01,8.514999747276306e-01,5.000000000000000e-01
7.123822216391540e-01,2.189598801428807e-01,16988,27324,1.605382115716496e-01,6.319270880325747e-01,0.000000000000000e+00,1.843660867049604e+00,9.659886542696834e-01,-3.248886700066055e-02,0.000000000000000e+00,1.314880809388854e+00,5.069190602463792e+00,1,8.517500162124634e-01,5.200999975204468e-01,8.517500162124634e-01,5.000000000000000e-01
7.122609194786055e-01,2.181895326460685e-01,16993,27329,1.590831892958011e-01,6.293290445632025e-01,0.000000000000000e+00,1.843807973041024e+00,9.658498603960144e-01,-3.245851341679723e-02,0.000000000000000e+00,1.314948718691057e+00,5.069293488831950e+00,1,8.519999980926514e-01,5.200999975204468e-01,8.519999980926514e-01,5.000000000000000e-01
7.121396173180575e-01,2.174191851492570e-01,16998,27334,1.576281670199540e-01,6.267310010938327e-01,0.000000000000000e+00,1.843955079032445e+00,9.657110665223457e-01,-3.242815983293394e-02,0.000000000000000e+00,1.315016627993259e+00,5.069396375200109e+00,1,8.522499799728394e-01,5.200999975204468e-01,8.522499799728394e-01,5.000000000000000e-01
7.120182862347241e-01,2.166486539739767e-01,17003,27339,1.561727978146073e-01,6.241323381577288e-01,0.000000000000000e+00,1.844102220099208e+00,9.655722395552401e-01,-3.239779901168774e-02,0.000000000000000e+00,1.315084553487474e+00,5.069499286100069e+00,1,8.525000214576721e-01,5.200999975204468e-01,8.525000214576721e-01,5.000000000000000e-01
7.118969840741758e-01,2.158783064771631e-01,17008,27344,1.547177755387765e-01,6.215342946883556e-01,0.000000000000000e+00,1.844249326090629e+00,9.654334456815713e-01,-3.236744542782435e-02,0.000000000000000e+00,1.315152462789677e+00,5.069602172468228e+00,1,8.527500033378601e-01,5.200999975204468e-01,8.527500033378601e-01,5.000000000000000e-01
7.117756819136276e-01,2.151079589803523e-01,17013,27349,1.532627532629205e-01,6.189362512189861e-01,0.000000000000000e+00,1.844396432082049e+00,9.652946518079025e-01,-3.233709184396109e-02,0.000000000000000e+00,1.315220372091879e+00,5.069705058836387e+00,1,8.529999852180481e-01,5.200999975204468e-01,8.529999852180481e-01,5.000000000000000e-01
7.116543508302942e-01,2.143374278050712e-01,17018,27354,1.518073840575826e-01,6.163375882828817e-01,0.000000000000000e+00,1.844543573148813e+00,9.651558248407968e-01,-3.230673102271486e-02,0.000000000000000e+00,1.315288297586094e+00,5.069807969736345e+00,1,8.532500267028809e-01,5.200999975204468e-01,8.532500267028809e-01,5.000000000000000e-01
7.115330486697460e-01,2.135670803082593e-01,17023,27359,1.503523617817348e-01,6.137395448135107e-01,0.000000000000000e+00,1.844690679140233e+00,9.650170309671280e-01,-3.227637743885155e-02,0.000000000000000e+00,1.315356206888296e+00,5.069910856104505e+00,1,8.535000085830688e-01,5.200999975204468e-01,8.535000085830688e-01,5.000000000000000e-01
7.114117465091976e-01,2.127967328114469e-01,17028,27364,1.488973395058758e-01,6.111415013441355e-01,0.000000000000000e+00,1.844837785131653e+00,9.648782370934590e-01,-3.224602385498822e-02,0.000000000000000e+00,1.315424116190499e+00,5.070013742472664e+00,1,8.537499904632568e-01,5.200999975204468e-01,8.537499904632568e-01,5.000000000000000e-01
7.112904443486494e-01,2.120263853146347e-01,17033,27369,1.474423172300373e-01,6.085434578747650e-01,0.000000000000000e+00,1.844984891123073e+00,9.647394432197903e-01,-3.221567027112490e-02,0.000000000000000e+00,1.315492025492701e+00,5.070116628840823e+00,1,8.539999723434448e-01,5.200999975204468e-01,8.539999723434448e-01,5.000000000000000e-01
7.111691132653160e-01,2.112558541393540e-01,17038,27374,1.459869480247001e-01,6.059447949386618e-01,0.000000000000000e+00,1.845132032189837e+00,9.646006162526848e-01,-3.218530944987869e-02,0.000000000000000e+00,1.315559950986916e+00,5.070219539740783e+00,1,8.542500138282776e-01,5.200999975204468e-01,8.542500138282776e-01,5.000000000000000e-01
7.110478111047678e-01,2.104855066425418e-01,17043,27379,1.445319257488517e-01,6.033467514692897e-01,0.000000000000000e+00,1.845279138181257e+00,9.644618223790158e-01,-3.215495586601536e-02,0.000000000000000e+00,1.315627860289118e+00,5.070322426108941e+00,1,8.544999957084656e-01,5.200999975204468e-01,8.544999957084656e-01,5.000000000000000e-01
7.109265089442196e-01,2.097151591457289e-01,17048,27384,1.430769034730118e-01,6.007487079999172e-01,0.000000000000000e+00,1.845426244172678e+00,9.643230285053470e-01,-3.212460228215201e-02,0.000000000000000e+00,1.315695769591321e+00,5.070425312477101e+00,1,8.547499775886536e-01,5.200999975204468e-01,8.547499775886536e-01,5.000000000000000e-01
7.108051778608862e-01,2.089446279704486e-01,17053,27389,1.416215342676654e-01,5.981500450638133e-01,0.000000000000000e+00,1.845573385239441e+00,9.641842015382414e-01,-3.209424146090581e-02,0.000000000000000e+00,1.315763695085536e+00,5.070528223377060e+00,1,8.550000190734863e-01,5.200999975204468e-01,8.550000190734863e-01,5.000000000000000e-01
7.106838757003380e-01,2.081742804736368e-01,17058,27394,1.401665119918176e-01,5.955520015944422e-01,0.000000000000000e+00,1.845720491230862e+00,9.640454076645725e-01,-3.206388787704251e-02,0.000000000000000e+00,1.315831604387738e+00,5.070631109745219e+00,1,8.552500009536743e-01,5.200999975204468e-01,8.552500009536743e-01,5.000000000000000e-01
7.105625735397896e-01,2.074039329768249e-01,17063,27399,1.387114897159697e-01,5.929539581250710e-01,0.000000000000000e+00,1.845867597222282e+00,9.639066137909037e-01,-3.203353429317920e-02,0.000000000000000e+00,1.315899513689941e+00,5.070733996113378e+00,1,8.554999828338623e-01,5.200999975204468e-01,8.554999828338623e-01,5.000000000000000e-01
7.104412424564561e-01,2.066334018015439e-01,17068,27404,1.372561205106319e-01,5.903552951889668e-01,0.000000000000000e+00,1.846014738289046e+00,9.637677868237979e-01,-3.200317347193296e-02,0.000000000000000e+00,1.315967439184156e+00,5.070836907013337e+00,1,8.557500243186951e-01,5.200999975204468e-01,8.557500243186951e-01,5.000000000000000e-01
7.103199402959079e-01,2.058630543047313e-01,17073,27409,1.358010982347828e-01,5.877572517195934e-01,0.000000000000000e+00,1.846161844280466e+00,9.636289929501292e-01,-3.197281988806963e-02,0.000000000000000e+00,1.316035348486358e+00,5.070939793381497e+00,1,8.560000061988831e-01,5.200999975204468e-01,8.560000061988831e-01,5.000000000000000e-01
7.101986381353598e-01,2.050927068079187e-01,17078,27414,1.343460759589435e-01,5.851592082502219e-01,0.000000000000000e+00,1.846308950271886e+00,9.634901990764604e-01,-3.194246630420630e-02,0.000000000000000e+00,1.316103257788561e+00,5.071042679749656e+00,1,8.562499880790710e-01,5.200999975204468e-01,8.562499880790710e-01,5.000000000000000e-01
7.100773070520265e-01,2.043221756326395e-01,17083,27419,1.328907067535991e-01,5.825605453141215e-01,0.000000000000000e+00,1.846456091338650e+00,9.633513721093551e-01,-3.191210548296014e-02,0.000000000000000e+00,1.316171183282776e+00,5.071145590649614e+00,1,8.565000295639038e-01,5.200999975204468e-01,8.565000295639038e-01,5.000000000000000e-01
7.099560048914779e-01,2.035518281358260e-01,17088,27424,1.314356844777481e-01,5.799625018447445e-01,0.000000000000000e+00,1.846603197330071e+00,9.632125782356857e-01,-3.188175189909676e-02,0.000000000000000e+00,1.316239092584978e+00,5.071248477017773e+00,1,8.567500114440918e-01,5.200999975204468e-01,8.567500114440918e-01,5.000000000000000e-01
7.098347027309297e-01,2.027814806390149e-01,17093,27429,1.299806622018918e-01,5.773644583753739e-01,0.000000000000000e+00,1.846750303321490e+00,9.630737843620170e-01,-3.185139831523348e-02,0.000000000000000e+00,1.316307001887180e+00,5.071351363385932e+00,1,8.569999933242798e-01,5.200999975204468e-01,8.569999933242798e-01,5.000000000000000e-01
7.097134005703816e-01,2.020111331422023e-01,17098,27434,1.285256399260525e-01,5.747664149060026e-01,0.000000000000000e+00,1.846897409312911e+00,9.629349904883482e-01,-3.182104473137015e-02,0.000000000000000e+00,1.316374911189383e+00,5.071454249754092e+00,1,8.572499752044678e-01,5.200999975204468e-01,8.572499752044678e-01,5.000000000000000e-01
7.095920694870482e-01,2.012406019669216e-01,17103,27439,1.270702707207153e-01,5.721677519698993e-01,0.000000000000000e+00,1.847044550379675e+00,9.627961635212428e-01,-3.179068391012393e-02,0.000000000000000e+00,1.316442836683598e+00,5.071557160654051e+00,1,8.575000166893005e-01,5.200999975204468e-01,8.575000166893005e-01,5.000000000000000e-01
7.094707673264999e-01,2.004702544701094e-01,17108,27444,1.256152484448668e-01,5.695697085005271e-01,0.000000000000000e+00,1.847191656371094e+00,9.626573696475736e-01,-3.176033032626061e-02,0.000000000000000e+00,1.316510745985800e+00,5.071660047022210e+00,1,8.577499985694885e-01,5.200999975204468e-01,8.577499985694885e-01,5.000000000000000e-01
7.093494651659517e-01,1.996999069732972e-01,17113,27449,1.241602261690184e-01,5.669716650311548e-01,0.000000000000000e+00,1.847338762362515e+00,9.625185757739050e-01,-3.172997674239729e-02,0.000000000000000e+00,1.316578655288002e+00,5.071762933390369e+00,1,8.579999804496765e-01,5.200999975204468e-01,8.579999804496765e-01,5.000000000000000e-01
7.092281340826183e-01,1.989293757980165e-01,17118,27454,1.227048569636812e-01,5.643730020950517e-01,0.000000000000000e+00,1.847485903429279e+00,9.623797488067991e-01,-3.169961592115107e-02,0.000000000000000e+00,1.316646580782217e+00,5.071865844290327e+00,1,8.582500219345093e-01,5.200999975204468e-01,8.582500219345093e-01,5.000000000000000e-01
7.091068319220701e-01,1.981590283012044e-01,17123,27459,1.212498346878327e-01,5.617749586256795e-01,0.000000000000000e+00,1.847633009420699e+00,9.622409549331304e-01,-3.166926233728775e-02,0.000000000000000e+00,1.316714490084420e+00,5.071968730658488e+00,1,8.585000038146973e-01,5.200999975204468e-01,8.585000038146973e-01,5.000000000000000e-01
7.089855297615217e-01,1.973886808043921e-01,17128,27464,1.197948124119843e-01,5.591769151563072e-01,0.000000000000000e+00,1.847780115412119e+00,9.621021610594617e-01,-3.163890875342443e-02,0.000000000000000e+00,1.316782399386622e+00,5.072071617026647e+00,1,8.587499856948853e-01,5.200999975204468e-01,8.587499856948853e-01,5.000000000000000e-01
7.088641986781884e-01,1.966181496291115e-01,17133,27469,1.183394432066471e-01,5.565782522202041e-01,0.000000000000000e+00,1.847927256478883e+00,9.619633340923560e-01,-3.160854793217821e-02,0.000000000000000e+00,1.316850324880837e+00,5.072174527926605e+00,1,8.590000271797180e-01,5.200999975204468e-01,8.590000271797180e-01,5.000000000000000e-01
7.087428965176402e-01,1.958478021322993e-01,17138,27474,1.168844209307986e-01,5.539802087508319e-01,0.000000000000000e+00,1.848074362470304e+00,9.618245402186871e-01,-3.157819434831489e-02,0.000000000000000e+00,1.316918234183040e+00,5.072277414294764e+00,1,8.592500090599060e-01,5.200999975204468e-01,8.592500090599060e-01,5.000000000000000e-01
7.086215943570919e-01,1.950774546354871e-01,17143,27479,1.154293986549502e-01,5.513821652814597e-01,0.000000000000000e+00,1.848221468461724e+00,9.616857463450182e-01,-3.154784076445157e-02,0.000000000000000e+00,1.316986143485242e+00,5.072380300662924e+00,1,8.594999909400940e-01,5.200999975204468e-01,8.594999909400940e-01,5.000000000000000e-01
7.085002921965436e-01,1.943071071386749e-01,17148,27484,1.139743763791017e-01,5.487841218120875e-01,0.000000000000000e+00,1.848368574453144e+00,9.615469524713496e-01,-3.151748718058826e-02,0.000000000000000e+00,1.317054052787444e+00,5.072483187031083e+00,1,8.597499728202820e-01,5.200999975204468e-01,8.597499728202820e-01,5.000000000000000e-01
7.083789617908751e-01,1.935366019852786e-01,17153,27490,1.125189756882607e-01,5.461855598324219e-01,0.000000000000000e+00,1.848515714310238e+00,9.614081262652000e-01,-3.148712648273513e-02,0.000000000000000e+00,1.317121977915783e+00,5.072586097430353e+00,1,8.600000143051147e-01,5.200999975204468e-01,8.600000143051147e-01,5.000000000000000e-01
7.082695018233949e-01,1.932209868922246e-01,17158,27495,1.105137445344838e-01,5.453517301073655e-01,0.000000000000000e+00,1.848641681329031e+00,9.612826300992849e-01,-3.145892919258946e-02,0.000000000000000e+00,1.317183493534459e+00,5.072680234270167e+00,1,8.602499961853027e-01,5.200999975204468e-01,8.602499961853027e-01,5.000000000000000e-01
7.081600418559146e-01,1.929053717991703e-01,17163,27500,1.085085133807049e-01,5.445179003823084e-01,0.000000000000000e+00,1.848767648347823e+00,9.611571339333700e-01,-3.143073190244376e-02,0.000000000000000e+00,1.317245009153134e+00,5.072774371109978e+00,1,8.604999780654907e-01,5.200999975204468e-01,8.604999780654907e-01,5.000000000000000e-01
7.080505557892528e-01,1.925896814521602e-01,17168,27505,1.065028041079010e-01,5.436838718423429e-01,0.000000000000000e+00,1.848893645401671e+00,9.610316078446685e-01,-3.140252788905293e-02,0.000000000000000e+00,1.317306539439338e+00,5.072868530395390e+00,1,8.607500195503235e-01,5.200999975204468e-01,8.607500195503235e-01,5.000000000000000e-01
7.079410958217724e-01,1.922740663591067e-01,17173,27510,1.044975729541141e-01,5.428500421172859e-01,0.000000000000000e+00,1.849019612420463e+00,9.609061116787533e-01,-3.137433059890726e-02,0.000000000000000e+00,1.317368055058013e+00,5.072962667235200e+00,1,8.610000014305115e-01,5.200999975204468e-01,8.610000014305115e-01,5.000000000000000e-01
7.078316358542923e-01,1.919584512660532e-01,17178,27515,1.024923418003272e-01,5.420162123922292e-01,0.000000000000000e+00,1.849145579439257e+00,9.607806155128382e-01,-3.134613330876158e-02,0.000000000000000e+00,1.317429570676688e+00,5.073056804075013e+00,1,8.612499833106995e-01,5.200999975204468e-01,8.612499833106995e-01,5.000000000000000e-01
7.077221497876305e-01,1.916427609190434e-01,17183,27520,1.004866325275249e-01,5.411821838522644e-01,0.000000000000000e+00,1.849271576493104e+00,9.606550894241368e-01,-3.131792929537078e-02,0.000000000000000e+00,1.317491100962893e+00,5.073150963360424e+00,1,8.615000247955322e-01,5.200999975204468e-01,8.615000247955322e-01,5.000000000000000e-01
7.076126898201502e-01,1.913271458259898e-01,17188,27525,9.848140137373711e-02,5.403483541272071e-01,0.000000000000000e+00,1.849397543511896e+00,9.605295932582215e-01,-3.128973200522509e-02,0.000000000000000e+00,1.317552616581568e+00,5.073245100200237e+00,1,8.617500066757202e-01,5.200999975204468e-01,8.617500066757202e-01,5.000000000000000e-01
7.075032298526700e-01,1.910115307329363e-01,17193,27530,9.647617021995018e-02,5.395145244021502e-01,0.000000000000000e+00,1.849523510530689e+00,9.604040970923065e-01,-3.126153471507942e-02,0.000000000000000e+00,1.317614132200243e+00,5.073339237040049e+00,1,8.619999885559082e-01,5.200999975204468e-01,8.619999885559082e-01,5.000000000000000e-01
7.073937698851899e-01,1.906959156398820e-01,17198,27535,9.447093906617110e-02,5.386806946770932e-01,0.000000000000000e+00,1.849649477549482e+00,9.602786009263916e-01,-3.123333742493372e-02,0.000000000000000e+00,1.317675647818918e+00,5.073433373879862e+00,1,8.622499704360962e-01,5.200999975204468e-01,8.622499704360962e-01,5.000000000000000e-01
7.072842838185280e-01,1.903802252928730e-01,17203,27540,9.246522979336108e-02,5.378466661371286e-01,0.000000000000000e+00,1.849775474603329e+00,9.601530748376902e-01,-3.120513341154294e-02,0.000000000000000e+00,1.317737178105122e+00,5.073527533165272e+00,1,8.625000119209290e-01,5.200999975204468e-01,8.625000119209290e-01,5.000000000000000e-01
7.071748238510477e-01,1.900646101998195e-01,17208,27545,9.045999863957419e-02,5.370128364120716e-01,0.000000000000000e+00,1.849901441622122e+00,9.600275786717750e-01,-3.117693612139726e-02,0.000000000000000e+00,1.317798693723798e+00,5.073621670005084e+00,1,8.627499938011169e-01,5.200999975204468e-01,8.627499938011169e-01,5.000000000000000e-01
7.070653638835674e-01,1.897489951067658e-01,17213,27550,8.845476748578636e-02,5.361790066870143e-01,0.000000000000000e+00,1.850027408640915e+00,9.599020825058597e-01,-3.114873883125158e-02,0.000000000000000e+00,1.317860209342472e+00,5.073715806844896e+00,1,8.629999756813049e-01,5.200999975204468e-01,8.629999756813049e-01,5.000000000000000e-01
7.069558778169056e-01,1.894333047597560e-01,17218,27555,8.644905821298331e-02,5.353449781470494e-01,0.000000000000000e+00,1.850153405694762e+00,9.597765564171584e-01,-3.112053481786076e-02,0.000000000000000e+00,1.317921739628677e+00,5.073809966130308e+00,1,8.632500171661377e-01,5.200999975204468e-01,8.632500171661377e-01,5.000000000000000e-01
7.068464178494253e-01,1.891176896667023e-01,17223,27560,8.444382705919547e-02,5.345111484219920e-01,0.000000000000000e+00,1.850279372713555e+00,9.596510602512431e-01,-3.109233752771507e-02,0.000000000000000e+00,1.317983255247352e+00,5.073904102970121e+00,1,8.634999990463257e-01,5.200999975204468e-01,8.634999990463257e-01,5.000000000000000e-01
7.067369578819451e-01,1.888020745736491e-01,17228,27565,8.243859590541033e-02,5.336773186969359e-01,0.000000000000000e+00,1.850405339732347e+00,9.595255640853283e-01,-3.106414023756943e-02,0.000000000000000e+00,1.318044770866027e+00,5.073998239809933e+00,1,8.637499809265137e-01,5.200999975204468e-01,8.637499809265137e-01,5.000000000000000e-01
7.066274718152832e-01,1.884863842266389e-01,17233,27570,8.043288663260545e-02,5.328432901569701e-01,0.000000000000000e+00,1.850531336786195e+00,9.594000379966268e-01,-3.103593622417858e-02,0.000000000000000e+00,1.318106301152232e+00,5.074092399095342e+00,1,8.640000224113464e-01,5.200999975204468e-01,8.640000224113464e-01,5.000000000000000e-01
7.065180118478032e-01,1.881707691335854e-01,17238,27575,7.842765547881855e-02,5.320094604319132e-01,0.000000000000000e+00,1.850657303804988e+00,9.592745418307116e-01,-3.100773893403291e-02,0.000000000000000e+00,1.318167816770907e+00,5.074186535935155e+00,1,8.642500042915344e-01,5.200999975204468e-01,8.642500042915344e-01,5.000000000000000e-01
7.064085518803229e-01,1.878551540405322e-01,17243,27580,7.642242432503341e-02,5.311756307068570e-01,0.000000000000000e+00,1.850783270823780e+00,9.591490456647965e-01,-3.097954164388726e-02,0.000000000000000e+00,1.318229332389582e+00,5.074280672774967e+00,1,8.644999861717224e-01,5.200999975204468e-01,8.644999861717224e-01,5.000000000000000e-01
7.062990658136611e-01,1.875394636935223e-01,17248,27585,7.441671505223030e-02,5.303416021668919e-01,0.000000000000000e+00,1.850909267877627e+00,9.590235195760952e-01,-3.095133763049644e-02,0.000000000000000e+00,1.318290862675786e+00,5.074374832060379e+00,1,8.647500276565552e-01,5.200999975204468e-01,8.647500276565552e-01,5.000000000000000e-01
7.061896058461807e-01,1.872238486004686e-01,17253,27590,7.241148389844251e-02,5.295077724418347e-01,0.000000000000000e+00,1.851035234896420e+00,9.588980234101799e-01,-3.092314034035076e-02,0.000000000000000e+00,1.318352378294462e+00,5.074468968900190e+00,1,8.650000095367432e-01,5.200999975204468e-01,8.650000095367432e-01,5.000000000000000e-01
7.060801458787005e-01,1.869082335074157e-01,17258,27595,7.040625274464729e-02,5.286739427167773e-01,0.000000000000000e+00,1.851161201915213e+00,9.587725272442649e-01,-3.089494305020510e-02,0.000000000000000e+00,1.318413893913136e+00,5.074563105740002e+00,1,8.652499914169312e-01,5.200999975204468e-01,8.652499914169312e-01,5.000000000000000e-01
7.059706859112204e-01,1.865926184143625e-01,17263,27600,6.840102159086220e-02,5.278401129917211e-01,0.000000000000000e+00,1.851287168934006e+00,9.586470310783499e-01,-3.086674576005945e-02,0.000000000000000e+00,1.318475409531811e+00,5.074657242579814e+00,1,8.654999732971191e-01,5.200999975204468e-01,8.654999732971191e-01,5.000000000000000e-01
7.058611998445586e-01,1.862769280673519e-01,17268,27605,6.639531231806647e-02,5.270060844517561e-01,0.000000000000000e+00,1.851413165987853e+00,9.585215049896486e-01,-3.083854174666861e-02,0.000000000000000e+00,1.318536939818016e+00,5.074751401865226e+00,1,8.657500147819519e-01,5.200999975204468e-01,8.657500147819519e-01,5.000000000000000e-01
7.057517398770783e-01,1.859613129742982e-01,17273,27610,6.439008116427866e-02,5.261722547266988e-01,0.000000000000000e+00,1.851539133006646e+00,9.583960088237334e-01,-3.081034445652292e-02,0.000000000000000e+00,1.318598455436691e+00,5.074845538705038e+00,1,8.659999966621399e-01,5.200999975204468e-01,8.659999966621399e-01,5.000000000000000e-01
7.056422799095980e-01,1.856456978812447e-01,17278,27615,6.238485001049174e-02,5.253384250016420e-01,0.000000000000000e+00,1.851665100025438e+00,9.582705126578184e-01,-3.078214716637725e-02,0.000000000000000e+00,1.318659971055366e+00,5.074939675544851e+00,1,8.662499785423279e-01,5.200999975204468e-01,8.662499785423279e-01,5.000000000000000e-01
7.055327938429363e-01,1.853300075342350e-01,17283,27620,6.037914073768954e-02,5.245043964616771e-01,0.000000000000000e+00,1.851791097079286e+00,9.581449865691167e-01,-3.075394315298644e-02,0.000000000000000e+00,1.318721501341571e+00,5.075033834830261e+00,1,8.665000200271606e-01,5.200999975204468e-01,8.665000200271606e-01,5.000000000000000e-01
7.054233338754560e-01,1.850143924411807e-01,17288,27625,5.837390958390980e-02,5.236705667366204e-01,0.000000000000000e+00,1.851917064098079e+00,9.580194904032019e-01,-3.072574586284074e-02,0.000000000000000e+00,1.318783016960246e+00,5.075127971670073e+00,1,8.667500019073486e-01,5.200999975204468e-01,8.667500019073486e-01,5.000000000000000e-01
7.053138739079757e-01,1.846987773481276e-01,17293,27630,5.636867843011392e-02,5.228367370115626e-01,0.000000000000000e+00,1.852043031116871e+00,9.578939942372866e-01,-3.069754857269507e-02,0.000000000000000e+00,1.318844532578921e+00,5.075222108509886e+00,1,8.669999837875366e-01,5.200999975204468e-01,8.669999837875366e-01,5.000000000000000e-01
7.052043878413139e-01,1.843830870011180e-01,17298,27635,5.436296915731262e-02,5.220027084715982e-01,0.000000000000000e+00,1.852169028170718e+00,9.577684681485852e-01,-3.066934455930427e-02,0.000000000000000e+00,1.318906062865125e+00,5.075316267795296e+00,1,8.672500252723694e-01,5.200999975204468e-01,8.672500252723694e-01,5.000000000000000e-01
7.050949278738337e-01,1.840674719080646e-01,17303,27640,5.235773800352569e-02,5.211688787465414e-01,0.000000000000000e+00,1.852294995189511e+00,9.576429719826702e-01,-3.064114726915860e-02,0.000000000000000e+00,1.318967578483800e+00,5.075410404635109e+00,1,8.675000071525574e-01,5.200999975204468e-01,8.675000071525574e-01,5.000000000000000e-01
7.049854679063534e-01,1.837518568150110e-01,17308,27645,5.035250684973877e-02,5.203350490214844e-01,0.000000000000000e+00,1.852420962208304e+00,9.575174758167551e-01,-3.061294997901293e-02,0.000000000000000e+00,1.319029094102475e+00,5.075504541474921e+00,1,8.677499890327454e-01,5.200999975204468e-01,8.677499890327454e-01,5.000000000000000e-01
7.048760079388732e-01,1.834362417219575e-01,17313,27650,4.834727569595186e-02,5.195012192964277e-01,0.000000000000000e+00,1.852546929227097e+00,9.573919796508401e-01,-3.058475268886725e-02,0.000000000000000e+00,1.319090609721151e+00,5.075598678314734e+00,1,8.679999709129333e-01,5.200999975204468e-01,8.679999709129333e-01,5.000000000000000e-01
7.047665218722114e-01,1.831205513749476e-01,17318,27655,4.634156642314877e-02,5.186671907564625e-01,0.000000000000000e+00,1.852672926280944e+00,9.572664535621385e-01,-3.055654867547644e-02,0.000000000000000e+00,1.319152140007355e+00,5.075692837600144e+00,1,8.682500123977661e-01,5.200999975204468e-01,8.682500123977661e-01,5.000000000000000e-01
7.046570619047311e-01,1.828049362818941e-01,17323,27660,4.433633526936184e-02,5.178333610314055e-01,0.000000000000000e+00,1.852798893299737e+00,9.571409573962234e-01,-3.052835138533076e-02,0.000000000000000e+00,1.319213655626030e+00,5.075786974439957e+00,1,8.684999942779541e-01,5.200999975204468e-01,8.684999942779541e-01,5.000000000000000e-01
7.045476019372510e-01,1.824893211888406e-01,17328,27665,4.233110411557493e-02,5.169995313063487e-01,0.000000000000000e+00,1.852924860318530e+00,9.570154612303083e-01,-3.050015409518509e-02,0.000000000000000e+00,1.319275171244705e+00,5.075881111279768e+00,1,8.687499761581421e-01,5.200999975204468e-01,8.687499761581421e-01,5.000000000000000e-01
7.044381158705890e-01,1.821736308418307e-01,17333,27670,4.032539484277184e-02,5.161655027663836e-01,0.000000000000000e+00,1.853050857372377e+00,9.568899351416069e-01,-3.047195008179427e-02,0.000000000000000e+00,1.319336701530909e+00,5.075975270565180e+00,1,8.690000176429749e-01,5.200999975204468e-01,8.690000176429749e-01,5.000000000000000e-01
7.043286559031088e-01,1.818580157487771e-01,17338,27675,3.832016368898403e-02,5.153316730413262e-01,0.000000000000000e+00,1.853176824391170e+00,9.567644389756917e-01,-3.044375279164858e-02,0.000000000000000e+00,1.319398217149585e+00,5.076069407404992e+00,1,8.692499995231628e-01,5.200999975204468e-01,8.692499995231628e-01,5.000000000000000e-01
7.042191959356285e-01,1.815424006557237e-01,17343,27680,3.631493253519800e-02,5.144978433162698e-01,0.000000000000000e+00,1.853302791409962e+00,9.566389428097767e-01,-3.041555550150292e-02,0.000000000000000e+00,1.319459732768260e+00,5.076163544244803e+00,1,8.694999814033508e-01,5.200999975204468e-01,8.694999814033508e-01,5.000000000000000e-01
7.041097098689668e-01,1.812267103087138e-01,17348,27685,3.430922326239492e-02,5.136638147763047e-01,0.000000000000000e+00,1.853428788463810e+00,9.565134167210754e-01,-3.038735148811210e-02,0.000000000000000e+00,1.319521263054464e+00,5.076257703530215e+00,1,8.697500228881836e-01,5.200999975204468e-01,8.697500228881836e-01,5.000000000000000e-01
7.040002499014866e-01,1.809110952156603e-01,17353,27691,3.230399210860800e-02,5.128299850512477e-01,0.000000000000000e+00,1.853554755482602e+00,9.563879205551602e-01,-3.035915419796643e-02,0.000000000000000e+00,1.319582778673139e+00,5.076351840370028e+00,1,8.700000047683716e-01,5.200999975204468e-01,8.700000047683716e-01,5.000000000000000e-01
7.038872221500968e-01,1.807714820703802e-01,17358,27696,2.929949078988078e-02,5.121818195862544e-01,0.000000000000000e+00,1.853685184964641e+00,9.562577201894444e-01,-3.032907632895874e-02,0.000000000000000e+00,1.319645487523750e+00,5.076446313940394e+00,1,8.702499866485596e-01,5.200999975204468e-01,8.702499866485596e-01,5.000000000000000e-01
7.037741675169078e-01,1.806318322783681e-01,17363,27701,2.629429215543925e-02,5.115334960330736e-01,0.000000000000000e+00,1.853815645460605e+00,9.561274888690444e-01,-3.029899132418810e-02,0.000000000000000e+00,1.319708211303634e+00,5.076540810030225e+00,1,8.705000281333923e-01,5.200999975204468e-01,8.705000281333923e-01,5.000000000000000e-01
7.036611398335717e-01,1.804922157759374e-01,17368,27706,2.328980989730167e-02,5.108853270266268e-01,0.000000000000000e+00,1.853946074857524e+00,9.559972885930590e-01,-3.026891349105150e-02,0.000000000000000e+00,1.319770920131485e+00,5.076635283594167e+00,1,8.707500100135803e-01,5.200999975204468e-01,8.707500100135803e-01,5.000000000000000e-01
7.035481121502356e-01,1.803525992735068e-01,17373,27711,2.028532763916541e-02,5.102371580201803e-01,0.000000000000000e+00,1.854076504254444e+00,9.558670883170736e-01,-3.023883565791490e-02,0.000000000000000e+00,1.319833628959335e+00,5.076729757158113e+00,1,8.709999918937683e-01,5.200999975204468e-01,8.709999918937683e-01,5.000000000000000e-01
7.034350844669000e-01,1.802129827710764e-01,17378,27716,1.728084538103183e-02,5.095889890137344e-01,0.000000000000000e+00,1.854206933651362e+00,9.557368880410884e-01,-3.020875782477834e-02,0.000000000000000e+00,1.319896337787186e+00,5.076824230722055e+00,1,8.712499737739563e-01,5.200999975204468e-01,8.712499737739563e-01,5.000000000000000e-01
7.033220298337109e-01,1.800733329790648e-01,17383,27721,1.427564674658091e-02,5.089406654605528e-01,0.000000000000000e+00,1.854337394147327e+00,9.556066567206880e-01,-3.017867282000770e-02,0.000000000000000e+00,1.319959061567070e+00,5.076918726811886e+00,1,8.715000152587891e-01,5.200999975204468e-01,8.715000152587891e-01,5.000000000000000e-01
7.032090021503746e-01,1.799337164766341e-01,17388,27726,1.127116448844331e-02,5.082924964541060e-01,0.000000000000000e+00,1.854467823544246e+00,9.554764564447026e-01,-3.014859498687109e-02,0.000000000000000e+00,1.320021770394921e+00,5.077013200375831e+00,1,8.717499971389771e-01,5.200999975204468e-01,8.717499971389771e-01,5.000000000000000e-01
7.030959744670389e-01,1.797940999742037e-01,17393,27731,8.266682230309737e-03,5.076443274476602e-01,0.000000000000000e+00,1.854598252941165e+00,9.553462561687174e-01,-3.011851715373452e-02,0.000000000000000e+00,1.320084479222772e+00,5.077107673939774e+00,1,8.719999790191650e-01,5.200999975204468e-01,8.719999790191650e-01,5.000000000000000e-01
7.029829198338498e-01,1.796544501821921e-01,17398,27736,5.261483595860147e-03,5.069960038944786e-01,0.000000000000000e+00,1.854728713437130e+00,9.552160248483170e-01,-3.008843214896389e-02,0.000000000000000e+00,1.320147203002655e+00,5.077202170029603e+00,1,8.722500205039978e-01,5.200999975204468e-01,8.722500205039978e-01,5.000000000000000e-01
7.028698921505137e-01,1.795148336797615e-01,17403,27741,2.257001337721226e-03,5.063478348880317e-01,0.000000000000000e+00,1.854859142834049e+00,9.550858245723315e-01,-3.005835431582727e-02,0.000000000000000e+00,1.320209911830506e+00,5.077296643593548e+00,1,8.725000023841858e-01,5.200999975204468e-01,8.725000023841858e-01,5.000000000000000e-01
7.027568644671777e-01,1.793752171773309e-01,17408,27746,-7.474809204163681e-04,5.056996658815849e-01,0.000000000000000e+00,1.854989572230968e+00,9.549556242963462e-01,-3.002827648269067e-02,0.000000000000000e+00,1.320272620658357e+00,5.077391117157493e+00,1,8.727499842643738e-01,5.200999975204468e-01,8.727499842643738e-01,5.000000000000000e-01
7.026438098339887e-01,1.792355673853194e-01,17413,27751,-3.752679554863291e-03,5.050513423284040e-01,0.000000000000000e+00,1.855120032726932e+00,9.548253929759459e-01,-2.999819147792007e-02,0.000000000000000e+00,1.320335344438241e+00,5.077485613247322e+00,1,8.730000257492065e-01,5.200999975204468e-01,8.730000257492065e-01,5.000000000000000e-01
7.025307821506527e-01,1.790959508828895e-01,17418,27756,-6.757161813007609e-03,5.044031733219566e-01,0.000000000000000e+00,1.855250462123851e+00,9.546951926999606e-01,-2.996811364478348e-02,0.000000000000000e+00,1.320398053266091e+00,5.077580086811267e+00,1,8.732500076293945e-01,5.200999975204468e-01,8.732500076293945e-01,5.000000000000000e-01
7.024177544673166e-01,1.789563343804581e-01,17423,27761,-9.761644071139795e-03,5.037550043155101e-01,0.000000000000000e+00,1.855380891520770e+00,9.545649924239750e-01,-2.993803581164684e-02,0.000000000000000e+00,1.320460762093942e+00,5.077674560375209e+00,1,8.734999895095825e-01,5.200999975204468e-01,8.734999895095825e-01,5.000000000000000e-01
7.023047267839808e-01,1.788167178780271e-01,17428,27766,-1.276612632926398e-02,5.031068353090655e-01,0.000000000000000e+00,1.855511320917690e+00,9.544347921479900e-01,-2.990795797851028e-02,0.000000000000000e+00,1.320523470921793e+00,5.077769033939153e+00,1,8.737499713897705e-01,5.200999975204468e-01,8.737499713897705e-01,5.000000000000000e-01
7.021916721507917e-01,1.786770680860162e-01,17433,27771,-1.577132496372163e-02,5.024585117558832e-01,0.000000000000000e+00,1.855641781413655e+00,9.543045608275897e-01,-2.987787297373966e-02,0.000000000000000e+00,1.320586194701677e+00,5.077863530028983e+00,1,8.740000128746033e-01,5.200999975204468e-01,8.740000128746033e-01,5.000000000000000e-01
7.020786444674557e-01,1.785374515835856e-01,17438,27776,-1.877580722185789e-02,5.018103427494367e-01,0.000000000000000e+00,1.855772210810573e+00,9.541743605516043e-01,-2.984779514060307e-02,0.000000000000000e+00,1.320648903529527e+00,5.077958003592927e+00,1,8.742499947547913e-01,5.200999975204468e-01,8.742499947547913e-01,5.000000000000000e-01
7.019656167841196e-01,1.783978350811550e-01,17443,27781,-2.178028947999547e-02,5.011621737429900e-01,0.000000000000000e+00,1.855902640207492e+00,9.540441602756189e-01,-2.981771730746647e-02,0.000000000000000e+00,1.320711612357378e+00,5.078052477156872e+00,1,8.744999766349792e-01,5.200999975204468e-01,8.744999766349792e-01,5.000000000000000e-01
7.018525621509306e-01,1.782581852891434e-01,17448,27786,-2.478548811444507e-02,5.005138501898085e-01,0.000000000000000e+00,1.856033100703457e+00,9.539139289552186e-01,-2.978763230269584e-02,0.000000000000000e+00,1.320774336137262e+00,5.078146973246701e+00,1,8.747500181198120e-01,5.200999975204468e-01,8.747500181198120e-01,5.000000000000000e-01
7.017395344675947e-01,1.781185687867129e-01,17453,27791,-2.778997037257999e-02,4.998656811833624e-01,0.000000000000000e+00,1.856163530100376e+00,9.537837286792334e-01,-2.975755446955925e-02,0.000000000000000e+00,1.320837044965112e+00,5.078241446810646e+00,1,8.750000000000000e-01,5.200999975204468e-01,8.750000000000000e-01,5.000000000000000e-01
7.016265067842588e-01,1.779789522842823e-01,17458,27796,-3.079445263071757e-02,4.992175121769156e-01,0.000000000000000e+00,1.856293959497295e+00,9.536535284032479e-01,-2.972747663642265e-02,0.000000000000000e+00,1.320899753792963e+00,5.078335920374590e+00,1,8.752499818801880e-01,5.200999975204468e-01,8.752499818801880e-01,5.000000000000000e-01
7.015134521510696e-01,1.778393024922708e-01,17463,27801,-3.379965126516717e-02,4.985691886237341e-01,0.000000000000000e+00,1.856424419993260e+00,9.535232970828478e-01,-2.969739163165202e-02,0.000000000000000e+00,1.320962477572847e+00,5.078430416464419e+00,1,8.755000233650208e-01,5.200999975204468e-01,8.755000233650208e-01,5.000000000000000e-01
7.014004244677337e-01,1.776996859898402e-01,17468,27806,-3.680413352330340e-02,4.979210196172878e-01,0.000000000000000e+00,1.856554849390179e+00,9.533930968068622e-01,-2.966731379851543e-02,0.000000000000000e+00,1.321025186400698e+00,5.078524890028364e+00,1,8.757500052452087e-01,5.200999975204468e-01,8.757500052452087e-01,5.000000000000000e-01
7.012873967843976e-01,1.775600694874088e-01,17473,27811,-3.980861578143294e-02,4.972728506108420e-01,0.000000000000000e+00,1.856685278787098e+00,9.532628965308769e-01,-2.963723596537882e-02,0.000000000000000e+00,1.321087895228549e+00,5.078619363592308e+00,1,8.759999871253967e-01,5.200999975204468e-01,8.759999871253967e-01,5.000000000000000e-01
7.011743421512087e-01,1.774204196953973e-01,17478,27816,-4.281381441588253e-02,4.966245270576606e-01,0.000000000000000e+00,1.856815739283062e+00,9.531326652104768e-01,-2.960715096060819e-02,0.000000000000000e+00,1.321150619008433e+00,5.078713859682137e+00,1,8.762500286102295e-01,5.200999975204468e-01,8.762500286102295e-01,5.000000000000000e-01
7.010613144678726e-01,1.772808031929674e-01,17483,27821,-4.581829667402819e-02,4.959763580512127e-01,0.000000000000000e+00,1.856946168679982e+00,9.530024649344914e-01,-2.957707312747158e-02,0.000000000000000e+00,1.321213327836283e+00,5.078808333246081e+00,1,8.765000104904175e-01,5.200999975204468e-01,8.765000104904175e-01,5.000000000000000e-01
7.009482867845367e-01,1.771411866905370e-01,17488,27826,-4.882277893216044e-02,4.953281890447672e-01,0.000000000000000e+00,1.857076598076901e+00,9.528722646585061e-01,-2.954699529433504e-02,0.000000000000000e+00,1.321276036664134e+00,5.078902806810025e+00,1,8.767499923706055e-01,5.200999975204468e-01,8.767499923706055e-01,5.000000000000000e-01
7.008352591012006e-01,1.770015701881064e-01,17493,27831,-5.182726119029801e-02,4.946800200383204e-01,0.000000000000000e+00,1.857207027473820e+00,9.527420643825206e-01,-2.951691746119843e-02,0.000000000000000e+00,1.321338745491984e+00,5.078997280373969e+00,1,8.769999742507935e-01,5.200999975204468e-01,8.769999742507935e-01,5.000000000000000e-01
7.007222044680117e-01,1.768619203960948e-01,17498,27836,-5.483245982474760e-02,4.940316964851391e-01,0.000000000000000e+00,1.857337487969784e+00,9.526118330621205e-01,-2.948683245642781e-02,0.000000000000000e+00,1.321401469271868e+00,5.079091776463799e+00,1,8.772500157356262e-01,5.200999975204468e-01,8.772500157356262e-01,5.000000000000000e-01
7.006091767846756e-01,1.767223038936643e-01,17503,27841,-5.783694208288385e-02,4.933835274786926e-01,0.000000000000000e+00,1.857467917366703e+00,9.524816327861352e-01,-2.945675462329121e-02,0.000000000000000e+00,1.321464178099719e+00,5.079186250027743e+00,1,8.774999976158142e-01,5.200999975204468e-01,8.774999976158142e-01,5.000000000000000e-01
7.004961491013395e-01,1.765826873912337e-01,17508,27846,-6.084142434101877e-02,4.927353584722463e-01,0.000000000000000e+00,1.857598346763622e+00,9.523514325101498e-01,-2.942667679015463e-02,0.000000000000000e+00,1.321526886927570e+00,5.079280723591687e+00,1,8.777499794960022e-01,5.200999975204468e-01,8.777499794960022e-01,5.000000000000000e-01
7.003830944681505e-01,1.764430375992221e-01,17513,27851,-6.384662297547104e-02,4.920870349190644e-01,0.000000000000000e+00,1.857728807259587e+00,9.522212011897493e-01,-2.939659178538397e-02,0.000000000000000e+00,1.321589610707454e+00,5.079375219681517e+00,1,8.780000209808350e-01,5.200999975204468e-01,8.780000209808350e-01,5.000000000000000e-01
7.002700667848146e-01,1.763034210967916e-01,17518,27856,-6.685110523360593e-02,4.914388659126182e-01,0.000000000000000e+00,1.857859236656506e+00,9.520910009137640e-01,-2.936651395224740e-02,0.000000000000000e+00,1.321652319535304e+00,5.079469693245461e+00,1,8.782500028610229e-01,5.200999975204468e-01,8.782500028610229e-01,5.000000000000000e-01
7.001570391014786e-01,1.761638045943610e-01,17523,27861,-6.985558749174221e-02,4.907906969061717e-01,0.000000000000000e+00,1.857989666053425e+00,9.519608006377787e-01,-2.933643611911081e-02,0.000000000000000e+00,1.321715028363155e+00,5.079564166809405e+00,1,8.784999847412109e-01,5.200999975204468e-01,8.784999847412109e-01,5.000000000000000e-01
7.000439844682895e-01,1.760241548023495e-01,17528,27866,-7.286078612619179e-02,4.901423733529903e-01,0.000000000000000e+00,1.858120126549390e+00,9.518305693173783e-01,-2.930635111434017e-02,0.000000000000000e+00,1.321777752143039e+00,5.079658662899234e+00,1,8.787500262260437e-01,5.200999975204468e-01,8.787500262260437e-01,5.000000000000000e-01
6.999309567849534e-01,1.758845382999188e-01,17533,27871,-7.586526838433071e-02,4.894942043465432e-01,0.000000000000000e+00,1.858250555946309e+00,9.517003690413929e-01,-2.927627328120356e-02,0.000000000000000e+00,1.321840460970889e+00,5.079753136463179e+00,1,8.790000081062317e-01,5.200999975204468e-01,8.790000081062317e-01,5.000000000000000e-01
6.998179291016176e-01,1.757449217974882e-01,17538,27876,-7.886975064246562e-02,4.888460353400971e-01,0.000000000000000e+00,1.858380985343228e+00,9.515701687654077e-01,-2.924619544806698e-02,0.000000000000000e+00,1.321903169798740e+00,5.079847610027123e+00,1,8.792499899864197e-01,5.200999975204468e-01,8.792499899864197e-01,5.000000000000000e-01
6.997049014182815e-01,1.756053052950577e-01,17543,27881,-8.187423290060188e-02,4.881978663336506e-01,0.000000000000000e+00,1.858511414740147e+00,9.514399684894221e-01,-2.921611761493038e-02,0.000000000000000e+00,1.321965878626591e+00,5.079942083591066e+00,1,8.794999718666077e-01,5.200999975204468e-01,8.794999718666077e-01,5.000000000000000e-01
6.995918467850926e-01,1.754656555030462e-01,17548,27886,-8.487943153505148e-02,4.875495427804692e-01,0.000000000000000e+00,1.858641875236112e+00,9.513097371690221e-01,-2.918603261015976e-02,0.000000000000000e+00,1.322028602406475e+00,5.080036579680897e+00,1,8.797500133514404e-01,5.200999975204468e-01,8.797500133514404e-01,5.000000000000000e-01
6.994788191017565e-01,1.753260390006156e-01,17553,27892,-8.788391379318775e-02,4.869013737740227e-01,0.000000000000000e+00,1.858772304633030e+00,9.511795368930367e-01,-2.915595477702316e-02,0.000000000000000e+00,1.322091311234325e+00,5.080131053244840e+00,1,8.799999952316284e-01,5.200999975204468e-01,8.799999952316284e-01,5.000000000000000e-01
6.993755868314339e-01,1.752217182906287e-01,17558,27897,-9.097005461422208e-02,4.855567602915390e-01,0.000000000000000e+00,1.858885308604088e+00,9.510609921031360e-01,-2.911125022241267e-02,0.000000000000000e+00,1.322148993056714e+00,5.080219215272487e+00,1,8.802499771118164e-01,5.200999975204468e-01,8.802499771118164e-01,5.000000000000000e-01
6.992723301337300e-01,1.751173733802786e-01,17563,27902,-9.405693283992167e-02,4.842118129169747e-01,0.000000000000000e+00,1.858998339186872e+00,9.509424192702903e-01,-2.906653472955852e-02,0.000000000000000e+00,1.322206688536603e+00,5.080307398200699e+00,1,8.805000185966492e-01,5.200999975204468e-01,8.805000185966492e-01,5.000000000000000e-01
6.991690980502571e-01,1.750130533435655e-01,17568,27907,-9.714307521859739e-02,4.828671861496532e-01,0.000000000000000e+00,1.859111342825536e+00,9.508238747027209e-01,-2.902182989593989e-02,0.000000000000000e+00,1.322264370263100e+00,5.080395560107951e+00,1,8.807500004768372e-01,5.200999975204468e-01,8.807500004768372e-01,5.000000000000000e-01
6.990658659667842e-01,1.749087333068532e-01,17573,27912,-1.002292175972811e-01,4.815225593823300e-01,0.000000000000000e+00,1.859224346464200e+00,9.507053301351513e-01,-2.897712506232125e-02,0.000000000000000e+00,1.322322051989596e+00,5.080483722015202e+00,1,8.809999823570251e-01,5.200999975204468e-01,8.809999823570251e-01,5.000000000000000e-01
6.989626092690805e-01,1.748043883965031e-01,17578,27917,-1.033160958229780e-01,4.801776120077669e-01,0.000000000000000e+00,1.859337377046983e+00,9.505867573023059e-01,-2.893240956946715e-02,0.000000000000000e+00,1.322379747469486e+00,5.080571904943414e+00,1,8.812500238418579e-01,5.200999975204468e-01,8.812500238418579e-01,5.000000000000000e-01
6.988593771856075e-01,1.747000683597908e-01,17583,27922,-1.064022382016631e-01,4.788329852404432e-01,0.000000000000000e+00,1.859450380685647e+00,9.504682127347364e-01,-2.888770473584850e-02,0.000000000000000e+00,1.322437429195982e+00,5.080660066850666e+00,1,8.815000057220459e-01,5.200999975204468e-01,8.815000057220459e-01,5.000000000000000e-01
6.987561451021345e-01,1.745957483230785e-01,17588,27927,-1.094883805803469e-01,4.774883584731200e-01,0.000000000000000e+00,1.859563384324311e+00,9.503496681671668e-01,-2.884299990222986e-02,0.000000000000000e+00,1.322495110922479e+00,5.080748228757917e+00,1,8.817499876022339e-01,5.200999975204468e-01,8.817499876022339e-01,5.000000000000000e-01
6.986528884044307e-01,1.744914034127284e-01,17593,27932,-1.125752588060465e-01,4.761434110985556e-01,0.000000000000000e+00,1.859676414907095e+00,9.502310953343212e-01,-2.879828440937572e-02,0.000000000000000e+00,1.322552806402368e+00,5.080836411686130e+00,1,8.820000290870667e-01,5.200999975204468e-01,8.820000290870667e-01,5.000000000000000e-01
6.985496563209579e-01,1.743870833760162e-01,17598,27937,-1.156614011847289e-01,4.747987843312332e-01,0.000000000000000e+00,1.859789418545758e+00,9.501125507667518e-01,-2.875357957575711e-02,0.000000000000000e+00,1.322610488128865e+00,5.080924573593382e+00,1,8.822500109672546e-01,5.200999975204468e-01,8.822500109672546e-01,5.000000000000000e-01
6.984464242374847e-01,1.742827633393038e-01,17603,27942,-1.187475435634126e-01,4.734541575639100e-01,0.000000000000000e+00,1.859902422184422e+00,9.499940061991822e-01,-2.870887474213847e-02,0.000000000000000e+00,1.322668169855362e+00,5.081012735500634e+00,1,8.824999928474426e-01,5.200999975204468e-01,8.824999928474426e-01,5.000000000000000e-01
6.983431921540120e-01,1.741784433025916e-01,17608,27947,-1.218336859420964e-01,4.721095307965869e-01,0.000000000000000e+00,1.860015425823086e+00,9.498754616316127e-01,-2.866416990851984e-02,0.000000000000000e+00,1.322725851581859e+00,5.081100897407887e+00,1,8.827499747276306e-01,5.200999975204468e-01,8.827499747276306e-01,5.000000000000000e-01
6.982399354563081e-01,1.740740983922415e-01,17613,27952,-1.249205641677946e-01,4.707645834220231e-01,0.000000000000000e+00,1.860128456405870e+00,9.497568887987670e-01,-2.861945441566572e-02,0.000000000000000e+00,1.322783547061748e+00,5.081189080336098e+00,1,8.830000162124634e-01,5.200999975204468e-01,8.830000162124634e-01,5.000000000000000e-01
6.981367033728354e-01,1.739697783555293e-01,17618,27957,-1.280067065464757e-01,4.694199566547012e-01,0.000000000000000e+00,1.860241460044533e+00,9.496383442311976e-01,-2.857474958204713e-02,0.000000000000000e+00,1.322841228788245e+00,5.081277242243351e+00,1,8.832499980926514e-01,5.200999975204468e-01,8.832499980926514e-01,5.000000000000000e-01
6.980334712893623e-01,1.738654583188160e-01,17623,27962,-1.310928489251558e-01,4.680753298873777e-01,0.000000000000000e+00,1.860354463683197e+00,9.495197996636280e-01,-2.853004474842843e-02,0.000000000000000e+00,1.322898910514742e+00,5.081365404150604e+00,1,8.834999799728394e-01,5.200999975204468e-01,8.834999799728394e-01,5.000000000000000e-01
6.979302145916586e-01,1.737611134084677e-01,17628,27967,-1.341797271508681e-01,4.667303825128118e-01,0.000000000000000e+00,1.860467494265981e+00,9.494012268307823e-01,-2.848532925557433e-02,0.000000000000000e+00,1.322956605994631e+00,5.081453587078815e+00,1,8.837500214576721e-01,5.200999975204468e-01,8.837500214576721e-01,5.000000000000000e-01
6.978269825081858e-01,1.736567933717547e-01,17633,27972,-1.372658695295414e-01,4.653857557454913e-01,0.000000000000000e+00,1.860580497904645e+00,9.492826822632130e-01,-2.844062442195573e-02,0.000000000000000e+00,1.323014287721128e+00,5.081541748986067e+00,1,8.840000033378601e-01,5.200999975204468e-01,8.840000033378601e-01,5.000000000000000e-01
6.977237504247128e-01,1.735524733350423e-01,17638,27977,-1.403520119082279e-01,4.640411289781670e-01,0.000000000000000e+00,1.860693501543309e+00,9.491641376956433e-01,-2.839591958833706e-02,0.000000000000000e+00,1.323071969447625e+00,5.081629910893318e+00,1,8.842499852180481e-01,5.200999975204468e-01,8.842499852180481e-01,5.000000000000000e-01
6.976204937270090e-01,1.734481284246921e-01,17643,27982,-1.434388901339275e-01,4.626961816036026e-01,0.000000000000000e+00,1.860806532126092e+00,9.490455648627978e-01,-2.835120409548292e-02,0.000000000000000e+00,1.323129664927514e+00,5.081718093821531e+00,1,8.845000267028809e-01,5.200999975204468e-01,8.845000267028809e-01,5.000000000000000e-01
6.975172616435360e-01,1.733438083879799e-01,17648,27987,-1.465250325126099e-01,4.613515548362800e-01,0.000000000000000e+00,1.860919535764757e+00,9.489270202952284e-01,-2.830649926186430e-02,0.000000000000000e+00,1.323187346654010e+00,5.081806255728783e+00,1,8.847500085830688e-01,5.200999975204468e-01,8.847500085830688e-01,5.000000000000000e-01
6.974140295600632e-01,1.732394883512676e-01,17653,27992,-1.496111748912923e-01,4.600069280689575e-01,0.000000000000000e+00,1.861032539403420e+00,9.488084757276589e-01,-2.826179442824569e-02,0.000000000000000e+00,1.323245028380507e+00,5.081894417636034e+00,1,8.849999904632568e-01,5.200999975204468e-01,8.849999904632568e-01,5.000000000000000e-01
6.973107974765902e-01,1.731351683145553e-01,17658,27997,-1.526973172699760e-01,4.586623013016343e-01,0.000000000000000e+00,1.861145543042084e+00,9.486899311600894e-01,-2.821708959462705e-02,0.000000000000000e+00,1.323302710107004e+00,5.081982579543286e+00,1,8.852499723434448e-01,5.200999975204468e-01,8.852499723434448e-01,5.000000000000000e-01
6.972075407788865e-01,1.730308234042052e-01,17663,28002,-1.557841954956756e-01,4.573173539270700e-01,0.000000000000000e+00,1.861258573624867e+00,9.485713583272437e-01,-2.817237410177291e-02,0.000000000000000e+00,1.323360405586893e+00,5.082070762471499e+00,1,8.855000138282776e-01,5.200999975204468e-01,8.855000138282776e-01,5.000000000000000e-01
6.971043086954135e-01,1.729265033674929e-01,17668,28007,-1.588703378743594e-01,4.559727271597470e-01,0.000000000000000e+00,1.861371577263531e+00,9.484528137596742e-01,-2.812766926815428e-02,0.000000000000000e+00,1.323418087313390e+00,5.082158924378751e+00,1,8.857499957084656e-01,5.200999975204468e-01,8.857499957084656e-01,5.000000000000000e-01
6.970010766119406e-01,1.728221833307807e-01,17673,28012,-1.619564802530418e-01,4.546281003924244e-01,0.000000000000000e+00,1.861484580902195e+00,9.483342691921046e-01,-2.808296443453566e-02,0.000000000000000e+00,1.323475769039887e+00,5.082247086286003e+00,1,8.859999775886536e-01,5.200999975204468e-01,8.859999775886536e-01,5.000000000000000e-01
6.968978199142368e-01,1.727178384204306e-01,17678,28017,-1.650433584787414e-01,4.532831530178599e-01,0.000000000000000e+00,1.861597611484979e+00,9.482156963592591e-01,-2.803824894168152e-02,0.000000000000000e+00,1.323533464519776e+00,5.082335269214214e+00,1,8.862500190734863e-01,5.200999975204468e-01,8.862500190734863e-01,5.000000000000000e-01
6.967945878307639e-01,1.726135183837183e-01,17683,28022,-1.681295008574252e-01,4.519385262505369e-01,0.000000000000000e+00,1.861710615123643e+00,9.480971517916895e-01,-2.799354410806289e-02,0.000000000000000e+00,1.323591146246273e+00,5.082423431121467e+00,1,8.865000009536743e-01,5.200999975204468e-01,8.865000009536743e-01,5.000000000000000e-01
6.966913557472909e-01,1.725091983470060e-01,17688,28027,-1.712156432361076e-01,4.505938994832144e-01,0.000000000000000e+00,1.861823618762306e+00,9.479786072241201e-01,-2.794883927444427e-02,0.000000000000000e+00,1.323648827972770e+00,5.082511593028719e+00,1,8.867499828338623e-01,5.200999975204468e-01,8.867499828338623e-01,5.000000000000000e-01
6.965880990495874e-01,1.724048534366560e-01,17693,28032,-1.743025214618044e-01,4.492489521086512e-01,0.000000000000000e+00,1.861936649345090e+00,9.478600343912746e-01,-2.790412378159018e-02,0.000000000000000e+00,1.323706523452659e+00,5.082599775956931e+00,1,8.870000243186951e-01,5.200999975204468e-01,8.870000243186951e-01,5.000000000000000e-01
6.964848669661143e-01,1.723005333999436e-01,17698,28037,-1.773886638404909e-01,4.479043253413268e-01,0.000000000000000e+00,1.862049652983754e+00,9.477414898237049e-01,-2.785941894797149e-02,0.000000000000000e+00,1.323764205179156e+00,5.082687937864183e+00,1,8.872500061988831e-01,5.200999975204468e-01,8.872500061988831e-01,5.000000000000000e-01
6.963816348826413e-01,1.721962133632313e-01,17703,28042,-1.804748062191747e-01,4.465596985740038e-01,0.000000000000000e+00,1.862162656622418e+00,9.476229452561351e-01,-2.781471411435286e-02,0.000000000000000e+00,1.323821886905653e+00,5.082776099771435e+00,1,8.874999880790710e-01,5.200999975204468e-01,8.874999880790710e-01,5.000000000000000e-01
6.962783781849378e-01,1.720918684528813e-01,17708,28047,-1.835616844448715e-01,4.452147511994407e-01,0.000000000000000e+00,1.862275687205201e+00,9.475043724232898e-01,-2.776999862149876e-02,0.000000000000000e+00,1.323879582385542e+00,5.082864282699647e+00,1,8.877500295639038e-01,5.200999975204468e-01,8.877500295639038e-01,5.000000000000000e-01
6.961751461014646e-01,1.719875484161690e-01,17713,28052,-1.866478268235567e-01,4.438701244321168e-01,0.000000000000000e+00,1.862388690843865e+00,9.473858278557203e-01,-2.772529378788011e-02,0.000000000000000e+00,1.323937264112038e+00,5.082952444606899e+00,1,8.880000114440918e-01,5.200999975204468e-01,8.880000114440918e-01,5.000000000000000e-01
6.960719140179917e-01,1.718832283794567e-01,17718,28057,-1.897339692022391e-01,4.425254976647943e-01,0.000000000000000e+00,1.862501694482529e+00,9.472672832881507e-01,-2.768058895426149e-02,0.000000000000000e+00,1.323994945838535e+00,5.083040606514150e+00,1,8.882499933242798e-01,5.200999975204468e-01,8.882499933242798e-01,5.000000000000000e-01
6.959686819345188e-01,1.717789083427445e-01,17723,28062,-1.928201115809214e-01,4.411808708974718e-01,0.000000000000000e+00,1.862614698121192e+00,9.471487387205814e-01,-2.763588412064288e-02,0.000000000000000e+00,1.324052627565032e+00,5.083128768421402e+00,1,8.884999752044678e-01,5.200999975204468e-01,8.884999752044678e-01,5.000000000000000e-01
6.958654252368150e-01,1.716745634323943e-01,17728,28067,-1.959069898066210e-01,4.398359235229075e-01,0.000000000000000e+00,1.862727728703976e+00,9.470301658877356e-01,-2.759116862778873e-02,0.000000000000000e+00,1.324110323044921e+00,5.083216951349615e+00,1,8.887500166893005e-01,5.200999975204468e-01,8.887500166893005e-01,5.000000000000000e-01
6.957621931533422e-01,1.715702433956821e-01,17733,28072,-1.989931321853034e-01,4.384912967555850e-01,0.000000000000000e+00,1.862840732342640e+00,9.469116213201664e-01,-2.754646379417012e-02,0.000000000000000e+00,1.324168004771418e+00,5.083305113256867e+00,1,8.889999985694885e-01,5.200999975204468e-01,8.889999985694885e-01,5.000000000000000e-01
6.956589610698691e-01,1.714659233589697e-01,17738,28077,-2.020792745639899e-01,4.371466699882607e-01,0.000000000000000e+00,1.862953735981304e+00,9.467930767525967e-01,-2.750175896055144e-02,0.000000000000000e+00,1.324225686497915e+00,5.083393275164118e+00,1,8.892499804496765e-01,5.200999975204468e-01,8.892499804496765e-01,5.000000000000000e-01
6.955557043721654e-01,1.713615784486197e-01,17743,28082,-2.051661527896868e-01,4.358017226136974e-01,0.000000000000000e+00,1.863066766564088e+00,9.466745039197511e-01,-2.745704346769734e-02,0.000000000000000e+00,1.324283381977804e+00,5.083481458092331e+00,1,8.895000219345093e-01,5.200999975204468e-01,8.895000219345093e-01,5.000000000000000e-01
6.954524722886923e-01,1.712572584119073e-01,17748,28087,-2.082522951683719e-01,4.344570958463738e-01,0.000000000000000e+00,1.863179770202751e+00,9.465559593521815e-01,-2.741233863407869e-02,0.000000000000000e+00,1.324341063704301e+00,5.083569619999583e+00,1,8.897500038146973e-01,5.200999975204468e-01,8.897500038146973e-01,5.000000000000000e-01
6.953492402052195e-01,1.711529383751961e-01,17753,28093,-2.113384375470600e-01,4.331124690790510e-01,0.000000000000000e+00,1.863292773841415e+00,9.464374147846121e-01,-2.736763380046009e-02,0.000000000000000e+00,1.324398745430798e+00,5.083657781906835e+00,1,8.899999856948853e-01,5.200999975204468e-01,8.899999856948853e-01,5.000000000000000e-01
6.952548715016963e-01,1.711555545791799e-01,17758,28098,-2.126960742126629e-01,4.323605399348315e-01,0.000000000000000e+00,1.863396335931621e+00,9.463291365783824e-01,-2.732387759769937e-02,0.000000000000000e+00,1.324452366315903e+00,5.083742119837966e+00,1,8.902500271797180e-01,5.200999975204468e-01,8.902500271797180e-01,5.000000000000000e-01
6.951605258020910e-01,1.711581762777564e-01,17763,28103,-2.140532883325151e-01,4.316088239557450e-01,0.000000000000000e+00,1.863499872793194e+00,9.462208847722647e-01,-2.728013188037148e-02,0.000000000000000e+00,1.324505974185845e+00,5.083826437444767e+00,1,8.905000090599060e-01,5.200999975204468e-01,8.905000090599060e-01,5.000000000000000e-01
6.950661801024856e-01,1.711607979763340e-01,17768,28108,-2.154105024523728e-01,4.308571079766582e-01,0.000000000000000e+00,1.863603409654766e+00,9.461126329661470e-01,-2.723638616304361e-02,0.000000000000000e+00,1.324559582055787e+00,5.083910755051568e+00,1,8.907499909400940e-01,5.200999975204468e-01,8.907499909400940e-01,5.000000000000000e-01
6.949718344028802e-01,1.711634196749096e-01,17773,28113,-2.167677165722200e-01,4.301053919975716e-01,0.000000000000000e+00,1.863706946516339e+00,9.460043811600293e-01,-2.719264044571569e-02,0.000000000000000e+00,1.324613189925729e+00,5.083995072658369e+00,1,8.909999728202820e-01,5.200999975204468e-01,8.909999728202820e-01,5.000000000000000e-01
6.948774662078767e-01,1.711660419985941e-01,17778,28118,-2.181252543005947e-01,4.293534967824383e-01,0.000000000000000e+00,1.863810508064812e+00,9.458961035427990e-01,-2.714888429784005e-02,0.000000000000000e+00,1.324666810577710e+00,5.084079410369513e+00,1,8.912500143051147e-01,5.200999975204468e-01,8.912500143051147e-01,5.000000000000000e-01
6.947831205082714e-01,1.711686636971697e-01,17783,28123,-2.194824684204412e-01,4.286017808033519e-01,0.000000000000000e+00,1.863914044926385e+00,9.457878517366812e-01,-2.710513858051215e-02,0.000000000000000e+00,1.324720418447652e+00,5.084163727976313e+00,1,8.914999961853027e-01,5.200999975204468e-01,8.914999961853027e-01,5.000000000000000e-01
6.946887748086662e-01,1.711712853957463e-01,17788,28128,-2.208396825402922e-01,4.278500648242661e-01,0.000000000000000e+00,1.864017581787958e+00,9.456795999305638e-01,-2.706139286318431e-02,0.000000000000000e+00,1.324774026317594e+00,5.084248045583114e+00,1,8.917499780654907e-01,5.200999975204468e-01,8.917499780654907e-01,5.000000000000000e-01
6.945944066136628e-01,1.711739077194298e-01,17793,28133,-2.221972202686612e-01,4.270981696091332e-01,0.000000000000000e+00,1.864121143336431e+00,9.455713223133336e-01,-2.701763671530865e-02,0.000000000000000e+00,1.324827646969574e+00,5.084332383294258e+00,1,8.920000195503235e-01,5.200999975204468e-01,8.920000195503235e-01,5.000000000000000e-01
6.945000609140575e-01,1.711765294180064e-01,17798,28138,-2.235544343885140e-01,4.263464536300462e-01,0.000000000000000e+00,1.864224680198003e+00,9.454630705072157e-01,-2.697389099798075e-02,0.000000000000000e+00,1.324881254839516e+00,5.084416700901058e+00,1,8.922500014305115e-01,5.200999975204468e-01,8.922500014305115e-01,5.000000000000000e-01
6.944057152144519e-01,1.711791511165829e-01,17803,28143,-2.249116485083661e-01,4.255947376509597e-01,0.000000000000000e+00,1.864328217059576e+00,9.453548187010981e-01,-2.693014528065286e-02,0.000000000000000e+00,1.324934862709458e+00,5.084501018507860e+00,1,8.924999833106995e-01,5.200999975204468e-01,8.924999833106995e-01,5.000000000000000e-01
6.943113470194486e-01,1.711817734402665e-01,17808,28148,-2.262691862367352e-01,4.248428424358266e-01,0.000000000000000e+00,1.864431778608049e+00,9.452465410838677e-01,-2.688638913277721e-02,0.000000000000000e+00,1.324988483361439e+00,5.084585356219002e+00,1,8.927500247955322e-01,5.200999975204468e-01,8.927500247955322e-01,5.000000000000000e-01
6.942170013198433e-01,1.711843951388431e-01,17813,28153,-2.276264003565874e-01,4.240911264567401e-01,0.000000000000000e+00,1.864535315469622e+00,9.451382892777501e-01,-2.684264341544932e-02,0.000000000000000e+00,1.325042091231381e+00,5.084669673825804e+00,1,8.930000066757202e-01,5.200999975204468e-01,8.930000066757202e-01,5.000000000000000e-01
6.941226556202380e-01,1.711870168374206e-01,17818,28158,-2.289836144764449e-01,4.233394104776532e-01,0.000000000000000e+00,1.864638852331194e+00,9.450300374716323e-01,-2.679889769812145e-02,0.000000000000000e+00,1.325095699101323e+00,5.084753991432605e+00,1,8.932499885559082e-01,5.200999975204468e-01,8.932499885559082e-01,5.000000000000000e-01
6.940283099206327e-01,1.711896385359972e-01,17823,28163,-2.303408285962971e-01,4.225876944985668e-01,0.000000000000000e+00,1.864742389192767e+00,9.449217856655147e-01,-2.675515198079357e-02,0.000000000000000e+00,1.325149306971265e+00,5.084838309039406e+00,1,8.934999704360962e-01,5.200999975204468e-01,8.934999704360962e-01,5.000000000000000e-01
6.939339417256291e-01,1.711922608596807e-01,17828,28168,-2.316983663246661e-01,4.218357992834337e-01,0.000000000000000e+00,1.864845950741240e+00,9.448135080482845e-01,-2.671139583291791e-02,0.000000000000000e+00,1.325202927623245e+00,5.084922646750548e+00,1,8.937500119209290e-01,5.200999975204468e-01,8.937500119209290e-01,5.000000000000000e-01
6.938395960260237e-01,1.711948825582563e-01,17833,28173,-2.330555804445129e-01,4.210840833043474e-01,0.000000000000000e+00,1.864949487602813e+00,9.447052562421667e-01,-2.666765011559001e-02,0.000000000000000e+00,1.325256535493187e+00,5.085006964357351e+00,1,8.939999938011169e-01,5.200999975204468e-01,8.939999938011169e-01,5.000000000000000e-01
6.937452503264185e-01,1.711975042568319e-01,17838,28178,-2.344127945643598e-01,4.203323673252612e-01,0.000000000000000e+00,1.865053024464386e+00,9.445970044360490e-01,-2.662390439826211e-02,0.000000000000000e+00,1.325310143363130e+00,5.085091281964153e+00,1,8.942499756813049e-01,5.200999975204468e-01,8.942499756813049e-01,5.000000000000000e-01
6.936508821314150e-01,1.712001265805155e-01,17843,28183,-2.357703322927277e-01,4.195804721101289e-01,0.000000000000000e+00,1.865156586012859e+00,9.444887268188190e-01,-2.658014825038650e-02,0.000000000000000e+00,1.325363764015109e+00,5.085175619675296e+00,1,8.945000171661377e-01,5.200999975204468e-01,8.945000171661377e-01,5.000000000000000e-01
6.935565364318097e-01,1.712027482790930e-01,17848,28188,-2.371275464125863e-01,4.188287561310413e-01,0.000000000000000e+00,1.865260122874431e+00,9.443804750127011e-01,-2.653640253305859e-02,0.000000000000000e+00,1.325417371885052e+00,5.085259937282096e+00,1,8.947499990463257e-01,5.200999975204468e-01,8.947499990463257e-01,5.000000000000000e-01
6.934621907322043e-01,1.712053699776696e-01,17853,28193,-2.384847605324384e-01,4.180770401519548e-01,0.000000000000000e+00,1.865363659736004e+00,9.442722232065834e-01,-2.649265681573070e-02,0.000000000000000e+00,1.325470979754994e+00,5.085344254888897e+00,1,8.949999809265137e-01,5.200999975204468e-01,8.949999809265137e-01,5.000000000000000e-01
6.933678225372010e-01,1.712079923013531e-01,17858,28198,-2.398422982608075e-01,4.173251449368218e-01,0.000000000000000e+00,1.865467221284478e+00,9.441639455893531e-01,-2.644890066785505e-02,0.000000000000000e+00,1.325524600406975e+00,5.085428592600040e+00,1,8.952500224113464e-01,5.200999975204468e-01,8.952500224113464e-01,5.000000000000000e-01
6.932734768375957e-01,1.712106139999297e-01,17863,28203,-2.411995123806596e-01,4.165734289577352e-01,0.000000000000000e+00,1.865570758146050e+00,9.440556937832354e-01,-2.640515495052716e-02,0.000000000000000e+00,1.325578208276916e+00,5.085512910206841e+00,1,8.955000042915344e-01,5.200999975204468e-01,8.955000042915344e-01,5.000000000000000e-01
6.931791311379902e-01,1.712132356985062e-01,17868,28208,-2.425567265005118e-01,4.158217129786486e-01,0.000000000000000e+00,1.865674295007623e+00,9.439474419771177e-01,-2.636140923319927e-02,0.000000000000000e+00,1.325631816146858e+00,5.085597227813642e+00,1,8.957499861717224e-01,5.200999975204468e-01,8.957499861717224e-01,5.000000000000000e-01
6.930847629429868e-01,1.712158580221897e-01,17873,28213,-2.439142642288809e-01,4.150698177635156e-01,0.000000000000000e+00,1.865777856556096e+00,9.438391643598874e-01,-2.631765308532363e-02,0.000000000000000e+00,1.325685436798839e+00,5.085681565524785e+00,1,8.960000276565552e-01,5.200999975204468e-01,8.960000276565552e-01,5.000000000000000e-01
6.929904172433815e-01,1.712184797207663e-01,17878,28218,-2.452714783487330e-01,4.143181017844291e-01,0.000000000000000e+00,1.865881393417669e+00,9.437309125537698e-01,-2.627390736799574e-02,0.000000000000000e+00,1.325739044668781e+00,5.085765883131586e+00,1,8.962500095367432e-01,5.200999975204468e-01,8.962500095367432e-01,5.000000000000000e-01
6.928960715437762e-01,1.712211014193429e-01,17883,28223,-2.466286924685846e-01,4.135663858053429e-01,0.000000000000000e+00,1.865984930279241e+00,9.436226607476522e-01,-2.623016165066788e-02,0.000000000000000e+00,1.325792652538723e+00,5.085850200738387e+00,1,8.964999914169312e-01,5.200999975204468e-01,8.964999914169312e-01,5.000000000000000e-01
6.928017258441708e-01,1.712237231179195e-01,17888,28228,-2.479859065884386e-01,4.128146698262553e-01,0.000000000000000e+00,1.866088467140814e+00,9.435144089415344e-01,-2.618641593333992e-02,0.000000000000000e+00,1.325846260408665e+00,5.085934518345189e+00,1,8.967499732971191e-01,5.200999975204468e-01,8.967499732971191e-01,5.000000000000000e-01
6.927073576491674e-01,1.712263454416030e-01,17893,28233,-2.493434443168064e-01,4.120627746111230e-01,0.000000000000000e+00,1.866192028689287e+00,9.434061313243041e-01,-2.614265978546431e-02,0.000000000000000e+00,1.325899881060645e+00,5.086018856056331e+00,1,8.970000147819519e-01,5.200999975204468e-01,8.970000147819519e-01,5.000000000000000e-01
6.926130119495622e-01,1.712289671401805e-01,17898,28238,-2.507006584366636e-01,4.113110586320360e-01,0.000000000000000e+00,1.866295565550860e+00,9.432978795181863e-01,-2.609891406813644e-02,0.000000000000000e+00,1.325953488930587e+00,5.086103173663132e+00,1,8.972499966621399e-01,5.200999975204468e-01,8.972499966621399e-01,5.000000000000000e-01
6.925186662499567e-01,1.712315888387562e-01,17903,28243,-2.520578725565107e-01,4.105593426529499e-01,0.000000000000000e+00,1.866399102412432e+00,9.431896277120687e-01,-2.605516835080854e-02,0.000000000000000e+00,1.326007096800529e+00,5.086187491269934e+00,1,8.974999785423279e-01,5.200999975204468e-01,8.974999785423279e-01,5.000000000000000e-01
6.924242980549533e-01,1.712342111624397e-01,17908,28248,-2.534154102848798e-01,4.098074474378168e-01,0.000000000000000e+00,1.866502663960906e+00,9.430813500948385e-01,-2.601141220293289e-02,0.000000000000000e+00,1.326060717452510e+00,5.086271828981077e+00,1,8.977500200271606e-01,5.200999975204468e-01,8.977500200271606e-01,5.000000000000000e-01
6.923299523553479e-01,1.712368328610163e-01,17913,28253,-2.547726244047320e-01,4.090557314587303e-01,0.000000000000000e+00,1.866606200822478e+00,9.429730982887208e-01,-2.596766648560500e-02,0.000000000000000e+00,1.326114325322452e+00,5.086356146587878e+00,1,8.980000019073486e-01,5.200999975204468e-01,8.980000019073486e-01,5.000000000000000e-01
6.922356066557426e-01,1.712394545595928e-01,17918,28258,-2.561298385245841e-01,4.083040154796437e-01,0.000000000000000e+00,1.866709737684051e+00,9.428648464826030e-01,-2.592392076827712e-02,0.000000000000000e+00,1.326167933192394e+00,5.086440464194679e+00,1,8.982499837875366e-01,5.200999975204468e-01,8.982499837875366e-01,5.000000000000000e-01
6.921412384607393e-01,1.712420768832764e-01,17923,28263,-2.574873762529520e-01,4.075521202645114e-01,0.000000000000000e+00,1.866813299232524e+00,9.427565688653728e-01,-2.588016462040151e-02,0.000000000000000e+00,1.326221553844374e+00,5.086524801905822e+00,1,8.985000252723694e-01,5.200999975204468e-01,8.985000252723694e-01,5.000000000000000e-01
6.920468927611338e-01,1.712446985818529e-01,17928,28268,-2.588445903728053e-01,4.068004042854242e-01,0.000000000000000e+00,1.866916836094096e+00,9.426483170592551e-01,-2.583641890307358e-02,0.000000000000000e+00,1.326275161714316e+00,5.086609119512622e+00,1,8.987500071525574e-01,5.200999975204468e-01,8.987500071525574e-01,5.000000000000000e-01
6.919525470615286e-01,1.712473202804295e-01,17933,28273,-2.602018044926575e-01,4.060486883063377e-01,0.000000000000000e+00,1.867020372955669e+00,9.425400652531375e-01,-2.579267318574569e-02,0.000000000000000e+00,1.326328769584258e+00,5.086693437119425e+00,1,8.989999890327454e-01,5.200999975204468e-01,8.989999890327454e-01,5.000000000000000e-01
6.918582013619232e-01,1.712499419790061e-01,17938,28278,-2.615590186125097e-01,4.052969723272511e-01,0.000000000000000e+00,1.867123909817242e+00,9.424318134470198e-01,-2.574892746841780e-02,0.000000000000000e+00,1.326382377454200e+00,5.086777754726226e+00,1,8.992499709129333e-01,5.200999975204468e-01,8.992499709129333e-01,5.000000000000000e-01
6.917638331669198e-01,1.712525643026896e-01,17943,28283,-2.629165563408787e-01,4.045450771121181e-01,0.000000000000000e+00,1.867227471365715e+00,9.423235358297894e-01,-2.570517132054215e-02,0.000000000000000e+00,1.326435998106180e+00,5.086862092437368e+00,1,8.995000123977661e-01,5.200999975204468e-01,8.995000123977661e-01,5.000000000000000e-01
6.916694874673144e-01,1.712551860012662e-01,17948,28288,-2.642737704607315e-01,4.037933611330312e-01,0.000000000000000e+00,1.867331008227288e+00,9.422152840236717e-01,-2.566142560321424e-02,0.000000000000000e+00,1.326489605976123e+00,5.086946410044170e+00,1,8.997499942779541e-01,5.200999975204468e-01,8.997499942779541e-01,5.000000000000000e-01
6.915751417677091e-01,1.712578076998428e-01,17953,28294,-2.656309845805830e-01,4.030416451539450e-01,0.000000000000000e+00,1.867434545088860e+00,9.421070322175540e-01,-2.561767988588638e-02,0.000000000000000e+00,1.326543213846065e+00,5.087030727650971e+00,1,8.999999761581421e-01,5.200999975204468e-01,8.999999761581421e-01,5.000000000000000e-01
6.914852480008858e-01,1.716427295393960e-01,17958,28299,-2.686385510655412e-01,4.022849399917663e-01,0.000000000000000e+00,1.867532538298342e+00,9.420032517789261e-01,-2.556958274517540e-02,0.000000000000000e+00,1.326592828536556e+00,5.087105688823636e+00,1,9.002500176429749e-01,5.200999975204468e-01,9.002500176429749e-01,5.000000000000000e-01
6.913953760894337e-01,1.720275960693191e-01,17963,28304,-2.716455579201441e-01,4.015284147536525e-01,0.000000000000000e+00,1.867630507617424e+00,9.418994965081291e-01,-2.552149665595235e-02,0.000000000000000e+00,1.326642431018026e+00,5.087180631233188e+00,1,9.004999995231628e-01,5.200999975204468e-01,9.004999995231628e-01,5.000000000000000e-01
6.913055041779816e-01,1.724124625992421e-01,17968,28309,-2.746525647747456e-01,4.007718895155390e-01,0.000000000000000e+00,1.867728476936506e+00,9.417957412373325e-01,-2.547341056672933e-02,0.000000000000000e+00,1.326692033499495e+00,5.087255573642742e+00,1,9.007499814033508e-01,5.200999975204468e-01,9.007499814033508e-01,5.000000000000000e-01
6.912156108378428e-01,1.727974208951458e-01,17973,28314,-2.776602886076069e-01,4.000151838946797e-01,0.000000000000000e+00,1.867826469614987e+00,9.416919612275584e-01,-2.542531301205817e-02,0.000000000000000e+00,1.326741647807975e+00,5.087330533921252e+00,1,9.010000228881836e-01,5.200999975204468e-01,9.010000228881836e-01,5.000000000000000e-01
6.911257389263906e-01,1.731822874250685e-01,17978,28319,-2.806672954622070e-01,3.992586586565665e-01,0.000000000000000e+00,1.867924438934069e+00,9.415882059567616e-01,-2.537722692283516e-02,0.000000000000000e+00,1.326791250289445e+00,5.087405476330805e+00,1,9.012500047683716e-01,5.200999975204468e-01,9.012500047683716e-01,5.000000000000000e-01
6.910358670149386e-01,1.735671539549898e-01,17983,28324,-2.836743023167994e-01,3.985021334184540e-01,0.000000000000000e+00,1.868022408253151e+00,9.414844506859650e-01,-2.532914083361211e-02,0.000000000000000e+00,1.326840852770915e+00,5.087480418740358e+00,1,9.014999866485596e-01,5.200999975204468e-01,9.014999866485596e-01,5.000000000000000e-01
6.909459736747998e-01,1.739521122508944e-01,17988,28329,-2.866820261496654e-01,3.977454277975943e-01,0.000000000000000e+00,1.868120400931633e+00,9.413806706761909e-01,-2.528104327894097e-02,0.000000000000000e+00,1.326890467079395e+00,5.087555379018870e+00,1,9.017500281333923e-01,5.200999975204468e-01,9.017500281333923e-01,5.000000000000000e-01
6.908561017633477e-01,1.743369787808165e-01,17993,28334,-2.896890330042623e-01,3.969889025594812e-01,0.000000000000000e+00,1.868218370250714e+00,9.412769154053942e-01,-2.523295718971793e-02,0.000000000000000e+00,1.326940069560864e+00,5.087630321428422e+00,1,9.020000100135803e-01,5.200999975204468e-01,9.020000100135803e-01,5.000000000000000e-01
6.907662298518955e-01,1.747218453107386e-01,17998,28339,-2.926960398588592e-01,3.962323773213682e-01,0.000000000000000e+00,1.868316339569797e+00,9.411731601345974e-01,-2.518487110049489e-02,0.000000000000000e+00,1.326989672042334e+00,5.087705263837975e+00,1,9.022499918937683e-01,5.200999975204468e-01,9.022499918937683e-01,5.000000000000000e-01
6.906763579404434e-01,1.751067118406608e-01,18003,28344,-2.957030467134561e-01,3.954758520832551e-01,0.000000000000000e+00,1.868414308888879e+00,9.410694048638008e-01,-2.513678501127185e-02,0.000000000000000e+00,1.327039274523804e+00,5.087780206247529e+00,1,9.024999737739563e-01,5.200999975204468e-01,9.024999737739563e-01,5.000000000000000e-01
6.905864646003048e-01,1.754916701365650e-01,18008,28349,-2.987107705463193e-01,3.947191464623961e-01,0.000000000000000e+00,1.868512301567359e+00,9.409656248540266e-01,-2.508868745660076e-02,0.000000000000000e+00,1.327088888832284e+00,5.087855166526039e+00,1,9.027500152587891e-01,5.200999975204468e-01,9.027500152587891e-01,5.000000000000000e-01
6.904965926888528e-01,1.758765366664869e-01,18013,28354,-3.017177774009149e-01,3.939626212242834e-01,0.000000000000000e+00,1.868610270886442e+00,9.408618695832300e-01,-2.504060136737774e-02,0.000000000000000e+00,1.327138491313753e+00,5.087930108935592e+00,1,9.029999971389771e-01,5.200999975204468e-01,9.029999971389771e-01,5.000000000000000e-01
6.904067207774005e-01,1.762614031964092e-01,18018,28359,-3.047247842555131e-01,3.932060959861701e-01,0.000000000000000e+00,1.868708240205524e+00,9.407581143124334e-01,-2.499251527815467e-02,0.000000000000000e+00,1.327188093795223e+00,5.088005051345145e+00,1,9.032499790191650e-01,5.200999975204468e-01,9.032499790191650e-01,5.000000000000000e-01
6.903168274372619e-01,1.766463614923135e-01,18023,28364,-3.077325080883764e-01,3.924493903653111e-01,0.000000000000000e+00,1.868806232884004e+00,9.406543343026593e-01,-2.494441772348358e-02,0.000000000000000e+00,1.327237708103703e+00,5.088080011623657e+00,1,9.035000205039978e-01,5.200999975204468e-01,9.035000205039978e-01,5.000000000000000e-01
6.902269555258098e-01,1.770312280222356e-01,18028,28369,-3.107395149429734e-01,3.916928651271979e-01,0.000000000000000e+00,1.868904202203087e+00,9.405505790318627e-01,-2.489633163426054e-02,0.000000000000000e+00,1.327287310585173e+00,5.088154954033209e+00,1,9.037500023841858e-01,5.200999975204468e-01,9.037500023841858e-01,5.000000000000000e-01
6.901370836143575e-01,1.774160945521582e-01,18033,28374,-3.137465217975742e-01,3.909363398890839e-01,0.000000000000000e+00,1.869002171522169e+00,9.404468237610659e-01,-2.484824554503743e-02,0.000000000000000e+00,1.327336913066642e+00,5.088229896442762e+00,1,9.039999842643738e-01,5.200999975204468e-01,9.039999842643738e-01,5.000000000000000e-01
6.900471902742189e-01,1.778010528480626e-01,18038,28379,-3.167542456304388e-01,3.901796342682246e-01,0.000000000000000e+00,1.869100164200650e+00,9.403430437512916e-01,-2.480014799036632e-02,0.000000000000000e+00,1.327386527375122e+00,5.088304856721273e+00,1,9.042500257492065e-01,5.200999975204468e-01,9.042500257492065e-01,5.000000000000000e-01
6.899573183627669e-01,1.781859193779844e-01,18043,28384,-3.197612524850331e-01,3.894231090301122e-01,0.000000000000000e+00,1.869198133519732e+00,9.402392884804950e-01,-2.475206190114333e-02,0.000000000000000e+00,1.327436129856592e+00,5.088379799130827e+00,1,9.045000076293945e-01,5.200999975204468e-01,9.045000076293945e-01,5.000000000000000e-01
6.898674464513146e-01,1.785707859079068e-01,18048,28389,-3.227682593396327e-01,3.886665837919985e-01,0.000000000000000e+00,1.869296102838814e+00,9.401355332096982e-01,-2.470397581192023e-02,0.000000000000000e+00,1.327485732338062e+00,5.088454741540380e+00,1,9.047499895095825e-01,5.200999975204468e-01,9.047499895095825e-01,5.000000000000000e-01
6.897775745398624e-01,1.789556524378289e-01,18053,28394,-3.257752661942296e-01,3.879100585538854e-01,0.000000000000000e+00,1.869394072157896e+00,9.400317779389016e-01,-2.465588972269719e-02,0.000000000000000e+00,1.327535334819531e+00,5.088529683949933e+00,1,9.049999713897705e-01,5.200999975204468e-01,9.049999713897705e-01,5.000000000000000e-01
6.896876811997238e-01,1.793406107337330e-01,18058,28399,-3.287829900270915e-01,3.871533529330268e-01,0.000000000000000e+00,1.869492064836377e+00,9.399279979291275e-01,-2.460779216802612e-02,0.000000000000000e+00,1.327584949128011e+00,5.088604644228443e+00,1,9.052500128746033e-01,5.200999975204468e-01,9.052500128746033e-01,5.000000000000000e-01
6.895978092882717e-01,1.797254772636553e-01,18063,28404,-3.317899968816898e-01,3.863968276949134e-01,0.000000000000000e+00,1.869590034155459e+00,9.398242426583308e-01,-2.455970607880306e-02,0.000000000000000e+00,1.327634551609481e+00,5.088679586637996e+00,1,9.054999947547913e-01,5.200999975204468e-01,9.054999947547913e-01,5.000000000000000e-01
6.895079373768195e-01,1.801103437935773e-01,18068,28409,-3.347970037362867e-01,3.856403024568004e-01,0.000000000000000e+00,1.869688003474542e+00,9.397204873875340e-01,-2.451161998958001e-02,0.000000000000000e+00,1.327684154090951e+00,5.088754529047549e+00,1,9.057499766349792e-01,5.200999975204468e-01,9.057499766349792e-01,5.000000000000000e-01
6.894180440366808e-01,1.804953020894816e-01,18073,28414,-3.378047275691499e-01,3.848835968359413e-01,0.000000000000000e+00,1.869785996153022e+00,9.396167073777599e-01,-2.446352243490892e-02,0.000000000000000e+00,1.327733768399431e+00,5.088829489326060e+00,1,9.060000181198120e-01,5.200999975204468e-01,9.060000181198120e-01,5.000000000000000e-01
6.893281721252288e-01,1.808801686194039e-01,18078,28419,-3.408117344237482e-01,3.841270715978280e-01,0.000000000000000e+00,1.869883965472104e+00,9.395129521069633e-01,-2.441543634568586e-02,0.000000000000000e+00,1.327783370880900e+00,5.088904431735614e+00,1,9.062500000000000e-01,5.200999975204468e-01,9.062500000000000e-01,5.000000000000000e-01
6.892383002137765e-01,1.812650351493262e-01,18083,28424,-3.438187412783464e-01,3.833705463597145e-01,0.000000000000000e+00,1.869981934791186e+00,9.394091968361664e-01,-2.436735025646280e-02,0.000000000000000e+00,1.327832973362370e+00,5.088979374145166e+00,1,9.064999818801880e-01,5.200999975204468e-01,9.064999818801880e-01,5.000000000000000e-01
6.891484068736380e-01,1.816499934452303e-01,18088,28429,-3.468264651112083e-01,3.826138407388558e-01,0.000000000000000e+00,1.870079927469668e+00,9.393054168263926e-01,-2.431925270179173e-02,0.000000000000000e+00,1.327882587670850e+00,5.089054334423677e+00,1,9.067500233650208e-01,5.200999975204468e-01,9.067500233650208e-01,5.000000000000000e-01
6.890585349621858e-01,1.820348599751523e-01,18093,28434,-3.498334719658053e-01,3.818573155007428e-01,0.000000000000000e+00,1.870177896788749e+00,9.392016615555958e-01,-2.427116661256868e-02,0.000000000000000e+00,1.327932190152320e+00,5.089129276833230e+00,1,9.070000052452087e-01,5.200999975204468e-01,9.070000052452087e-01,5.000000000000000e-01
6.889686630507337e-01,1.824197265050748e-01,18098,28439,-3.528404788204049e-01,3.811007902626291e-01,0.000000000000000e+00,1.870275866107832e+00,9.390979062847991e-01,-2.422308052334560e-02,0.000000000000000e+00,1.327981792633789e+00,5.089204219242784e+00,1,9.072499871253967e-01,5.200999975204468e-01,9.072499871253967e-01,5.000000000000000e-01
6.888787697105950e-01,1.828046848009789e-01,18103,28444,-3.558482026532668e-01,3.803440846417704e-01,0.000000000000000e+00,1.870373858786313e+00,9.389941262750252e-01,-2.417498296867453e-02,0.000000000000000e+00,1.328031406942269e+00,5.089279179521294e+00,1,9.075000286102295e-01,5.200999975204468e-01,9.075000286102295e-01,5.000000000000000e-01
6.887888977991428e-01,1.831895513309011e-01,18108,28449,-3.588552095078650e-01,3.795875594036570e-01,0.000000000000000e+00,1.870471828105395e+00,9.388903710042283e-01,-2.412689687945146e-02,0.000000000000000e+00,1.328081009423739e+00,5.089354121930847e+00,1,9.077500104904175e-01,5.200999975204468e-01,9.077500104904175e-01,5.000000000000000e-01
6.886990258876907e-01,1.835744178608234e-01,18113,28454,-3.618622163624632e-01,3.788310341655436e-01,0.000000000000000e+00,1.870569797424477e+00,9.387866157334317e-01,-2.407881079022840e-02,0.000000000000000e+00,1.328130611905209e+00,5.089429064340401e+00,1,9.079999923706055e-01,5.200999975204468e-01,9.079999923706055e-01,5.000000000000000e-01
6.886091539762385e-01,1.839592843907452e-01,18118,28459,-3.648692232170575e-01,3.780745089274312e-01,0.000000000000000e+00,1.870667766743559e+00,9.386828604626349e-01,-2.403072470100540e-02,0.000000000000000e+00,1.328180214386678e+00,5.089504006749952e+00,1,9.082499742507935e-01,5.200999975204468e-01,9.082499742507935e-01,5.000000000000000e-01
6.885192606360999e-01,1.843442426866498e-01,18123,28464,-3.678769470499235e-01,3.773178033065716e-01,0.000000000000000e+00,1.870765759422040e+00,9.385790804528609e-01,-2.398262714633427e-02,0.000000000000000e+00,1.328229828695158e+00,5.089578967028464e+00,1,9.085000157356262e-01,5.200999975204468e-01,9.085000157356262e-01,5.000000000000000e-01
6.884293887246478e-01,1.847291092165719e-01,18128,28469,-3.708839539045203e-01,3.765612780684585e-01,0.000000000000000e+00,1.870863728741122e+00,9.384753251820641e-01,-2.393454105711123e-02,0.000000000000000e+00,1.328279431176628e+00,5.089653909438018e+00,1,9.087499976158142e-01,5.200999975204468e-01,9.087499976158142e-01,5.000000000000000e-01
6.883395168131956e-01,1.851139757464938e-01,18133,28474,-3.738909607591160e-01,3.758047528303459e-01,0.000000000000000e+00,1.870961698060204e+00,9.383715699112675e-01,-2.388645496788821e-02,0.000000000000000e+00,1.328329033658098e+00,5.089728851847571e+00,1,9.089999794960022e-01,5.200999975204468e-01,9.089999794960022e-01,5.000000000000000e-01
6.882496234730570e-01,1.854989340423982e-01,18138,28479,-3.768986845919805e-01,3.750480472094864e-01,0.000000000000000e+00,1.871059690738685e+00,9.382677899014935e-01,-2.383835741321709e-02,0.000000000000000e+00,1.328378647966578e+00,5.089803812126082e+00,1,9.092500209808350e-01,5.200999975204468e-01,9.092500209808350e-01,5.000000000000000e-01
6.881597515616047e-01,1.858838005723207e-01,18143,28484,-3.799056914465801e-01,3.742915219713727e-01,0.000000000000000e+00,1.871157660057767e+00,9.381640346306965e-01,-2.379027132399401e-02,0.000000000000000e+00,1.328428250448047e+00,5.089878754535635e+00,1,9.095000028610229e-01,5.200999975204468e-01,9.095000028610229e-01,5.000000000000000e-01
6.880698796501528e-01,1.862686671022426e-01,18148,28489,-3.829126983011757e-01,3.735349967332600e-01,0.000000000000000e+00,1.871255629376849e+00,9.380602793599000e-01,-2.374218523477099e-02,0.000000000000000e+00,1.328477852929517e+00,5.089953696945187e+00,1,9.097499847412109e-01,5.200999975204468e-01,9.097499847412109e-01,5.000000000000000e-01
6.879799875540802e-01,1.866536291839557e-01,18153,28495,-3.859203140147128e-01,3.727783769274816e-01,0.000000000000000e+00,1.871353621052063e+00,9.379565008346774e-01,-2.369408705778726e-02,0.000000000000000e+00,1.328527466671663e+00,5.090028656668785e+00,1,9.100000262260437e-01,5.200999975204468e-01,9.100000262260437e-01,5.000000000000000e-01
6.879019738549602e-01,1.870745813535682e-01,18158,28500,-3.878967470967218e-01,3.728398254386360e-01,0.000000000000000e+00,1.871442027408873e+00,9.378668960398602e-01,-2.364006919786356e-02,0.000000000000000e+00,1.328571670957989e+00,5.090098309734097e+00,1,9.102500081062317e-01,5.200999975204468e-01,9.102500081062317e-01,5.000000000000000e-01
6.878239601558400e-01,1.874955335231785e-01,18163,28505,-3.898731801787191e-01,3.729012739497928e-01,0.000000000000000e+00,1.871530433765684e+00,9.377772912450429e-01,-2.358605133793985e-02,0.000000000000000e+00,1.328615875244314e+00,5.090167962799408e+00,1,9.104999899864197e-01,5.200999975204468e-01,9.104999899864197e-01,5.000000000000000e-01
6.877459464567203e-01,1.879164856927912e-01,18168,28510,-3.918496132607291e-01,3.729627224609473e-01,0.000000000000000e+00,1.871618840122494e+00,9.376876864502257e-01,-2.353203347801613e-02,0.000000000000000e+00,1.328660079530640e+00,5.090237615864721e+00,1,9.107499718666077e-01,5.200999975204468e-01,9.107499718666077e-01,5.000000000000000e-01
6.876679141563365e-01,1.883375382324959e-01,18173,28515,-3.938265175952575e-01,3.730241856236312e-01,0.000000000000000e+00,1.871707267558550e+00,9.375980602904120e-01,-2.347800273829749e-02,0.000000000000000e+00,1.328704294356853e+00,5.090307285537822e+00,1,9.110000133514404e-01,5.200999975204468e-01,9.110000133514404e-01,5.000000000000000e-01
6.875899004572167e-01,1.887584904021079e-01,18178,28520,-3.958029506772638e-01,3.730856341347863e-01,0.000000000000000e+00,1.871795673915360e+00,9.375084554955948e-01,-2.342398487837376e-02,0.000000000000000e+00,1.328748498643178e+00,5.090376938603135e+00,1,9.112499952316284e-01,5.200999975204468e-01,9.112499952316284e-01,5.000000000000000e-01
6.875118867580968e-01,1.891794425717193e-01,18183,28525,-3.977793837592675e-01,3.731470826459416e-01,0.000000000000000e+00,1.871884080272170e+00,9.374188507007775e-01,-2.336996701845010e-02,0.000000000000000e+00,1.328792702929504e+00,5.090446591668446e+00,1,9.114999771118164e-01,5.200999975204468e-01,9.114999771118164e-01,5.000000000000000e-01
6.874338544577133e-01,1.896004951114239e-01,18188,28530,-3.997562880937951e-01,3.732085458086255e-01,0.000000000000000e+00,1.871972507708227e+00,9.373292245409641e-01,-2.331593627873149e-02,0.000000000000000e+00,1.328836917755717e+00,5.090516261341548e+00,1,9.117500185966492e-01,5.200999975204468e-01,9.117500185966492e-01,5.000000000000000e-01
6.873558407585934e-01,1.900214472810353e-01,18193,28535,-4.017327211757981e-01,3.732699943197816e-01,0.000000000000000e+00,1.872060914065037e+00,9.372396197461466e-01,-2.326191841880774e-02,0.000000000000000e+00,1.328881122042043e+00,5.090585914406862e+00,1,9.120000004768372e-01,5.200999975204468e-01,9.120000004768372e-01,5.000000000000000e-01
6.872778270594732e-01,1.904423994506473e-01,18198,28540,-4.037091542578043e-01,3.733314428309368e-01,0.000000000000000e+00,1.872149320421848e+00,9.371500149513293e-01,-2.320790055888401e-02,0.000000000000000e+00,1.328925326328369e+00,5.090655567472174e+00,1,9.122499823570251e-01,5.200999975204468e-01,9.122499823570251e-01,5.000000000000000e-01
6.871997947590900e-01,1.908634519903525e-01,18203,28545,-4.056860585923354e-01,3.733929059936199e-01,0.000000000000000e+00,1.872237747857903e+00,9.370603887915158e-01,-2.315386981916541e-02,0.000000000000000e+00,1.328969541154581e+00,5.090725237145273e+00,1,9.125000238418579e-01,5.200999975204468e-01,9.125000238418579e-01,5.000000000000000e-01
6.871217810599697e-01,1.912844041599643e-01,18208,28550,-4.076624916743408e-01,3.734543545047751e-01,0.000000000000000e+00,1.872326154214714e+00,9.369707839966984e-01,-2.309985195924170e-02,0.000000000000000e+00,1.329013745440907e+00,5.090794890210587e+00,1,9.127500057220459e-01,5.200999975204468e-01,9.127500057220459e-01,5.000000000000000e-01
6.870437673608498e-01,1.917053563295763e-01,18213,28555,-4.096389247563470e-01,3.735158030159303e-01,0.000000000000000e+00,1.872414560571524e+00,9.368811792018813e-01,-2.304583409931796e-02,0.000000000000000e+00,1.329057949727233e+00,5.090864543275900e+00,1,9.129999876022339e-01,5.200999975204468e-01,9.129999876022339e-01,5.000000000000000e-01
6.869657350604662e-01,1.921264088692810e-01,18218,28560,-4.116158290908756e-01,3.735772661786143e-01,0.000000000000000e+00,1.872502988007580e+00,9.367915530420674e-01,-2.299180335959933e-02,0.000000000000000e+00,1.329102164553445e+00,5.090934212949000e+00,1,9.132500290870667e-01,5.200999975204468e-01,9.132500290870667e-01,5.000000000000000e-01
6.868877213613463e-01,1.925473610388927e-01,18223,28565,-4.135922621728800e-01,3.736387146897695e-01,0.000000000000000e+00,1.872591394364390e+00,9.367019482472503e-01,-2.293778549967564e-02,0.000000000000000e+00,1.329146368839771e+00,5.091003866014312e+00,1,9.135000109672546e-01,5.200999975204468e-01,9.135000109672546e-01,5.000000000000000e-01
6.868097076622265e-01,1.929683132085045e-01,18228,28570,-4.155686952548855e-01,3.737001632009248e-01,0.000000000000000e+00,1.872679800721201e+00,9.366123434524330e-01,-2.288376763975193e-02,0.000000000000000e+00,1.329190573126097e+00,5.091073519079625e+00,1,9.137499928474426e-01,5.200999975204468e-01,9.137499928474426e-01,5.000000000000000e-01
6.867316939631064e-01,1.933892653781165e-01,18233,28575,-4.175451283368917e-01,3.737616117120800e-01,0.000000000000000e+00,1.872768207078011e+00,9.365227386576156e-01,-2.282974977982820e-02,0.000000000000000e+00,1.329234777412422e+00,5.091143172144936e+00,1,9.139999747276306e-01,5.200999975204468e-01,9.139999747276306e-01,5.000000000000000e-01
6.866536616627229e-01,1.938103179178213e-01,18238,28580,-4.195220326714203e-01,3.738230748747640e-01,0.000000000000000e+00,1.872856634514068e+00,9.364331124978021e-01,-2.277571904010957e-02,0.000000000000000e+00,1.329278992238636e+00,5.091212841818039e+00,1,9.142500162124634e-01,5.200999975204468e-01,9.142500162124634e-01,5.000000000000000e-01
6.865756479636029e-01,1.942312700874329e-01,18243,28585,-4.214984657534248e-01,3.738845233859192e-01,0.000000000000000e+00,1.872945040870877e+00,9.363435077029849e-01,-2.272170118018588e-02,0.000000000000000e+00,1.329323196524961e+00,5.091282494883351e+00,1,9.144999980926514e-01,5.200999975204468e-01,9.144999980926514e-01,5.000000000000000e-01
6.864976342644831e-01,1.946522222570439e-01,18248,28590,-4.234748988354261e-01,3.739459718970752e-01,0.000000000000000e+00,1.873033447227688e+00,9.362539029081677e-01,-2.266768332026218e-02,0.000000000000000e+00,1.329367400811287e+00,5.091352147948664e+00,1,9.147499799728394e-01,5.200999975204468e-01,9.147499799728394e-01,5.000000000000000e-01
6.864196019640995e-01,1.950732747967492e-01,18253,28595,-4.254518031699578e-01,3.740074350597581e-01,0.000000000000000e+00,1.873121874663744e+00,9.361642767483540e-01,-2.261365258054356e-02,0.000000000000000e+00,1.329411615637500e+00,5.091421817621764e+00,1,9.150000214576721e-01,5.200999975204468e-01,9.150000214576721e-01,5.000000000000000e-01
6.863415882649794e-01,1.954942269663609e-01,18258,28600,-4.274282362519618e-01,3.740688835709143e-01,0.000000000000000e+00,1.873210281020555e+00,9.360746719535364e-01,-2.255963472061978e-02,0.000000000000000e+00,1.329455819923826e+00,5.091491470687077e+00,1,9.152500033378601e-01,5.200999975204468e-01,9.152500033378601e-01,5.000000000000000e-01
6.862635745658595e-01,1.959151791359729e-01,18263,28605,-4.294046693339687e-01,3.741303320820687e-01,0.000000000000000e+00,1.873298687377365e+00,9.359850671587193e-01,-2.250561686069614e-02,0.000000000000000e+00,1.329500024210151e+00,5.091561123752390e+00,1,9.154999852180481e-01,5.200999975204468e-01,9.154999852180481e-01,5.000000000000000e-01
6.861855422654760e-01,1.963362316756778e-01,18268,28610,-4.313815736684981e-01,3.741917952447526e-01,0.000000000000000e+00,1.873387114813421e+00,9.358954409989058e-01,-2.245158612097748e-02,0.000000000000000e+00,1.329544239036364e+00,5.091630793425491e+00,1,9.157500267028809e-01,5.200999975204468e-01,9.157500267028809e-01,5.000000000000000e-01
6.861075285663560e-01,1.967571838452894e-01,18273,28615,-4.333580067505026e-01,3.742532437559078e-01,0.000000000000000e+00,1.873475521170231e+00,9.358058362040884e-01,-2.239756826105379e-02,0.000000000000000e+00,1.329588443322690e+00,5.091700446490803e+00,1,9.160000085830688e-01,5.200999975204468e-01,9.160000085830688e-01,5.000000000000000e-01
6.860295148672360e-01,1.971781360149013e-01,18278,28620,-4.353344398325079e-01,3.743146922670630e-01,0.000000000000000e+00,1.873563927527041e+00,9.357162314092713e-01,-2.234355040113008e-02,0.000000000000000e+00,1.329632647609015e+00,5.091770099556115e+00,1,9.162499904632568e-01,5.200999975204468e-01,9.162499904632568e-01,5.000000000000000e-01
6.859515011681161e-01,1.975990881845133e-01,18283,28625,-4.373108729145142e-01,3.743761407782183e-01,0.000000000000000e+00,1.873652333883852e+00,9.356266266144539e-01,-2.228953254120635e-02,0.000000000000000e+00,1.329676851895341e+00,5.091839752621429e+00,1,9.164999723434448e-01,5.200999975204468e-01,9.164999723434448e-01,5.000000000000000e-01
6.858734688677326e-01,1.980201407242178e-01,18288,28630,-4.392877772490419e-01,3.744376039409022e-01,0.000000000000000e+00,1.873740761319908e+00,9.355370004546403e-01,-2.223550180148774e-02,0.000000000000000e+00,1.329721066721554e+00,5.091909422294529e+00,1,9.167500138282776e-01,5.200999975204468e-01,9.167500138282776e-01,5.000000000000000e-01
6.857954551686125e-01,1.984410928938291e-01,18293,28635,-4.412642103310444e-01,3.744990524520582e-01,0.000000000000000e+00,1.873829167676718e+00,9.354473956598230e-01,-2.218148394156402e-02,0.000000000000000e+00,1.329765271007880e+00,5.091979075359841e+00,1,9.169999957084656e-01,5.200999975204468e-01,9.169999957084656e-01,5.000000000000000e-01
6.857174414694925e-01,1.988620450634419e-01,18298,28640,-4.432406434130545e-01,3.745605009632127e-01,0.000000000000000e+00,1.873917574033528e+00,9.353577908650057e-01,-2.212746608164027e-02,0.000000000000000e+00,1.329809475294205e+00,5.092048728425154e+00,1,9.172499775886536e-01,5.200999975204468e-01,9.172499775886536e-01,5.000000000000000e-01
6.856394091691091e-01,1.992830976031462e-01,18303,28645,-4.452175477475812e-01,3.746219641258965e-01,0.000000000000000e+00,1.874006001469585e+00,9.352681647051921e-01,-2.207343534192168e-02,0.000000000000000e+00,1.329853690120418e+00,5.092118398098255e+00,1,9.175000190734863e-01,5.200999975204468e-01,9.175000190734863e-01,5.000000000000000e-01
6.855613954699892e-01,1.997040497727580e-01,18308,28650,-4.471939808295866e-01,3.746834126370518e-01,0.000000000000000e+00,1.874094407826395e+00,9.351785599103748e-01,-2.201941748199797e-02,0.000000000000000e+00,1.329897894406744e+00,5.092188051163568e+00,1,9.177500009536743e-01,5.200999975204468e-01,9.177500009536743e-01,5.000000000000000e-01
6.854833817708691e-01,2.001250019423702e-01,18313,28655,-4.491704139115937e-01,3.747448611482071e-01,0.000000000000000e+00,1.874182814183206e+00,9.350889551155575e-01,-2.196539962207422e-02,0.000000000000000e+00,1.329942098693070e+00,5.092257704228880e+00,1,9.179999828338623e-01,5.200999975204468e-01,9.179999828338623e-01,5.000000000000000e-01
6.854053494704857e-01,2.005460544820748e-01,18318,28660,-4.511473182461215e-01,3.748063243108910e-01,0.000000000000000e+00,1.874271241619262e+00,9.349993289557439e-01,-2.191136888235561e-02,0.000000000000000e+00,1.329986313519282e+00,5.092327373901981e+00,1,9.182500243186951e-01,5.200999975204468e-01,9.182500243186951e-01,5.000000000000000e-01
6.853273357713658e-01,2.009670066516864e-01,18323,28665,-4.531237513281259e-01,3.748677728220461e-01,0.000000000000000e+00,1.874359647976072e+00,9.349097241609268e-01,-2.185735102243192e-02,0.000000000000000e+00,1.330030517805608e+00,5.092397026967292e+00,1,9.185000061988831e-01,5.200999975204468e-01,9.185000061988831e-01,5.000000000000000e-01
6.852493220722458e-01,2.013879588212982e-01,18328,28670,-4.551001844101313e-01,3.749292213332014e-01,0.000000000000000e+00,1.874448054332882e+00,9.348201193661093e-01,-2.180333316250821e-02,0.000000000000000e+00,1.330074722091934e+00,5.092466680032605e+00,1,9.187499880790710e-01,5.200999975204468e-01,9.187499880790710e-01,5.000000000000000e-01
6.851712897718623e-01,2.018090113610030e-01,18333,28675,-4.570770887446599e-01,3.749906844958853e-01,0.000000000000000e+00,1.874536481768938e+00,9.347304932062958e-01,-2.174930242278957e-02,0.000000000000000e+00,1.330118936918147e+00,5.092536349705707e+00,1,9.190000295639038e-01,5.200999975204468e-01,9.190000295639038e-01,5.000000000000000e-01
6.850932760727423e-01,2.022299635306148e-01,18338,28680,-4.590535218266653e-01,3.750521330070405e-01,0.000000000000000e+00,1.874624888125749e+00,9.346408884114785e-01,-2.169528456286587e-02,0.000000000000000e+00,1.330163141204472e+00,5.092606002771019e+00,1,9.192500114440918e-01,5.200999975204468e-01,9.192500114440918e-01,5.000000000000000e-01
6.850152623736222e-01,2.026509157002266e-01,18343,28685,-4.610299549086707e-01,3.751135815181958e-01,0.000000000000000e+00,1.874713294482559e+00,9.345512836166612e-01,-2.164126670294216e-02,0.000000000000000e+00,1.330207345490798e+00,5.092675655836333e+00,1,9.194999933242798e-01,5.200999975204468e-01,9.194999933242798e-01,5.000000000000000e-01
6.849372486745022e-01,2.030718678698387e-01,18348,28690,-4.630063879906769e-01,3.751750300293510e-01,0.000000000000000e+00,1.874801700839369e+00,9.344616788218438e-01,-2.158724884301842e-02,0.000000000000000e+00,1.330251549777124e+00,5.092745308901645e+00,1,9.197499752044678e-01,5.200999975204468e-01,9.197499752044678e-01,5.000000000000000e-01
6.848592161765439e-01,2.034929081265832e-01,18353,28696,-4.649832637676889e-01,3.752364478516126e-01,0.000000000000000e+00,1.874890128995917e+00,9.343720523869380e-01,-2.153321769374391e-02,0.000000000000000e+00,1.330295764613087e+00,5.092814978371029e+00,1,9.200000166893005e-01,5.200999975204468e-01,9.200000166893005e-01,5.000000000000000e-01
6.847782430863056e-01,2.037298791073857e-01,18358,28701,-4.665319461006177e-01,3.746187615848635e-01,0.000000000000000e+00,1.874989327285222e+00,9.342783271032944e-01,-2.147306527147414e-02,0.000000000000000e+00,1.330340114942704e+00,5.092881580041291e+00,1,9.202499985694885e-01,5.200999975204468e-01,9.202499985694885e-01,5.000000000000000e-01
6.846972699960674e-01,2.039668500881872e-01,18363,28706,-4.680806284335405e-01,3.740010753181161e-01,0.000000000000000e+00,1.875088525574527e+00,9.341846018196509e-01,-2.141291284920436e-02,0.000000000000000e+00,1.330384465272321e+00,5.092948181711553e+00,1,9.204999804496765e-01,5.200999975204468e-01,9.204999804496765e-01,5.000000000000000e-01
6.846162775989407e-01,2.042038775713684e-01,18368,28711,-4.696296800278683e-01,3.733832417728121e-01,0.000000000000000e+00,1.875187747516262e+00,9.340908541885384e-01,-2.135274608444000e-02,0.000000000000000e+00,1.330428826176647e+00,5.093014799262043e+00,1,9.207500219345093e-01,5.200999975204468e-01,9.207500219345093e-01,5.000000000000000e-01
6.845353045087026e-01,2.044408485521686e-01,18373,28716,-4.711783623607840e-01,3.727655555060668e-01,0.000000000000000e+00,1.875286945805567e+00,9.339971289048948e-01,-2.129259366217024e-02,0.000000000000000e+00,1.330473176506265e+00,5.093081400932308e+00,1,9.210000038146973e-01,5.200999975204468e-01,9.210000038146973e-01,5.000000000000000e-01
6.844543314184643e-01,2.046778195329707e-01,18378,28721,-4.727270446937109e-01,3.721478692393181e-01,0.000000000000000e+00,1.875386144094872e+00,9.339034036212510e-01,-2.123244123990042e-02,0.000000000000000e+00,1.330517526835882e+00,5.093148002602568e+00,1,9.212499856948853e-01,5.200999975204468e-01,9.212499856948853e-01,5.000000000000000e-01
6.843733390213377e-01,2.049148470161520e-01,18383,28726,-4.742760962880387e-01,3.715300356940141e-01,0.000000000000000e+00,1.875485366036607e+00,9.338096559901389e-01,-2.117227447513607e-02,0.000000000000000e+00,1.330561887740208e+00,5.093214620153057e+00,1,9.215000271797180e-01,5.200999975204468e-01,9.215000271797180e-01,5.000000000000000e-01
6.842923659310995e-01,2.051518179969533e-01,18388,28731,-4.758247786209607e-01,3.709123494272671e-01,0.000000000000000e+00,1.875584564325913e+00,9.337159307064953e-01,-2.111212205286631e-02,0.000000000000000e+00,1.330606238069826e+00,5.093281221823322e+00,1,9.217500090599060e-01,5.200999975204468e-01,9.217500090599060e-01,5.000000000000000e-01
6.842113928408613e-01,2.053887889777548e-01,18393,28736,-4.773734609538841e-01,3.702946631605195e-01,0.000000000000000e+00,1.875683762615217e+00,9.336222054228515e-01,-2.105196963059650e-02,0.000000000000000e+00,1.330650588399443e+00,5.093347823493585e+00,1,9.219999909400940e-01,5.200999975204468e-01,9.219999909400940e-01,5.000000000000000e-01
6.841304197506232e-01,2.056257599585564e-01,18398,28741,-4.789221432868073e-01,3.696769768937718e-01,0.000000000000000e+00,1.875782960904522e+00,9.335284801392079e-01,-2.099181720832670e-02,0.000000000000000e+00,1.330694938729060e+00,5.093414425163847e+00,1,9.222499728202820e-01,5.200999975204468e-01,9.222499728202820e-01,5.000000000000000e-01
6.840494273534966e-01,2.058627874417374e-01,18403,28746,-4.804711948811338e-01,3.690591433484683e-01,0.000000000000000e+00,1.875882182846257e+00,9.334347325080955e-01,-2.093165044356240e-02,0.000000000000000e+00,1.330739299633386e+00,5.093481042714337e+00,1,9.225000143051147e-01,5.200999975204468e-01,9.225000143051147e-01,5.000000000000000e-01
6.839684542632583e-01,2.060997584225388e-01,18408,28751,-4.820198772140564e-01,3.684414570817209e-01,0.000000000000000e+00,1.875981381135562e+00,9.333410072244521e-01,-2.087149802129262e-02,0.000000000000000e+00,1.330783649963003e+00,5.093547644384600e+00,1,9.227499961853027e-01,5.200999975204468e-01,9.227499961853027e-01,5.000000000000000e-01
6.838874811730201e-01,2.063367294033405e-01,18413,28756,-4.835685595469806e-01,3.678237708149730e-01,0.000000000000000e+00,1.876080579424868e+00,9.332472819408082e-01,-2.081134559902278e-02,0.000000000000000e+00,1.330828000292620e+00,5.093614246054861e+00,1,9.229999780654907e-01,5.200999975204468e-01,9.229999780654907e-01,5.000000000000000e-01
6.838064887758935e-01,2.065737568865215e-01,18418,28761,-4.851176111413070e-01,3.672059372696695e-01,0.000000000000000e+00,1.876179801366602e+00,9.331535343096962e-01,-2.075117883425848e-02,0.000000000000000e+00,1.330872361196947e+00,5.093680863605352e+00,1,9.232500195503235e-01,5.200999975204468e-01,9.232500195503235e-01,5.000000000000000e-01
6.837255156856552e-01,2.068107278673230e-01,18423,28766,-4.866662934742297e-01,3.665882510029222e-01,0.000000000000000e+00,1.876278999655907e+00,9.330598090260523e-01,-2.069102641198870e-02,0.000000000000000e+00,1.330916711526564e+00,5.093747465275615e+00,1,9.235000014305115e-01,5.200999975204468e-01,9.235000014305115e-01,5.000000000000000e-01
6.836445425954170e-01,2.070476988481252e-01,18428,28771,-4.882149758071569e-01,3.659705647361735e-01,0.000000000000000e+00,1.876378197945212e+00,9.329660837424086e-01,-2.063087398971888e-02,0.000000000000000e+00,1.330961061856181e+00,5.093814066945877e+00,1,9.237499833106995e-01,5.200999975204468e-01,9.237499833106995e-01,5.000000000000000e-01
6.835635501982904e-01,2.072847263313056e-01,18433,28776,-4.897640274014802e-01,3.653527311908707e-01,0.000000000000000e+00,1.876477419886947e+00,9.328723361112965e-01,-2.057070722495456e-02,0.000000000000000e+00,1.331005422760508e+00,5.093880684496368e+00,1,9.240000247955322e-01,5.200999975204468e-01,9.240000247955322e-01,5.000000000000000e-01
6.834825771080522e-01,2.075216973121063e-01,18438,28781,-4.913127097343990e-01,3.647350449241243e-01,0.000000000000000e+00,1.876576618176253e+00,9.327786108276530e-01,-2.051055480268479e-02,0.000000000000000e+00,1.331049773090125e+00,5.093947286166631e+00,1,9.242500066757202e-01,5.200999975204468e-01,9.242500066757202e-01,5.000000000000000e-01
6.834016040178139e-01,2.077586682929093e-01,18443,28786,-4.928613920673302e-01,3.641173586573748e-01,0.000000000000000e+00,1.876675816465557e+00,9.326848855440091e-01,-2.045040238041496e-02,0.000000000000000e+00,1.331094123419742e+00,5.094013887836892e+00,1,9.244999885559082e-01,5.200999975204468e-01,9.244999885559082e-01,5.000000000000000e-01
6.833206309275757e-01,2.079956392737100e-01,18448,28791,-4.944100744002489e-01,3.634996723906284e-01,0.000000000000000e+00,1.876775014754863e+00,9.325911602603654e-01,-2.039024995814520e-02,0.000000000000000e+00,1.331138473749359e+00,5.094080489507156e+00,1,9.247499704360962e-01,5.200999975204468e-01,9.247499704360962e-01,5.000000000000000e-01
6.832396385304491e-01,2.082326667568911e-01,18453,28796,-4.959591259945760e-01,3.628818388453247e-01,0.000000000000000e+00,1.876874236696597e+00,9.324974126292533e-01,-2.033008319338086e-02,0.000000000000000e+00,1.331182834653686e+00,5.094147107057645e+00,1,9.250000119209290e-01,5.200999975204468e-01,9.250000119209290e-01,5.000000000000000e-01
6.831586654402109e-01,2.084696377376919e-01,18458,28801,-4.975078083274953e-01,3.622641525785780e-01,0.000000000000000e+00,1.876973434985903e+00,9.324036873456096e-01,-2.026993077111107e-02,0.000000000000000e+00,1.331227184983303e+00,5.094213708727908e+00,1,9.252499938011169e-01,5.200999975204468e-01,9.252499938011169e-01,5.000000000000000e-01
6.830776923499726e-01,2.087066087184941e-01,18463,28806,-4.990564906604221e-01,3.616464663118297e-01,0.000000000000000e+00,1.877072633275208e+00,9.323099620619659e-01,-2.020977834884128e-02,0.000000000000000e+00,1.331271535312920e+00,5.094280310398172e+00,1,9.254999756813049e-01,5.200999975204468e-01,9.254999756813049e-01,5.000000000000000e-01
6.829966999528460e-01,2.089436362016753e-01,18468,28811,-5.006055422547498e-01,3.610286327665256e-01,0.000000000000000e+00,1.877171855216942e+00,9.322162144308537e-01,-2.014961158407692e-02,0.000000000000000e+00,1.331315896217246e+00,5.094346927948661e+00,1,9.257500171661377e-01,5.200999975204468e-01,9.257500171661377e-01,5.000000000000000e-01
6.829157268626078e-01,2.091806071824776e-01,18473,28816,-5.021542245876767e-01,3.604109464997773e-01,0.000000000000000e+00,1.877271053506248e+00,9.321224891472100e-01,-2.008945916180713e-02,0.000000000000000e+00,1.331360246546863e+00,5.094413529618923e+00,1,9.259999990463257e-01,5.200999975204468e-01,9.259999990463257e-01,5.000000000000000e-01
6.828347537723696e-01,2.094175781632783e-01,18478,28821,-5.037029069205959e-01,3.597932602330307e-01,0.000000000000000e+00,1.877370251795553e+00,9.320287638635664e-01,-2.002930673953734e-02,0.000000000000000e+00,1.331404596876481e+00,5.094480131289187e+00,1,9.262499809265137e-01,5.200999975204468e-01,9.262499809265137e-01,5.000000000000000e-01
6.827537613752429e-01,2.096546056464593e-01,18483,28826,-5.052519585149224e-01,3.591754266877272e-01,0.000000000000000e+00,1.877469473737288e+00,9.319350162324540e-01,-1.996913997477303e-02,0.000000000000000e+00,1.331448957780807e+00,5.094546748839676e+00,1,9.265000224113464e-01,5.200999975204468e-01,9.265000224113464e-01,5.000000000000000e-01
6.826727882850048e-01,2.098915766272608e-01,18488,28831,-5.068006408478449e-01,3.585577404209798e-01,0.000000000000000e+00,1.877568672026593e+00,9.318412909488103e-01,-1.990898755250325e-02,0.000000000000000e+00,1.331493308110424e+00,5.094613350509938e+00,1,9.267500042915344e-01,5.200999975204468e-01,9.267500042915344e-01,5.000000000000000e-01
6.825918151947665e-01,2.101285476080616e-01,18493,28836,-5.083493231807649e-01,3.579400541542328e-01,0.000000000000000e+00,1.877667870315898e+00,9.317475656651668e-01,-1.984883513023343e-02,0.000000000000000e+00,1.331537658440042e+00,5.094679952180202e+00,1,9.269999861717224e-01,5.200999975204468e-01,9.269999861717224e-01,5.000000000000000e-01
6.825108227976397e-01,2.103655750912434e-01,18498,28841,-5.098983747750955e-01,3.573222206089284e-01,0.000000000000000e+00,1.877767092257633e+00,9.316538180340544e-01,-1.978866836546912e-02,0.000000000000000e+00,1.331582019344368e+00,5.094746569730692e+00,1,9.272500276565552e-01,5.200999975204468e-01,9.272500276565552e-01,5.000000000000000e-01
6.824298497074015e-01,2.106025460720458e-01,18503,28846,-5.114470571080232e-01,3.567045343421799e-01,0.000000000000000e+00,1.877866290546938e+00,9.315600927504109e-01,-1.972851594319930e-02,0.000000000000000e+00,1.331626369673985e+00,5.094813171400954e+00,1,9.275000095367432e-01,5.200999975204468e-01,9.275000095367432e-01,5.000000000000000e-01
6.823488766171635e-01,2.108395170528465e-01,18508,28851,-5.129957394409423e-01,3.560868480754331e-01,0.000000000000000e+00,1.877965488836243e+00,9.314663674667671e-01,-1.966836352092950e-02,0.000000000000000e+00,1.331670720003602e+00,5.094879773071217e+00,1,9.277499914169312e-01,5.200999975204468e-01,9.277499914169312e-01,5.000000000000000e-01
6.822679035269252e-01,2.110764880336478e-01,18513,28856,-5.145444217738643e-01,3.554691618086860e-01,0.000000000000000e+00,1.878064687125548e+00,9.313726421831235e-01,-1.960821109865975e-02,0.000000000000000e+00,1.331715070333219e+00,5.094946374741480e+00,1,9.279999732971191e-01,5.200999975204468e-01,9.279999732971191e-01,5.000000000000000e-01
6.821869111297985e-01,2.113135155168292e-01,18518,28861,-5.160934733681927e-01,3.548513282633817e-01,0.000000000000000e+00,1.878163909067283e+00,9.312788945520112e-01,-1.954804433389536e-02,0.000000000000000e+00,1.331759431237546e+00,5.095012992291970e+00,1,9.282500147819519e-01,5.200999975204468e-01,9.282500147819519e-01,5.000000000000000e-01
6.821059380395604e-01,2.115504864976306e-01,18523,28866,-5.176421557011155e-01,3.542336419966344e-01,0.000000000000000e+00,1.878263107356588e+00,9.311851692683675e-01,-1.948789191162559e-02,0.000000000000000e+00,1.331803781567163e+00,5.095079593962232e+00,1,9.284999966621399e-01,5.200999975204468e-01,9.284999966621399e-01,5.000000000000000e-01
6.820249649493222e-01,2.117874574784321e-01,18528,28871,-5.191908380340382e-01,3.536159557298870e-01,0.000000000000000e+00,1.878362305645894e+00,9.310914439847240e-01,-1.942773948935581e-02,0.000000000000000e+00,1.331848131896780e+00,5.095146195632496e+00,1,9.287499785423279e-01,5.200999975204468e-01,9.287499785423279e-01,5.000000000000000e-01
6.819439725521956e-01,2.120244849616131e-01,18533,28876,-5.207398896283646e-01,3.529981221845835e-01,0.000000000000000e+00,1.878461527587628e+00,9.309976963536117e-01,-1.936757272459150e-02,0.000000000000000e+00,1.331892492801106e+00,5.095212813182985e+00,1,9.290000200271606e-01,5.200999975204468e-01,9.290000200271606e-01,5.000000000000000e-01
6.818629994619573e-01,2.122614559424147e-01,18538,28881,-5.222885719612886e-01,3.523804359178356e-01,0.000000000000000e+00,1.878560725876933e+00,9.309039710699680e-01,-1.930742030232167e-02,0.000000000000000e+00,1.331936843130724e+00,5.095279414853247e+00,1,9.292500019073486e-01,5.200999975204468e-01,9.292500019073486e-01,5.000000000000000e-01
6.817820263717191e-01,2.124984269232161e-01,18543,28886,-5.238372542942112e-01,3.517627496510882e-01,0.000000000000000e+00,1.878659924166238e+00,9.308102457863243e-01,-1.924726788005189e-02,0.000000000000000e+00,1.331981193460341e+00,5.095346016523511e+00,1,9.294999837875366e-01,5.200999975204468e-01,9.294999837875366e-01,5.000000000000000e-01
6.817010339745924e-01,2.127354544063974e-01,18548,28891,-5.253863058885391e-01,3.511449161057842e-01,0.000000000000000e+00,1.878759146107973e+00,9.307164981552121e-01,-1.918710111528753e-02,0.000000000000000e+00,1.332025554364667e+00,5.095412634074001e+00,1,9.297500252723694e-01,5.200999975204468e-01,9.297500252723694e-01,5.000000000000000e-01
6.816200608843543e-01,2.129724253871988e-01,18553,28897,-5.269349882214618e-01,3.505272298390369e-01,0.000000000000000e+00,1.878858344397278e+00,9.306227728715684e-01,-1.912694869301775e-02,0.000000000000000e+00,1.332069904694285e+00,5.095479235744262e+00,1,9.300000071525574e-01,5.200999975204468e-01,9.300000071525574e-01,5.000000000000000e-01
6.815553022358608e-01,2.128322381525597e-01,18558,28902,-5.276228885808898e-01,3.482608163259099e-01,0.000000000000000e+00,1.878934396366503e+00,9.305479982364950e-01,-1.905713976257744e-02,0.000000000000000e+00,1.332105303950707e+00,5.095532361515985e+00,1,9.302499890327454e-01,5.200999975204468e-01,9.302499890327454e-01,5.000000000000000e-01
6.814905431234477e-01,2.126920617089747e-01,18563,28907,-5.283108135685568e-01,3.459944499853180e-01,0.000000000000000e+00,1.879010448997979e+00,9.304732230592150e-01,-1.898733110842407e-02,0.000000000000000e+00,1.332140703463233e+00,5.095585487673272e+00,1,9.304999709129333e-01,5.200999975204468e-01,9.304999709129333e-01,5.000000000000000e-01
6.814257685701401e-01,2.125518518423005e-01,18568,28912,-5.289989025822178e-01,3.437275432617179e-01,0.000000000000000e+00,1.879086519763128e+00,9.303984300528516e-01,-1.891750580938426e-02,0.000000000000000e+00,1.332176111416272e+00,5.095638626497739e+00,1,9.307500123977661e-01,5.200999975204468e-01,9.307500123977661e-01,5.000000000000000e-01
6.813610094577273e-01,2.124116753987181e-01,18573,28917,-5.296868275698965e-01,3.414611769211257e-01,0.000000000000000e+00,1.879162572394604e+00,9.303236548755719e-01,-1.884769715523097e-02,0.000000000000000e+00,1.332211510928798e+00,5.095691752655026e+00,1,9.309999942779541e-01,5.200999975204468e-01,9.309999942779541e-01,5.000000000000000e-01
6.812962503453146e-01,2.122714989551348e-01,18578,28922,-5.303747525575714e-01,3.391948105805337e-01,0.000000000000000e+00,1.879238625026080e+00,9.302488796982923e-01,-1.877788850107767e-02,0.000000000000000e+00,1.332246910441323e+00,5.095744878812314e+00,1,9.312499761581421e-01,5.200999975204468e-01,9.312499761581421e-01,5.000000000000000e-01
6.812314757920068e-01,2.121312890884605e-01,18583,28927,-5.310628415712330e-01,3.369279038569316e-01,0.000000000000000e+00,1.879314695791229e+00,9.301740866919288e-01,-1.870806320203779e-02,0.000000000000000e+00,1.332282318394363e+00,5.095798017636781e+00,1,9.315000176429749e-01,5.200999975204468e-01,9.315000176429749e-01,5.000000000000000e-01
6.811667166795941e-01,2.119911126448773e-01,18588,28932,-5.317507665589074e-01,3.346615375163408e-01,0.000000000000000e+00,1.879390748422705e+00,9.300993115146492e-01,-1.863825454788452e-02,0.000000000000000e+00,1.332317717906889e+00,5.095851143794069e+00,1,9.317499995231628e-01,5.200999975204468e-01,9.317499995231628e-01,5.000000000000000e-01
6.811019575671813e-01,2.118509362012940e-01,18593,28937,-5.324386915465822e-01,3.323951711757490e-01,0.000000000000000e+00,1.879466801054180e+00,9.300245363373695e-01,-1.856844589373122e-02,0.000000000000000e+00,1.332353117419415e+00,5.095904269951355e+00,1,9.319999814033508e-01,5.200999975204468e-01,9.319999814033508e-01,5.000000000000000e-01
6.810371830138736e-01,2.117107263346197e-01,18598,28942,-5.331267805602435e-01,3.301282644521479e-01,0.000000000000000e+00,1.879542871819330e+00,9.299497433310060e-01,-1.849862059469138e-02,0.000000000000000e+00,1.332388525372453e+00,5.095957408775824e+00,1,9.322500228881836e-01,5.200999975204468e-01,9.322500228881836e-01,5.000000000000000e-01
6.809724239014608e-01,2.115705498910364e-01,18603,28947,-5.338147055479185e-01,3.278618981115549e-01,0.000000000000000e+00,1.879618924450805e+00,9.298749681537262e-01,-1.842881194053804e-02,0.000000000000000e+00,1.332423924884980e+00,5.096010534933110e+00,1,9.325000047683716e-01,5.200999975204468e-01,9.325000047683716e-01,5.000000000000000e-01
6.809076647890480e-01,2.114303734474532e-01,18608,28952,-5.345026305355928e-01,3.255955317709651e-01,0.000000000000000e+00,1.879694977082281e+00,9.298001929764464e-01,-1.835900328638480e-02,0.000000000000000e+00,1.332459324397505e+00,5.096063661090398e+00,1,9.327499866485596e-01,5.200999975204468e-01,9.327499866485596e-01,5.000000000000000e-01
6.808428902357404e-01,2.112901635807790e-01,18613,28957,-5.351907195492540e-01,3.233286250473640e-01,0.000000000000000e+00,1.879771047847431e+00,9.297253999700831e-01,-1.828917798734495e-02,0.000000000000000e+00,1.332494732350545e+00,5.096116799914865e+00,1,9.330000281333923e-01,5.200999975204468e-01,9.330000281333923e-01,5.000000000000000e-01
6.807781311233274e-01,2.111499871371955e-01,18618,28962,-5.358786445369293e-01,3.210622587067701e-01,0.000000000000000e+00,1.879847100478906e+00,9.296506247928032e-01,-1.821936933319158e-02,0.000000000000000e+00,1.332530131863070e+00,5.096169926072151e+00,1,9.332500100135803e-01,5.200999975204468e-01,9.332500100135803e-01,5.000000000000000e-01
6.807133720109145e-01,2.110098106936124e-01,18623,28967,-5.365665695246039e-01,3.187958923661793e-01,0.000000000000000e+00,1.879923153110382e+00,9.295758496155236e-01,-1.814956067903832e-02,0.000000000000000e+00,1.332565531375596e+00,5.096223052229439e+00,1,9.334999918937683e-01,5.200999975204468e-01,9.334999918937683e-01,5.000000000000000e-01
6.806486128985016e-01,2.108696342500290e-01,18628,28972,-5.372544945122790e-01,3.165295260255864e-01,0.000000000000000e+00,1.879999205741857e+00,9.295010744382439e-01,-1.807975202488498e-02,0.000000000000000e+00,1.332600930888122e+00,5.096276178386725e+00,1,9.337499737739563e-01,5.200999975204468e-01,9.337499737739563e-01,5.000000000000000e-01
6.805838383451941e-01,2.107294243833548e-01,18633,28977,-5.379425835259400e-01,3.142626193019863e-01,0.000000000000000e+00,1.880075276507007e+00,9.294262814318802e-01,-1.800992672584517e-02,0.000000000000000e+00,1.332636338841161e+00,5.096329317211194e+00,1,9.340000152587891e-01,5.200999975204468e-01,9.340000152587891e-01,5.000000000000000e-01
6.805190792327813e-01,2.105892479397706e-01,18638,28982,-5.386305085136106e-01,3.119962529613945e-01,0.000000000000000e+00,1.880151329138483e+00,9.293515062546005e-01,-1.794011807169185e-02,0.000000000000000e+00,1.332671738353687e+00,5.096382443368482e+00,1,9.342499971389771e-01,5.200999975204468e-01,9.342499971389771e-01,5.000000000000000e-01
6.804543201203684e-01,2.104490714961883e-01,18643,28987,-5.393184335012892e-01,3.097298866208035e-01,0.000000000000000e+00,1.880227381769958e+00,9.292767310773209e-01,-1.787030941753859e-02,0.000000000000000e+00,1.332707137866213e+00,5.096435569525768e+00,1,9.344999790191650e-01,5.200999975204468e-01,9.344999790191650e-01,5.000000000000000e-01
6.803895455670609e-01,2.103088616295149e-01,18648,28992,-5.400065225149553e-01,3.074629798972005e-01,0.000000000000000e+00,1.880303452535108e+00,9.292019380709575e-01,-1.780048411849870e-02,0.000000000000000e+00,1.332742545819252e+00,5.096488708350236e+00,1,9.347500205039978e-01,5.200999975204468e-01,9.347500205039978e-01,5.000000000000000e-01
6.803247864546481e-01,2.101686851859308e-01,18653,28997,-5.406944475026256e-01,3.051966135566097e-01,0.000000000000000e+00,1.880379505166583e+00,9.291271628936778e-01,-1.773067546434541e-02,0.000000000000000e+00,1.332777945331778e+00,5.096541834507523e+00,1,9.350000023841858e-01,5.200999975204468e-01,9.350000023841858e-01,5.000000000000000e-01
6.802600273422351e-01,2.100285087423474e-01,18658,29002,-5.413823724903006e-01,3.029302472160168e-01,0.000000000000000e+00,1.880455557798059e+00,9.290523877163981e-01,-1.766086681019208e-02,0.000000000000000e+00,1.332813344844304e+00,5.096594960664811e+00,1,9.352499842643738e-01,5.200999975204468e-01,9.352499842643738e-01,5.000000000000000e-01
6.801952527889275e-01,2.098882988756731e-01,18663,29007,-5.420704615039620e-01,3.006633404924157e-01,0.000000000000000e+00,1.880531628563209e+00,9.289775947100344e-01,-1.759104151115223e-02,0.000000000000000e+00,1.332848752797343e+00,5.096648099489278e+00,1,9.355000257492065e-01,5.200999975204468e-01,9.355000257492065e-01,5.000000000000000e-01
6.801304936765147e-01,2.097481224320900e-01,18668,29012,-5.427583864916361e-01,2.983969741518259e-01,0.000000000000000e+00,1.880607681194684e+00,9.289028195327550e-01,-1.752123285699900e-02,0.000000000000000e+00,1.332884152309869e+00,5.096701225646566e+00,1,9.357500076293945e-01,5.200999975204468e-01,9.357500076293945e-01,5.000000000000000e-01
6.800657345641019e-01,2.096079459885067e-01,18673,29017,-5.434463114793109e-01,2.961306078112339e-01,0.000000000000000e+00,1.880683733826159e+00,9.288280443554753e-01,-1.745142420284569e-02,0.000000000000000e+00,1.332919551822395e+00,5.096754351803853e+00,1,9.359999895095825e-01,5.200999975204468e-01,9.359999895095825e-01,5.000000000000000e-01
6.800009754516889e-01,2.094677695449233e-01,18678,29022,-5.441342364669862e-01,2.938642414706401e-01,0.000000000000000e+00,1.880759786457635e+00,9.287532691781953e-01,-1.738161554869233e-02,0.000000000000000e+00,1.332954951334921e+00,5.096807477961139e+00,1,9.362499713897705e-01,5.200999975204468e-01,9.362499713897705e-01,5.000000000000000e-01
6.799362008983814e-01,2.093275596782492e-01,18683,29027,-5.448223254806470e-01,2.915973347470410e-01,0.000000000000000e+00,1.880835857222785e+00,9.286784761718320e-01,-1.731179024965255e-02,0.000000000000000e+00,1.332990359287960e+00,5.096860616785607e+00,1,9.365000128746033e-01,5.200999975204468e-01,9.365000128746033e-01,5.000000000000000e-01
6.798714417859686e-01,2.091873832346659e-01,18688,29032,-5.455102504683217e-01,2.893309684064492e-01,0.000000000000000e+00,1.880911909854260e+00,9.286037009945521e-01,-1.724198159549924e-02,0.000000000000000e+00,1.333025758800486e+00,5.096913742942893e+00,1,9.367499947547913e-01,5.200999975204468e-01,9.367499947547913e-01,5.000000000000000e-01
6.798066826735556e-01,2.090472067910816e-01,18693,29037,-5.461981754559925e-01,2.870646020658560e-01,0.000000000000000e+00,1.880987962485736e+00,9.285289258172726e-01,-1.717217294134589e-02,0.000000000000000e+00,1.333061158313012e+00,5.096966869100182e+00,1,9.369999766349792e-01,5.200999975204468e-01,9.369999766349792e-01,5.000000000000000e-01
6.797419081202482e-01,2.089069969244084e-01,18698,29042,-5.468862644696578e-01,2.847976953422562e-01,0.000000000000000e+00,1.881064033250886e+00,9.284541328109092e-01,-1.710234764230609e-02,0.000000000000000e+00,1.333096566266051e+00,5.097020007924649e+00,1,9.372500181198120e-01,5.200999975204468e-01,9.372500181198120e-01,5.000000000000000e-01
6.796771490078353e-01,2.087668204808251e-01,18703,29047,-5.475741894573329e-01,2.825313290016633e-01,0.000000000000000e+00,1.881140085882361e+00,9.283793576336294e-01,-1.703253898815276e-02,0.000000000000000e+00,1.333131965778577e+00,5.097073134081937e+00,1,9.375000000000000e-01,5.200999975204468e-01,9.375000000000000e-01,5.000000000000000e-01
6.796123898954223e-01,2.086266440372417e-01,18708,29052,-5.482621144450079e-01,2.802649626610704e-01,0.000000000000000e+00,1.881216138513837e+00,9.283045824563496e-01,-1.696273033399943e-02,0.000000000000000e+00,1.333167365291103e+00,5.097126260239223e+00,1,9.377499818801880e-01,5.200999975204468e-01,9.377499818801880e-01,5.000000000000000e-01
6.795476153421148e-01,2.084864341705675e-01,18713,29057,-5.489502034586690e-01,2.779980559374703e-01,0.000000000000000e+00,1.881292209278987e+00,9.282297894499864e-01,-1.689290503495961e-02,0.000000000000000e+00,1.333202773244142e+00,5.097179399063691e+00,1,9.380000233650208e-01,5.200999975204468e-01,9.380000233650208e-01,5.000000000000000e-01
6.794828562297019e-01,2.083462577269842e-01,18718,29062,-5.496381284463441e-01,2.757316895968775e-01,0.000000000000000e+00,1.881368261910462e+00,9.281550142727064e-01,-1.682309638080628e-02,0.000000000000000e+00,1.333238172756668e+00,5.097232525220979e+00,1,9.382500052452087e-01,5.200999975204468e-01,9.382500052452087e-01,5.000000000000000e-01
6.794180971172892e-01,2.082060812834010e-01,18723,29067,-5.503260534340182e-01,2.734653232562876e-01,0.000000000000000e+00,1.881444314541938e+00,9.280802390954268e-01,-1.675328772665304e-02,0.000000000000000e+00,1.333273572269194e+00,5.097285651378265e+00,1,9.384999871253967e-01,5.200999975204468e-01,9.384999871253967e-01,5.000000000000000e-01
6.793533225639815e-01,2.080658714167268e-01,18728,29072,-5.510141424476795e-01,2.711984165326866e-01,0.000000000000000e+00,1.881520385307088e+00,9.280054460890634e-01,-1.668346242761319e-02,0.000000000000000e+00,1.333308980222233e+00,5.097338790202734e+00,1,9.387500286102295e-01,5.200999975204468e-01,9.387500286102295e-01,5.000000000000000e-01
6.792885634515687e-01,2.079256949731435e-01,18733,29077,-5.517020674353543e-01,2.689320501920947e-01,0.000000000000000e+00,1.881596437938563e+00,9.279306709117836e-01,-1.661365377345989e-02,0.000000000000000e+00,1.333344379734759e+00,5.097391916360019e+00,1,9.390000104904175e-01,5.200999975204468e-01,9.390000104904175e-01,5.000000000000000e-01
6.792238043391556e-01,2.077855185295601e-01,18738,29082,-5.523899924230293e-01,2.666656838515018e-01,0.000000000000000e+00,1.881672490570038e+00,9.278558957345038e-01,-1.654384511930655e-02,0.000000000000000e+00,1.333379779247285e+00,5.097445042517307e+00,1,9.392499923706055e-01,5.200999975204468e-01,9.392499923706055e-01,5.000000000000000e-01
6.791590452267429e-01,2.076453420859768e-01,18743,29087,-5.530779174107041e-01,2.643993175109099e-01,0.000000000000000e+00,1.881748543201514e+00,9.277811205572242e-01,-1.647403646515325e-02,0.000000000000000e+00,1.333415178759810e+00,5.097498168674594e+00,1,9.394999742507935e-01,5.200999975204468e-01,9.394999742507935e-01,5.000000000000000e-01
6.790942706734353e-01,2.075051322193026e-01,18748,29092,-5.537660064243655e-01,2.621324107873089e-01,0.000000000000000e+00,1.881824613966664e+00,9.277063275508607e-01,-1.640421116611341e-02,0.000000000000000e+00,1.333450586712849e+00,5.097551307499062e+00,1,9.397500157356262e-01,5.200999975204468e-01,9.397500157356262e-01,5.000000000000000e-01
6.790295115610225e-01,2.073649557757184e-01,18753,29098,-5.544539314120355e-01,2.598660444467175e-01,0.000000000000000e+00,1.881900666598139e+00,9.276315523735811e-01,-1.633440251196012e-02,0.000000000000000e+00,1.333485986225375e+00,5.097604433656350e+00,1,9.399999976158142e-01,5.200999975204468e-01,9.399999976158142e-01,5.000000000000000e-01
6.789807044592360e-01,2.070147814012571e-01,18758,29103,-5.539301157204878e-01,2.577211993491453e-01,0.000000000000000e+00,1.881954537772189e+00,9.275752508029372e-01,-1.626733306324275e-02,0.000000000000000e+00,1.333512852338512e+00,5.097645317599020e+00,1,9.402499794960022e-01,5.200999975204468e-01,9.402499794960022e-01,5.000000000000000e-01
6.789318858722651e-01,2.066645215293296e-01,18763,29108,-5.534061635727320e-01,2.555758440028763e-01,0.000000000000000e+00,1.882008421579451e+00,9.275189359842145e-01,-1.620024764889517e-02,0.000000000000000e+00,1.333539724776085e+00,5.097686211173101e+00,1,9.405000209808350e-01,5.200999975204468e-01,9.405000209808350e-01,5.000000000000000e-01
6.788830789226212e-01,2.063143451520086e-01,18768,29113,-5.528823363241807e-01,2.534310000643156e-01,0.000000000000000e+00,1.882062292541945e+00,9.274626345897632e-01,-1.613317822630302e-02,0.000000000000000e+00,1.333566590807834e+00,5.097727094999010e+00,1,9.407500028610229e-01,5.200999975204468e-01,9.407500028610229e-01,5.000000000000000e-01
6.788342719729775e-01,2.059641687746870e-01,18773,29118,-5.523585090756258e-01,2.512861561257573e-01,0.000000000000000e+00,1.882116163504438e+00,9.274063331953120e-01,-1.606610880371094e-02,0.000000000000000e+00,1.333593456839582e+00,5.097767978824922e+00,1,9.409999847412109e-01,5.200999975204468e-01,9.409999847412109e-01,5.000000000000000e-01
6.787854533860065e-01,2.056139089027592e-01,18778,29123,-5.518345569278695e-01,2.491408007794863e-01,0.000000000000000e+00,1.882170047311700e+00,9.273500183765891e-01,-1.599902338936331e-02,0.000000000000000e+00,1.333620329277156e+00,5.097808872399002e+00,1,9.412500262260437e-01,5.200999975204468e-01,9.412500262260437e-01,5.000000000000000e-01
6.787366464363628e-01,2.052637325254378e-01,18783,29128,-5.513107296793149e-01,2.469959568409290e-01,0.000000000000000e+00,1.882223918274194e+00,9.272937169821379e-01,-1.593195396677126e-02,0.000000000000000e+00,1.333647195308905e+00,5.097849756224914e+00,1,9.415000081062317e-01,5.200999975204468e-01,9.415000081062317e-01,5.000000000000000e-01
6.786878394867191e-01,2.049135561481159e-01,18788,29133,-5.507869024307595e-01,2.448511129023688e-01,0.000000000000000e+00,1.882277789236688e+00,9.272374155876867e-01,-1.586488454417913e-02,0.000000000000000e+00,1.333674061340654e+00,5.097890640050823e+00,1,9.417499899864197e-01,5.200999975204468e-01,9.417499899864197e-01,5.000000000000000e-01
6.786390325370751e-01,2.045633797707942e-01,18793,29138,-5.502630751822042e-01,2.427062689638095e-01,0.000000000000000e+00,1.882331660199181e+00,9.271811141932356e-01,-1.579781512158703e-02,0.000000000000000e+00,1.333700927372402e+00,5.097931523876735e+00,1,9.419999718666077e-01,5.200999975204468e-01,9.419999718666077e-01,5.000000000000000e-01
6.785902139501043e-01,2.042131198988667e-01,18798,29143,-5.497391230344484e-01,2.405609136175405e-01,0.000000000000000e+00,1.882385544006443e+00,9.271247993745128e-01,-1.573072970723945e-02,0.000000000000000e+00,1.333727799809976e+00,5.097972417450816e+00,1,9.422500133514404e-01,5.200999975204468e-01,9.422500133514404e-01,5.000000000000000e-01
6.785414070004606e-01,2.038629435215449e-01,18803,29148,-5.492152957858931e-01,2.384160696789812e-01,0.000000000000000e+00,1.882439414968937e+00,9.270684979800613e-01,-1.566366028464734e-02,0.000000000000000e+00,1.333754665841725e+00,5.098013301276725e+00,1,9.424999952316284e-01,5.200999975204468e-01,9.424999952316284e-01,5.000000000000000e-01
6.784926000508167e-01,2.035127671442219e-01,18808,29153,-5.486914685373333e-01,2.362712257404195e-01,0.000000000000000e+00,1.882493285931430e+00,9.270121965856102e-01,-1.559659086205517e-02,0.000000000000000e+00,1.333781531873473e+00,5.098054185102636e+00,1,9.427499771118164e-01,5.200999975204468e-01,9.427499771118164e-01,5.000000000000000e-01
6.784437814638458e-01,2.031625072722952e-01,18813,29158,-5.481675163895815e-01,2.341258703941501e-01,0.000000000000000e+00,1.882547169738693e+00,9.269558817668875e-01,-1.552950544770757e-02,0.000000000000000e+00,1.333808404311047e+00,5.098095078676715e+00,1,9.430000185966492e-01,5.200999975204468e-01,9.430000185966492e-01,5.000000000000000e-01
6.783949745142019e-01,2.028123308949747e-01,18818,29163,-5.476436891410308e-01,2.319810264555923e-01,0.000000000000000e+00,1.882601040701186e+00,9.268995803724362e-01,-1.546243602511551e-02,0.000000000000000e+00,1.333835270342796e+00,5.098135962502625e+00,1,9.432500004768372e-01,5.200999975204468e-01,9.432500004768372e-01,5.000000000000000e-01
6.783461675645582e-01,2.024621545176519e-01,18823,29168,-5.471198618924714e-01,2.298361825170324e-01,0.000000000000000e+00,1.882654911663679e+00,9.268432789779848e-01,-1.539536660252340e-02,0.000000000000000e+00,1.333862136374544e+00,5.098176846328537e+00,1,9.434999823570251e-01,5.200999975204468e-01,9.434999823570251e-01,5.000000000000000e-01
6.782973489775872e-01,2.021118946457242e-01,18828,29173,-5.465959097447153e-01,2.276908271707625e-01,0.000000000000000e+00,1.882708795470942e+00,9.267869641592621e-01,-1.532828118817579e-02,0.000000000000000e+00,1.333889008812118e+00,5.098217739902617e+00,1,9.437500238418579e-01,5.200999975204468e-01,9.437500238418579e-01,5.000000000000000e-01
6.782485420279436e-01,2.017617182684025e-01,18833,29178,-5.460720824961601e-01,2.255459832322032e-01,0.000000000000000e+00,1.882762666433435e+00,9.267306627648109e-01,-1.526121176558369e-02,0.000000000000000e+00,1.333915874843866e+00,5.098258623728528e+00,1,9.440000057220459e-01,5.200999975204468e-01,9.440000057220459e-01,5.000000000000000e-01
6.781997350782998e-01,2.014115418910810e-01,18838,29183,-5.455482552476053e-01,2.234011392936449e-01,0.000000000000000e+00,1.882816537395929e+00,9.266743613703596e-01,-1.519414234299161e-02,0.000000000000000e+00,1.333942740875615e+00,5.098299507554438e+00,1,9.442499876022339e-01,5.200999975204468e-01,9.442499876022339e-01,5.000000000000000e-01
6.781509164913289e-01,2.010612820191521e-01,18843,29188,-5.450243030998446e-01,2.212557839473734e-01,0.000000000000000e+00,1.882870421203191e+00,9.266180465516368e-01,-1.512705692864397e-02,0.000000000000000e+00,1.333969613313189e+00,5.098340401128519e+00,1,9.445000290870667e-01,5.200999975204468e-01,9.445000290870667e-01,5.000000000000000e-01
6.781021095416849e-01,2.007111056418313e-01,18848,29193,-5.445004758512935e-01,2.191109400088138e-01,0.000000000000000e+00,1.882924292165685e+00,9.265617451571855e-01,-1.505998750605184e-02,0.000000000000000e+00,1.333996479344937e+00,5.098381284954430e+00,1,9.447500109672546e-01,5.200999975204468e-01,9.447500109672546e-01,5.000000000000000e-01
6.780533025920413e-01,2.003609292645098e-01,18853,29198,-5.439766486027388e-01,2.169660960702563e-01,0.000000000000000e+00,1.882978163128178e+00,9.265054437627342e-01,-1.499291808345980e-02,0.000000000000000e+00,1.334023345376686e+00,5.098422168780340e+00,1,9.449999928474426e-01,5.200999975204468e-01,9.449999928474426e-01,5.000000000000000e-01
6.780044956423974e-01,2.000107528871878e-01,18858,29203,-5.434528213541832e-01,2.148212521316952e-01,0.000000000000000e+00,1.883032034090671e+00,9.264491423682830e-01,-1.492584866086764e-02,0.000000000000000e+00,1.334050211408434e+00,5.098463052606251e+00,1,9.452499747276306e-01,5.200999975204468e-01,9.452499747276306e-01,5.000000000000000e-01
6.779556770554265e-01,1.996604930152601e-01,18863,29208,-5.429288692064270e-01,2.126758967854252e-01,0.000000000000000e+00,1.883085917897934e+00,9.263928275495601e-01,-1.485876324652003e-02,0.000000000000000e+00,1.334077083846008e+00,5.098503946180331e+00,1,9.455000162124634e-01,5.200999975204468e-01,9.455000162124634e-01,5.000000000000000e-01
6.779068701057827e-01,1.993103166379384e-01,18868,29213,-5.424050419578719e-01,2.105310528468659e-01,0.000000000000000e+00,1.883139788860428e+00,9.263365261551089e-01,-1.479169382392792e-02,0.000000000000000e+00,1.334103949877757e+00,5.098544830006243e+00,1,9.457499980926514e-01,5.200999975204468e-01,9.457499980926514e-01,5.000000000000000e-01
6.778580631561388e-01,1.989601402606166e-01,18873,29218,-5.418812147093166e-01,2.083862089083067e-01,0.000000000000000e+00,1.883193659822921e+00,9.262802247606577e-01,-1.472462440133582e-02,0.000000000000000e+00,1.334130815909505e+00,5.098585713832152e+00,1,9.459999799728394e-01,5.200999975204468e-01,9.459999799728394e-01,5.000000000000000e-01
6.778092445691681e-01,1.986098803886892e-01,18878,29223,-5.413572625615609e-01,2.062408535620376e-01,0.000000000000000e+00,1.883247543630183e+00,9.262239099419352e-01,-1.465753898698824e-02,0.000000000000000e+00,1.334157688347080e+00,5.098626607406233e+00,1,9.462500214576721e-01,5.200999975204468e-01,9.462500214576721e-01,5.000000000000000e-01
6.777604376195243e-01,1.982597040113676e-01,18883,29228,-5.408334353130059e-01,2.040960096234793e-01,0.000000000000000e+00,1.883301414592677e+00,9.261676085474837e-01,-1.459046956439617e-02,0.000000000000000e+00,1.334184554378828e+00,5.098667491232144e+00,1,9.465000033378601e-01,5.200999975204468e-01,9.465000033378601e-01,5.000000000000000e-01
6.777116306698804e-01,1.979095276340458e-01,18888,29233,-5.403096080644507e-01,2.019511656849200e-01,0.000000000000000e+00,1.883355285555170e+00,9.261113071530325e-01,-1.452340014180406e-02,0.000000000000000e+00,1.334211420410576e+00,5.098708375058054e+00,1,9.467499852180481e-01,5.200999975204468e-01,9.467499852180481e-01,5.000000000000000e-01
6.776628120829096e-01,1.975592677621180e-01,18893,29238,-5.397856559166945e-01,1.998058103386492e-01,0.000000000000000e+00,1.883409169362433e+00,9.260549923343098e-01,-1.445631472745643e-02,0.000000000000000e+00,1.334238292848150e+00,5.098749268632135e+00,1,9.470000267028809e-01,5.200999975204468e-01,9.470000267028809e-01,5.000000000000000e-01
6.776140051332658e-01,1.972090913847954e-01,18898,29243,-5.392618286681353e-01,1.976609664000902e-01,0.000000000000000e+00,1.883463040324926e+00,9.259986909398584e-01,-1.438924530486435e-02,0.000000000000000e+00,1.334265158879899e+00,5.098790152458045e+00,1,9.472500085830688e-01,5.200999975204468e-01,9.472500085830688e-01,5.000000000000000e-01
6.775651981836219e-01,1.968589150074734e-01,18903,29248,-5.387380014195797e-01,1.955161224615291e-01,0.000000000000000e+00,1.883516911287419e+00,9.259423895454072e-01,-1.432217588227218e-02,0.000000000000000e+00,1.334292024911647e+00,5.098831036283956e+00,1,9.474999904632568e-01,5.200999975204468e-01,9.474999904632568e-01,5.000000000000000e-01
6.775163912339781e-01,1.965087386301527e-01,18908,29253,-5.382141741710286e-01,1.933712785229703e-01,0.000000000000000e+00,1.883570782249913e+00,9.258860881509559e-01,-1.425510645968009e-02,0.000000000000000e+00,1.334318890943396e+00,5.098871920109866e+00,1,9.477499723434448e-01,5.200999975204468e-01,9.477499723434448e-01,5.000000000000000e-01
6.774675726470072e-01,1.961584787582250e-01,18913,29258,-5.376902220232725e-01,1.912259231767004e-01,0.000000000000000e+00,1.883624666057176e+00,9.258297733322329e-01,-1.418802104533248e-02,0.000000000000000e+00,1.334345763380970e+00,5.098912813683946e+00,1,9.480000138282776e-01,5.200999975204468e-01,9.480000138282776e-01,5.000000000000000e-01
6.774187656973635e-01,1.958083023809033e-01,18918,29263,-5.371663947747174e-01,1.890810792381411e-01,0.000000000000000e+00,1.883678537019669e+00,9.257734719377819e-01,-1.412095162274038e-02,0.000000000000000e+00,1.334372629412719e+00,5.098953697509858e+00,1,9.482499957084656e-01,5.200999975204468e-01,9.482499957084656e-01,5.000000000000000e-01
6.773699587477195e-01,1.954581260035816e-01,18923,29268,-5.366425675261621e-01,1.869362352995818e-01,0.000000000000000e+00,1.883732407982162e+00,9.257171705433305e-01,-1.405388220014827e-02,0.000000000000000e+00,1.334399495444467e+00,5.098994581335767e+00,1,9.484999775886536e-01,5.200999975204468e-01,9.484999775886536e-01,5.000000000000000e-01
6.773211401607487e-01,1.951078661316540e-01,18928,29273,-5.361186153784064e-01,1.847908799533128e-01,0.000000000000000e+00,1.883786291789425e+00,9.256608557246080e-01,-1.398679678580069e-02,0.000000000000000e+00,1.334426367882041e+00,5.099035474909849e+00,1,9.487500190734863e-01,5.200999975204468e-01,9.487500190734863e-01,5.000000000000000e-01
6.772723332111050e-01,1.947576897543325e-01,18933,29278,-5.355947881298515e-01,1.826460360147545e-01,0.000000000000000e+00,1.883840162751918e+00,9.256045543301566e-01,-1.391972736320862e-02,0.000000000000000e+00,1.334453233913789e+00,5.099076358735759e+00,1,9.490000009536743e-01,5.200999975204468e-01,9.490000009536743e-01,5.000000000000000e-01
6.772235262614611e-01,1.944075133770104e-01,18938,29283,-5.350709608812957e-01,1.805011920761933e-01,0.000000000000000e+00,1.883894033714411e+00,9.255482529357052e-01,-1.385265794061646e-02,0.000000000000000e+00,1.334480099945538e+00,5.099117242561669e+00,1,9.492499828338623e-01,5.200999975204468e-01,9.492499828338623e-01,5.000000000000000e-01
6.771747076744903e-01,1.940572535050828e-01,18943,29288,-5.345470087335398e-01,1.783558367299233e-01,0.000000000000000e+00,1.883947917521674e+00,9.254919381169827e-01,-1.378557252626885e-02,0.000000000000000e+00,1.334506972383112e+00,5.099158136135750e+00,1,9.495000243186951e-01,5.200999975204468e-01,9.495000243186951e-01,5.000000000000000e-01
6.771259007248465e-01,1.937070771277612e-01,18948,29293,-5.340231814849847e-01,1.762109927913650e-01,0.000000000000000e+00,1.884001788484167e+00,9.254356367225314e-01,-1.371850310367678e-02,0.000000000000000e+00,1.334533838414860e+00,5.099199019961660e+00,1,9.497500061988831e-01,5.200999975204468e-01,9.497500061988831e-01,5.000000000000000e-01
6.770770937752026e-01,1.933569007504395e-01,18953,29299,-5.334993542364297e-01,1.740661488528057e-01,0.000000000000000e+00,1.884055659446661e+00,9.253793353280801e-01,-1.365143368108467e-02,0.000000000000000e+00,1.334560704446609e+00,5.099239903787572e+00,1,9.499999880790710e-01,5.200999975204468e-01,9.499999880790710e-01,5.000000000000000e-01
6.770414314117891e-01,1.935763291887590e-01,18958,29304,-5.346934835237501e-01,1.726291612025307e-01,0.000000000000000e+00,1.884088824092735e+00,9.253380425342491e-01,-1.358571225297976e-02,0.000000000000000e+00,1.334579780663026e+00,5.099267717959489e+00,1,9.502500295639038e-01,5.200999975204468e-01,9.502500295639038e-01,5.000000000000000e-01
6.770057781766491e-01,1.937957324751126e-01,18963,29309,-5.358874100509988e-01,1.711925498655275e-01,0.000000000000000e+00,1.884121979845439e+00,9.252967602998048e-01,-1.352000655650141e-02,0.000000000000000e+00,1.334598851960454e+00,5.099295524877639e+00,1,9.505000114440918e-01,5.200999975204468e-01,9.505000114440918e-01,5.000000000000000e-01
6.769701249415088e-01,1.940151357614662e-01,18968,29314,-5.370813365782483e-01,1.697559385285235e-01,0.000000000000000e+00,1.884155135598144e+00,9.252554780653603e-01,-1.345430086002302e-02,0.000000000000000e+00,1.334617923257881e+00,5.099323331795789e+00,1,9.507499933242798e-01,5.200999975204468e-01,9.507499933242798e-01,5.000000000000000e-01
6.769344717063684e-01,1.942345390478177e-01,18973,29319,-5.382752631054888e-01,1.683193271915197e-01,0.000000000000000e+00,1.884188291350848e+00,9.252141958309159e-01,-1.338859516354467e-02,0.000000000000000e+00,1.334636994555308e+00,5.099351138713939e+00,1,9.509999752044678e-01,5.200999975204468e-01,9.509999752044678e-01,5.000000000000000e-01
6.768988099702183e-01,1.944539946477817e-01,18978,29324,-5.394694743076336e-01,1.668823733148545e-01,0.000000000000000e+00,1.884221455009072e+00,9.251729037533063e-01,-1.332287380047198e-02,0.000000000000000e+00,1.334656070400017e+00,5.099378952262256e+00,1,9.512500166893005e-01,5.200999975204468e-01,9.512500166893005e-01,5.000000000000000e-01
6.768631567350784e-01,1.946733979341341e-01,18983,29329,-5.406634008348778e-01,1.654457619778514e-01,0.000000000000000e+00,1.884254610761777e+00,9.251316215188619e-01,-1.325716810399365e-02,0.000000000000000e+00,1.334675141697444e+00,5.099406759180407e+00,1,9.514999985694885e-01,5.200999975204468e-01,9.514999985694885e-01,5.000000000000000e-01
6.768275034999383e-01,1.948928012204865e-01,18988,29334,-5.418573273621218e-01,1.640091506408488e-01,0.000000000000000e+00,1.884287766514481e+00,9.250903392844178e-01,-1.319146240751534e-02,0.000000000000000e+00,1.334694212994872e+00,5.099434566098558e+00,1,9.517499804496765e-01,5.200999975204468e-01,9.517499804496765e-01,5.000000000000000e-01
6.767918417637880e-01,1.951122568204507e-01,18993,29339,-5.430515385642669e-01,1.625721967641829e-01,0.000000000000000e+00,1.884320930172706e+00,9.250490472068080e-01,-1.312574104444262e-02,0.000000000000000e+00,1.334713288839580e+00,5.099462379646875e+00,1,9.520000219345093e-01,5.200999975204468e-01,9.520000219345093e-01,5.000000000000000e-01
6.767561885286479e-01,1.953316601068032e-01,18998,29344,-5.442454650915118e-01,1.611355854271791e-01,0.000000000000000e+00,1.884354085925410e+00,9.250077649723636e-01,-1.306003534796426e-02,0.000000000000000e+00,1.334732360137007e+00,5.099490186565026e+00,1,9.522500038146973e-01,5.200999975204468e-01,9.522500038146973e-01,5.000000000000000e-01
6.767205352935076e-01,1.955510633931558e-01,19003,29349,-5.454393916187572e-01,1.596989740901746e-01,0.000000000000000e+00,1.884387241678114e+00,9.249664827379190e-01,-1.299432965148586e-02,0.000000000000000e+00,1.334751431434435e+00,5.099517993483175e+00,1,9.524999856948853e-01,5.200999975204468e-01,9.524999856948853e-01,5.000000000000000e-01
6.766848735573576e-01,1.957705189931196e-01,19008,29354,-5.466336028209009e-01,1.582620202135107e-01,0.000000000000000e+00,1.884420405336338e+00,9.249251906603095e-01,-1.292860828841323e-02,0.000000000000000e+00,1.334770507279143e+00,5.099545807031492e+00,1,9.527500271797180e-01,5.200999975204468e-01,9.527500271797180e-01,5.000000000000000e-01
6.766492203222174e-01,1.959899222794720e-01,19013,29359,-5.478275293481447e-01,1.568254088765081e-01,0.000000000000000e+00,1.884453561089043e+00,9.248839084258651e-01,-1.286290259193492e-02,0.000000000000000e+00,1.334789578576570e+00,5.099573613949643e+00,1,9.530000090599060e-01,5.200999975204468e-01,9.530000090599060e-01,5.000000000000000e-01
6.766135670870773e-01,1.962093255658238e-01,19018,29364,-5.490214558753872e-01,1.553887975395025e-01,0.000000000000000e+00,1.884486716841747e+00,9.248426261914207e-01,-1.279719689545649e-02,0.000000000000000e+00,1.334808649873998e+00,5.099601420867794e+00,1,9.532499909400940e-01,5.200999975204468e-01,9.532499909400940e-01,5.000000000000000e-01
6.765779138519371e-01,1.964287288521773e-01,19023,29369,-5.502153824026357e-01,1.539521862024991e-01,0.000000000000000e+00,1.884519872594451e+00,9.248013439569762e-01,-1.273149119897813e-02,0.000000000000000e+00,1.334827721171425e+00,5.099629227785945e+00,1,9.534999728202820e-01,5.200999975204468e-01,9.534999728202820e-01,5.000000000000000e-01
6.765422521157871e-01,1.966481844521412e-01,19028,29374,-5.514095936047797e-01,1.525152323258346e-01,0.000000000000000e+00,1.884553036252675e+00,9.247600518793666e-01,-1.266576983590547e-02,0.000000000000000e+00,1.334846797016133e+00,5.099657041334260e+00,1,9.537500143051147e-01,5.200999975204468e-01,9.537500143051147e-01,5.000000000000000e-01
6.765065988806469e-01,1.968675877384939e-01,19033,29379,-5.526035201320253e-01,1.510786209888300e-01,0.000000000000000e+00,1.884586192005380e+00,9.247187696449223e-01,-1.260006413942708e-02,0.000000000000000e+00,1.334865868313561e+00,5.099684848252410e+00,1,9.539999961853027e-01,5.200999975204468e-01,9.539999961853027e-01,5.000000000000000e-01
6.764709456455067e-01,1.970869910248463e-01,19038,29384,-5.537974466592698e-01,1.496420096518269e-01,0.000000000000000e+00,1.884619347758084e+00,9.246774874104779e-01,-1.253435844294874e-02,0.000000000000000e+00,1.334884939610988e+00,5.099712655170562e+00,1,9.542499780654907e-01,5.200999975204468e-01,9.542499780654907e-01,5.000000000000000e-01
6.764352839093566e-01,1.973064466248102e-01,19043,29389,-5.549916578614132e-01,1.482050557751629e-01,0.000000000000000e+00,1.884652511416309e+00,9.246361953328684e-01,-1.246863707987611e-02,0.000000000000000e+00,1.334904015455697e+00,5.099740468718879e+00,1,9.545000195503235e-01,5.200999975204468e-01,9.545000195503235e-01,5.000000000000000e-01
6.763996306742164e-01,1.975258499111628e-01,19048,29394,-5.561855843886587e-01,1.467684444381585e-01,0.000000000000000e+00,1.884685667169014e+00,9.245949130984238e-01,-1.240293138339772e-02,0.000000000000000e+00,1.334923086753124e+00,5.099768275637029e+00,1,9.547500014305115e-01,5.200999975204468e-01,9.547500014305115e-01,5.000000000000000e-01
6.763639774390762e-01,1.977452531975153e-01,19053,29399,-5.573795109159037e-01,1.453318331011546e-01,0.000000000000000e+00,1.884718822921717e+00,9.245536308639796e-01,-1.233722568691935e-02,0.000000000000000e+00,1.334942158050551e+00,5.099796082555179e+00,1,9.549999833106995e-01,5.200999975204468e-01,9.549999833106995e-01,5.000000000000000e-01
6.763283157029262e-01,1.979647087974793e-01,19058,29404,-5.585737221180478e-01,1.438948792244901e-01,0.000000000000000e+00,1.884751986579942e+00,9.245123387863700e-01,-1.227150432384669e-02,0.000000000000000e+00,1.334961233895260e+00,5.099823896103496e+00,1,9.552500247955322e-01,5.200999975204468e-01,9.552500247955322e-01,5.000000000000000e-01
6.762926624677860e-01,1.981841120838326e-01,19063,29409,-5.597676486452959e-01,1.424582678874865e-01,0.000000000000000e+00,1.884785142332646e+00,9.244710565519254e-01,-1.220579862736833e-02,0.000000000000000e+00,1.334980305192687e+00,5.099851703021645e+00,1,9.555000066757202e-01,5.200999975204468e-01,9.555000066757202e-01,5.000000000000000e-01
6.762570092326458e-01,1.984035153701851e-01,19068,29414,-5.609615751725407e-01,1.410216565504827e-01,0.000000000000000e+00,1.884818298085350e+00,9.244297743174810e-01,-1.214009293088996e-02,0.000000000000000e+00,1.334999376490114e+00,5.099879509939797e+00,1,9.557499885559082e-01,5.200999975204468e-01,9.557499885559082e-01,5.000000000000000e-01
6.762213559975055e-01,1.986229186565370e-01,19073,29419,-5.621555016997830e-01,1.395850452134779e-01,0.000000000000000e+00,1.884851453838055e+00,9.243884920830368e-01,-1.207438723441157e-02,0.000000000000000e+00,1.335018447787542e+00,5.099907316857948e+00,1,9.559999704360962e-01,5.200999975204468e-01,9.559999704360962e-01,5.000000000000000e-01
6.761856942613556e-01,1.988423742565008e-01,19078,29424,-5.633497129019267e-01,1.381480913368139e-01,0.000000000000000e+00,1.884884617496279e+00,9.243472000054271e-01,-1.200866587133893e-02,0.000000000000000e+00,1.335037523632250e+00,5.099935130406265e+00,1,9.562500119209290e-01,5.200999975204468e-01,9.562500119209290e-01,5.000000000000000e-01
6.761500410262153e-01,1.990617775428535e-01,19083,29429,-5.645436394291722e-01,1.367114799998094e-01,0.000000000000000e+00,1.884917773248983e+00,9.243059177709827e-01,-1.194296017486054e-02,0.000000000000000e+00,1.335056594929677e+00,5.099962937324415e+00,1,9.564999938011169e-01,5.200999975204468e-01,9.564999938011169e-01,5.000000000000000e-01
6.761143877910751e-01,1.992811808292058e-01,19088,29434,-5.657375659564161e-01,1.352748686628069e-01,0.000000000000000e+00,1.884950929001687e+00,9.242646355365381e-01,-1.187725447838223e-02,0.000000000000000e+00,1.335075666227104e+00,5.099990744242565e+00,1,9.567499756813049e-01,5.200999975204468e-01,9.567499756813049e-01,5.000000000000000e-01
6.760787260549250e-01,1.995006364291699e-01,19093,29439,-5.669317771585607e-01,1.338379147861417e-01,0.000000000000000e+00,1.884984092659912e+00,9.242233434589288e-01,-1.181153311530954e-02,0.000000000000000e+00,1.335094742071813e+00,5.100018557790882e+00,1,9.570000171661377e-01,5.200999975204468e-01,9.570000171661377e-01,5.000000000000000e-01
6.760430728197848e-01,1.997200397155225e-01,19098,29444,-5.681257036858061e-01,1.324013034491372e-01,0.000000000000000e+00,1.885017248412616e+00,9.241820612244842e-01,-1.174582741883115e-02,0.000000000000000e+00,1.335113813369240e+00,5.100046364709032e+00,1,9.572499990463257e-01,5.200999975204468e-01,9.572499990463257e-01,5.000000000000000e-01
6.760074195846447e-01,1.999394430018749e-01,19103,29449,-5.693196302130505e-01,1.309646921121340e-01,0.000000000000000e+00,1.885050404165321e+00,9.241407789900398e-01,-1.168012172235281e-02,0.000000000000000e+00,1.335132884666668e+00,5.100074171627183e+00,1,9.574999809265137e-01,5.200999975204468e-01,9.574999809265137e-01,5.000000000000000e-01
6.759717578484946e-01,2.001588986018389e-01,19108,29454,-5.705138414151947e-01,1.295277382354694e-01,0.000000000000000e+00,1.885083567823545e+00,9.240994869124304e-01,-1.161440035928015e-02,0.000000000000000e+00,1.335151960511376e+00,5.100101985175500e+00,1,9.577500224113464e-01,5.200999975204468e-01,9.577500224113464e-01,5.000000000000000e-01
6.759361046133545e-01,2.003783018881921e-01,19113,29459,-5.717077679424424e-01,1.280911268984657e-01,0.000000000000000e+00,1.885116723576249e+00,9.240582046779857e-01,-1.154869466280179e-02,0.000000000000000e+00,1.335171031808803e+00,5.100129792093650e+00,1,9.580000042915344e-01,5.200999975204468e-01,9.580000042915344e-01,5.000000000000000e-01
6.759004513782142e-01,2.005977051745439e-01,19118,29464,-5.729016944696845e-01,1.266545155614617e-01,0.000000000000000e+00,1.885149879328954e+00,9.240169224435415e-01,-1.148298896632342e-02,0.000000000000000e+00,1.335190103106231e+00,5.100157599011800e+00,1,9.582499861717224e-01,5.200999975204468e-01,9.582499861717224e-01,5.000000000000000e-01
6.758647896420642e-01,2.008171607745080e-01,19123,29469,-5.740959056718291e-01,1.252175616847965e-01,0.000000000000000e+00,1.885183042987178e+00,9.239756303659318e-01,-1.141726760325073e-02,0.000000000000000e+00,1.335209178950939e+00,5.100185412560117e+00,1,9.585000276565552e-01,5.200999975204468e-01,9.585000276565552e-01,5.000000000000000e-01
6.758291364069241e-01,2.010365640608605e-01,19128,29474,-5.752898321990736e-01,1.237809503477933e-01,0.000000000000000e+00,1.885216198739883e+00,9.239343481314874e-01,-1.135156190677239e-02,0.000000000000000e+00,1.335228250248367e+00,5.100213219478269e+00,1,9.587500095367432e-01,5.200999975204468e-01,9.587500095367432e-01,5.000000000000000e-01
6.757934831717838e-01,2.012559673472130e-01,19133,29479,-5.764837587263185e-01,1.223443390107894e-01,0.000000000000000e+00,1.885249354492587e+00,9.238930658970430e-01,-1.128585621029403e-02,0.000000000000000e+00,1.335247321545794e+00,5.100241026396418e+00,1,9.589999914169312e-01,5.200999975204468e-01,9.589999914169312e-01,5.000000000000000e-01
6.757578299366436e-01,2.014753706335655e-01,19138,29484,-5.776776852535633e-01,1.209077276737856e-01,0.000000000000000e+00,1.885282510245291e+00,9.238517836625986e-01,-1.122015051381566e-02,0.000000000000000e+00,1.335266392843221e+00,5.100268833314569e+00,1,9.592499732971191e-01,5.200999975204468e-01,9.592499732971191e-01,5.000000000000000e-01
6.757221682004937e-01,2.016948262335295e-01,19143,29489,-5.788718964557076e-01,1.194707737971210e-01,0.000000000000000e+00,1.885315673903516e+00,9.238104915849890e-01,-1.115442915074300e-02,0.000000000000000e+00,1.335285468687930e+00,5.100296646862886e+00,1,9.595000147819519e-01,5.200999975204468e-01,9.595000147819519e-01,5.000000000000000e-01
6.756865149653534e-01,2.019142295198820e-01,19148,29494,-5.800658229829525e-01,1.180341624601172e-01,0.000000000000000e+00,1.885348829656220e+00,9.237692093505445e-01,-1.108872345426463e-02,0.000000000000000e+00,1.335304539985357e+00,5.100324453781036e+00,1,9.597499966621399e-01,5.200999975204468e-01,9.597499966621399e-01,5.000000000000000e-01
6.756508617302132e-01,2.021336328062344e-01,19153,29500,-5.812597495101970e-01,1.165975511231140e-01,0.000000000000000e+00,1.885381985408924e+00,9.237279271161002e-01,-1.102301775778630e-02,0.000000000000000e+00,1.335323611282784e+00,5.100352260699187e+00,1,9.599999785423279e-01,5.200999975204468e-01,9.599999785423279e-01,5.000000000000000e-01
6.756237078281317e-01,2.023645368982775e-01,19158,29505,-5.820756709889358e-01,1.168629933181409e-01,0.000000000000000e+00,1.885407130826809e+00,9.236967034339533e-01,-1.095697258896815e-02,0.000000000000000e+00,1.335338810359416e+00,5.100376061247874e+00,1,9.602500200271606e-01,5.200999975204468e-01,9.602500200271606e-01,5.000000000000000e-01
6.755965611289720e-01,2.025953869299475e-01,19163,29510,-5.828913655105814e-01,1.171285183086109e-01,0.000000000000000e+00,1.885432269562562e+00,9.236654880587797e-01,-1.089094313614926e-02,0.000000000000000e+00,1.335354005480267e+00,5.100399855778680e+00,1,9.605000019073486e-01,5.200999975204468e-01,9.605000019073486e-01,5.000000000000000e-01
6.755694144298119e-01,2.028262369616182e-01,19168,29515,-5.837070600322301e-01,1.173940432990810e-01,0.000000000000000e+00,1.885457408298316e+00,9.236342726836058e-01,-1.082491368333035e-02,0.000000000000000e+00,1.335369200601118e+00,5.100423650309487e+00,1,9.607499837875366e-01,5.200999975204468e-01,9.607499837875366e-01,5.000000000000000e-01
6.755422612579053e-01,2.030571420362137e-01,19173,29520,-5.845229490446989e-01,1.176596316002307e-01,0.000000000000000e+00,1.885482553028045e+00,9.236030498655672e-01,-1.075886848672200e-02,0.000000000000000e+00,1.335384399345030e+00,5.100447450513764e+00,1,9.610000252723694e-01,5.200999975204468e-01,9.610000252723694e-01,5.000000000000000e-01
6.755151145587454e-01,2.032879920678836e-01,19178,29525,-5.853386435663447e-01,1.179251565907006e-01,0.000000000000000e+00,1.885507691763799e+00,9.235718344903933e-01,-1.069283903390312e-02,0.000000000000000e+00,1.335399594465881e+00,5.100471245044570e+00,1,9.612500071525574e-01,5.200999975204468e-01,9.612500071525574e-01,5.000000000000000e-01
6.754879678595853e-01,2.035188420995538e-01,19183,29530,-5.861543380879912e-01,1.181906815811708e-01,0.000000000000000e+00,1.885532830499552e+00,9.235406191152196e-01,-1.062680958108417e-02,0.000000000000000e+00,1.335414789586731e+00,5.100495039575378e+00,1,9.614999890327454e-01,5.200999975204468e-01,9.614999890327454e-01,5.000000000000000e-01
6.754608211604254e-01,2.037496921312240e-01,19188,29535,-5.869700326096375e-01,1.184562065716411e-01,0.000000000000000e+00,1.885557969235305e+00,9.235094037400458e-01,-1.056078012826522e-02,0.000000000000000e+00,1.335429984707582e+00,5.100518834106183e+00,1,9.617499709129333e-01,5.200999975204468e-01,9.617499709129333e-01,5.000000000000000e-01
6.754336679885189e-01,2.039805972058200e-01,19193,29540,-5.877859216221087e-01,1.187217948727907e-01,0.000000000000000e+00,1.885583113965034e+00,9.234781809220071e-01,-1.049473493165691e-02,0.000000000000000e+00,1.335445183451494e+00,5.100542634310461e+00,1,9.620000123977661e-01,5.200999975204468e-01,9.620000123977661e-01,5.000000000000000e-01
6.754065212893589e-01,2.042114472374901e-01,19198,29545,-5.886016161437548e-01,1.189873198632608e-01,0.000000000000000e+00,1.885608252700788e+00,9.234469655468331e-01,-1.042870547883800e-02,0.000000000000000e+00,1.335460378572346e+00,5.100566428841267e+00,1,9.622499942779541e-01,5.200999975204468e-01,9.622499942779541e-01,5.000000000000000e-01
6.753793745901989e-01,2.044422972691600e-01,19203,29550,-5.894173106654005e-01,1.192528448537307e-01,0.000000000000000e+00,1.885633391436541e+00,9.234157501716596e-01,-1.036267602601911e-02,0.000000000000000e+00,1.335475573693196e+00,5.100590223372073e+00,1,9.624999761581421e-01,5.200999975204468e-01,9.624999761581421e-01,5.000000000000000e-01
6.753522214182923e-01,2.046732023437568e-01,19208,29555,-5.902331996778747e-01,1.195184331548807e-01,0.000000000000000e+00,1.885658536166270e+00,9.233845273536208e-01,-1.029663082941071e-02,0.000000000000000e+00,1.335490772437108e+00,5.100614023576349e+00,1,9.627500176429749e-01,5.200999975204468e-01,9.627500176429749e-01,5.000000000000000e-01
6.753250747191323e-01,2.049040523754269e-01,19213,29560,-5.910488941995208e-01,1.197839581453507e-01,0.000000000000000e+00,1.885683674902023e+00,9.233533119784469e-01,-1.023060137659180e-02,0.000000000000000e+00,1.335505967557959e+00,5.100637818107156e+00,1,9.629999995231628e-01,5.200999975204468e-01,9.629999995231628e-01,5.000000000000000e-01
6.752979280199722e-01,2.051349024070964e-01,19218,29565,-5.918645887211644e-01,1.200494831358207e-01,0.000000000000000e+00,1.885708813637776e+00,9.233220966032731e-01,-1.016457192377290e-02,0.000000000000000e+00,1.335521162678810e+00,5.100661612637963e+00,1,9.632499814033508e-01,5.200999975204468e-01,9.632499814033508e-01,5.000000000000000e-01
6.752707748480657e-01,2.053658074816925e-01,19223,29570,-5.926804777336360e-01,1.203150714369705e-01,0.000000000000000e+00,1.885733958367506e+00,9.232908737852347e-01,-1.009852672716457e-02,0.000000000000000e+00,1.335536361422722e+00,5.100685412842241e+00,1,9.635000228881836e-01,5.200999975204468e-01,9.635000228881836e-01,5.000000000000000e-01
6.752436281489057e-01,2.055966575133625e-01,19228,29575,-5.934961722552821e-01,1.205805964274406e-01,0.000000000000000e+00,1.885759097103259e+00,9.232596584100606e-01,-1.003249727434565e-02,0.000000000000000e+00,1.335551556543573e+00,5.100709207373047e+00,1,9.637500047683716e-01,5.200999975204468e-01,9.637500047683716e-01,5.000000000000000e-01
6.752164814497459e-01,2.058275075450327e-01,19233,29580,-5.943118667769285e-01,1.208461214179107e-01,0.000000000000000e+00,1.885784235839013e+00,9.232284430348869e-01,-9.966467821526701e-03,0.000000000000000e+00,1.335566751664424e+00,5.100733001903854e+00,1,9.639999866485596e-01,5.200999975204468e-01,9.639999866485596e-01,5.000000000000000e-01
6.751893282778392e-01,2.060584126196283e-01,19238,29585,-5.951277557893977e-01,1.211117097190604e-01,0.000000000000000e+00,1.885809380568742e+00,9.231972202168482e-01,-9.900422624918392e-03,0.000000000000000e+00,1.335581950408337e+00,5.100756802108130e+00,1,9.642500281333923e-01,5.200999975204468e-01,9.642500281333923e-01,5.000000000000000e-01
6.751621815786792e-01,2.062892626512984e-01,19243,29590,-5.959434503110441e-01,1.213772347095307e-01,0.000000000000000e+00,1.885834519304496e+00,9.231660048416743e-01,-9.834393172099443e-03,0.000000000000000e+00,1.335597145529187e+00,5.100780596638936e+00,1,9.645000100135803e-01,5.200999975204468e-01,9.645000100135803e-01,5.000000000000000e-01
6.751350348795193e-01,2.065201126829688e-01,19248,29595,-5.967591448326914e-01,1.216427597000004e-01,0.000000000000000e+00,1.885859658040249e+00,9.231347894665007e-01,-9.768363719280589e-03,0.000000000000000e+00,1.335612340650038e+00,5.100804391169744e+00,1,9.647499918937683e-01,5.200999975204468e-01,9.647499918937683e-01,5.000000000000000e-01
6.751078881803594e-01,2.067509627146389e-01,19253,29600,-5.975748393543374e-01,1.219082846904705e-01,0.000000000000000e+00,1.885884796776002e+00,9.231035740913268e-01,-9.702334266461669e-03,0.000000000000000e+00,1.335627535770889e+00,5.100828185700550e+00,1,9.649999737739563e-01,5.200999975204468e-01,9.649999737739563e-01,5.000000000000000e-01
6.750807350084527e-01,2.069818677892349e-01,19258,29605,-5.983907283668090e-01,1.221738729916202e-01,0.000000000000000e+00,1.885909941505731e+00,9.230723512732882e-01,-9.636289069853332e-03,0.000000000000000e+00,1.335642734514801e+00,5.100851985904827e+00,1,9.652500152587891e-01,5.200999975204468e-01,9.652500152587891e-01,5.000000000000000e-01
6.750535883092927e-01,2.072127178209051e-01,19263,29610,-5.992064228884550e-01,1.224393979820903e-01,0.000000000000000e+00,1.885935080241484e+00,9.230411358981145e-01,-9.570259617034414e-03,0.000000000000000e+00,1.335657929635652e+00,5.100875780435633e+00,1,9.654999971389771e-01,5.200999975204468e-01,9.654999971389771e-01,5.000000000000000e-01
6.750264416101328e-01,2.074435678525753e-01,19268,29615,-6.000221174101018e-01,1.227049229725606e-01,0.000000000000000e+00,1.885960218977238e+00,9.230099205229407e-01,-9.504230164215437e-03,0.000000000000000e+00,1.335673124756502e+00,5.100899574966441e+00,1,9.657499790191650e-01,5.200999975204468e-01,9.657499790191650e-01,5.000000000000000e-01
6.749992884382261e-01,2.076744729271714e-01,19273,29620,-6.008380064225732e-01,1.229705112737103e-01,0.000000000000000e+00,1.885985363706967e+00,9.229786977049019e-01,-9.438184967607101e-03,0.000000000000000e+00,1.335688323500415e+00,5.100923375170716e+00,1,9.660000205039978e-01,5.200999975204468e-01,9.660000205039978e-01,5.000000000000000e-01
6.749721417390662e-01,2.079053229588415e-01,19278,29625,-6.016537009442193e-01,1.232360362641804e-01,0.000000000000000e+00,1.886010502442721e+00,9.229474823297281e-01,-9.372155514788183e-03,0.000000000000000e+00,1.335703518621266e+00,5.100947169701524e+00,1,9.662500023841858e-01,5.200999975204468e-01,9.662500023841858e-01,5.000000000000000e-01
6.749449950399062e-01,2.081361729905115e-01,19283,29630,-6.024693954658651e-01,1.235015612546504e-01,0.000000000000000e+00,1.886035641178474e+00,9.229162669545543e-01,-9.306126061969294e-03,0.000000000000000e+00,1.335718713742116e+00,5.100970964232330e+00,1,9.664999842643738e-01,5.200999975204468e-01,9.664999842643738e-01,5.000000000000000e-01
6.749178418679997e-01,2.083670780651075e-01,19288,29635,-6.032852844783362e-01,1.237671495558000e-01,0.000000000000000e+00,1.886060785908203e+00,9.228850441365157e-01,-9.240080865360989e-03,0.000000000000000e+00,1.335733912486029e+00,5.100994764436606e+00,1,9.667500257492065e-01,5.200999975204468e-01,9.667500257492065e-01,5.000000000000000e-01
6.748906951688397e-01,2.085979280967775e-01,19293,29640,-6.041009789999823e-01,1.240326745462701e-01,0.000000000000000e+00,1.886085924643956e+00,9.228538287613419e-01,-9.174051412542067e-03,0.000000000000000e+00,1.335749107606879e+00,5.101018558967414e+00,1,9.670000076293945e-01,5.200999975204468e-01,9.670000076293945e-01,5.000000000000000e-01
6.748635484696797e-01,2.088287781284478e-01,19298,29645,-6.049166735216289e-01,1.242981995367404e-01,0.000000000000000e+00,1.886111063379710e+00,9.228226133861680e-01,-9.108021959723090e-03,0.000000000000000e+00,1.335764302727730e+00,5.101042353498220e+00,1,9.672499895095825e-01,5.200999975204468e-01,9.672499895095825e-01,5.000000000000000e-01
6.748364017705197e-01,2.090596281601179e-01,19303,29650,-6.057323680432751e-01,1.245637245272105e-01,0.000000000000000e+00,1.886136202115463e+00,9.227913980109943e-01,-9.041992506904172e-03,0.000000000000000e+00,1.335779497848581e+00,5.101066148029027e+00,1,9.674999713897705e-01,5.200999975204468e-01,9.674999713897705e-01,5.000000000000000e-01
6.748092485986132e-01,2.092905332347137e-01,19308,29655,-6.065482570557459e-01,1.248293128283600e-01,0.000000000000000e+00,1.886161346845192e+00,9.227601751929557e-01,-8.975947310295895e-03,0.000000000000000e+00,1.335794696592493e+00,5.101089948233303e+00,1,9.677500128746033e-01,5.200999975204468e-01,9.677500128746033e-01,5.000000000000000e-01
6.747821018994531e-01,2.095213832663839e-01,19313,29660,-6.073639515773923e-01,1.250948378188302e-01,0.000000000000000e+00,1.886186485580946e+00,9.227289598177819e-01,-8.909917857476947e-03,0.000000000000000e+00,1.335809891713344e+00,5.101113742764110e+00,1,9.679999947547913e-01,5.200999975204468e-01,9.679999947547913e-01,5.000000000000000e-01
6.747549552002932e-01,2.097522332980541e-01,19318,29665,-6.081796460990387e-01,1.253603628093004e-01,0.000000000000000e+00,1.886211624316699e+00,9.226977444426081e-01,-8.843888404657999e-03,0.000000000000000e+00,1.335825086834195e+00,5.101137537294916e+00,1,9.682499766349792e-01,5.200999975204468e-01,9.682499766349792e-01,5.000000000000000e-01
6.747278020283867e-01,2.099831383726501e-01,19323,29670,-6.089955351115097e-01,1.256259511104500e-01,0.000000000000000e+00,1.886236769046428e+00,9.226665216245694e-01,-8.777843208049693e-03,0.000000000000000e+00,1.335840285578108e+00,5.101161337499192e+00,1,9.685000181198120e-01,5.200999975204468e-01,9.685000181198120e-01,5.000000000000000e-01
6.747006553292267e-01,2.102139884043203e-01,19328,29675,-6.098112296331563e-01,1.258914761009202e-01,0.000000000000000e+00,1.886261907782181e+00,9.226353062493956e-01,-8.711813755230745e-03,0.000000000000000e+00,1.335855480698958e+00,5.101185132029999e+00,1,9.687500000000000e-01,5.200999975204468e-01,9.687500000000000e-01,5.000000000000000e-01
6.746735086300668e-01,2.104448384359902e-01,19333,29680,-6.106269241548016e-01,1.261570010913901e-01,0.000000000000000e+00,1.886287046517935e+00,9.226040908742218e-01,-8.645784302411884e-03,0.000000000000000e+00,1.335870675819809e+00,5.101208926560806e+00,1,9.689999818801880e-01,5.200999975204468e-01,9.689999818801880e-01,5.000000000000000e-01
6.746463554581601e-01,2.106757435105864e-01,19338,29685,-6.114428131672734e-01,1.264225893925399e-01,0.000000000000000e+00,1.886312191247664e+00,9.225728680561833e-01,-8.579739105803520e-03,0.000000000000000e+00,1.335885874563721e+00,5.101232726765082e+00,1,9.692500233650208e-01,5.200999975204468e-01,9.692500233650208e-01,5.000000000000000e-01
6.746192087590002e-01,2.109065935422563e-01,19343,29690,-6.122585076889191e-01,1.266881143830099e-01,0.000000000000000e+00,1.886337329983417e+00,9.225416526810093e-01,-8.513709652984629e-03,0.000000000000000e+00,1.335901069684572e+00,5.101256521295889e+00,1,9.695000052452087e-01,5.200999975204468e-01,9.695000052452087e-01,5.000000000000000e-01
6.745920620598400e-01,2.111374435739264e-01,19348,29695,-6.130742022105653e-01,1.269536393734800e-01,0.000000000000000e+00,1.886362468719170e+00,9.225104373058355e-01,-8.447680200165713e-03,0.000000000000000e+00,1.335916264805423e+00,5.101280315826695e+00,1,9.697499871253967e-01,5.200999975204468e-01,9.697499871253967e-01,5.000000000000000e-01
6.745649082935788e-01,2.113683537769481e-01,19353,29701,-6.138900979700892e-01,1.272192964872832e-01,0.000000000000000e+00,1.886387614974224e+00,9.224792137322269e-01,-8.381634874882095e-03,0.000000000000000e+00,1.335931463767125e+00,5.101304116109830e+00,1,9.700000286102295e-01,5.200999975204468e-01,9.700000286102295e-01,5.000000000000000e-01
6.745325684191407e-01,2.116440134277776e-01,19358,29706,-6.147647448634206e-01,1.280860720399711e-01,0.000000000000000e+00,1.886426081226737e+00,9.224413965632547e-01,-8.314481121786786e-03,0.000000000000000e+00,1.335948561824649e+00,5.101328599665450e+00,1,9.702500104904175e-01,5.200999975204468e-01,9.702500104904175e-01,5.000000000000000e-01
6.745002285447024e-01,2.119196730786072e-01,19363,29711,-6.156393917567524e-01,1.289528475926592e-01,0.000000000000000e+00,1.886464547479251e+00,9.224035793942825e-01,-8.247327368691449e-03,0.000000000000000e+00,1.335965659882173e+00,5.101353083221071e+00,1,9.704999923706055e-01,5.200999975204468e-01,9.704999923706055e-01,5.000000000000000e-01
6.744678886702642e-01,2.121953327294362e-01,19368,29716,-6.165140386500821e-01,1.298196231453455e-01,0.000000000000000e+00,1.886503013731764e+00,9.223657622253106e-01,-8.180173615596266e-03,0.000000000000000e+00,1.335982757939697e+00,5.101377566776693e+00,1,9.707499742507935e-01,5.200999975204468e-01,9.707499742507935e-01,5.000000000000000e-01
6.744355410848403e-01,2.124710581074120e-01,19373,29721,-6.173888940905989e-01,1.306866053684087e-01,0.000000000000000e+00,1.886541489156012e+00,9.223279360393695e-01,-8.113003850638005e-03,0.000000000000000e+00,1.335999860074011e+00,5.101402056170071e+00,1,9.710000157356262e-01,5.200999975204468e-01,9.710000157356262e-01,5.000000000000000e-01
6.744032012104020e-01,2.127467177582412e-01,19378,29726,-6.182635409839297e-01,1.315533809210957e-01,0.000000000000000e+00,1.886579955408526e+00,9.222901188703974e-01,-8.045850097542759e-03,0.000000000000000e+00,1.336016958131535e+00,5.101426539725692e+00,1,9.712499976158142e-01,5.200999975204468e-01,9.712499976158142e-01,5.000000000000000e-01
6.743708613359641e-01,2.130223774090705e-01,19383,29731,-6.191381878772602e-01,1.324201564737828e-01,0.000000000000000e+00,1.886618421661039e+00,9.222523017014256e-01,-7.978696344447514e-03,0.000000000000000e+00,1.336034056189059e+00,5.101451023281313e+00,1,9.714999794960022e-01,5.200999975204468e-01,9.714999794960022e-01,5.000000000000000e-01
6.743385137505401e-01,2.132981027870462e-01,19388,29736,-6.200130433177768e-01,1.332871386968459e-01,0.000000000000000e+00,1.886656897085287e+00,9.222144755154842e-01,-7.911526579489254e-03,0.000000000000000e+00,1.336051158323373e+00,5.101475512674691e+00,1,9.717500209808350e-01,5.200999975204468e-01,9.717500209808350e-01,5.000000000000000e-01
6.743061738761019e-01,2.135737624378754e-01,19393,29741,-6.208876902111071e-01,1.341539142495326e-01,0.000000000000000e+00,1.886695363337801e+00,9.221766583465123e-01,-7.844372826394037e-03,0.000000000000000e+00,1.336068256380897e+00,5.101499996230312e+00,1,9.720000028610229e-01,5.200999975204468e-01,9.720000028610229e-01,5.000000000000000e-01
6.742738340016639e-01,2.138494220887048e-01,19398,29746,-6.217623371044385e-01,1.350206898022204e-01,0.000000000000000e+00,1.886733829590314e+00,9.221388411775404e-01,-7.777219073298731e-03,0.000000000000000e+00,1.336085354438421e+00,5.101524479785933e+00,1,9.722499847412109e-01,5.200999975204468e-01,9.722499847412109e-01,5.000000000000000e-01
6.742414864162398e-01,2.141251474666803e-01,19403,29751,-6.226371925449544e-01,1.358876720252828e-01,0.000000000000000e+00,1.886772305014562e+00,9.221010149915990e-01,-7.710049308340531e-03,0.000000000000000e+00,1.336102456572735e+00,5.101548969179310e+00,1,9.725000262260437e-01,5.200999975204468e-01,9.725000262260437e-01,5.000000000000000e-01
6.742091465418016e-01,2.144008071175096e-01,19408,29756,-6.235118394382850e-01,1.367544475779698e-01,0.000000000000000e+00,1.886810771267076e+00,9.220631978226270e-01,-7.642895555245285e-03,0.000000000000000e+00,1.336119554630259e+00,5.101573452734931e+00,1,9.727500081062317e-01,5.200999975204468e-01,9.727500081062317e-01,5.000000000000000e-01
6.741768066673635e-01,2.146764667683395e-01,19413,29761,-6.243864863316181e-01,1.376212231306576e-01,0.000000000000000e+00,1.886849237519588e+00,9.220253806536549e-01,-7.575741802149956e-03,0.000000000000000e+00,1.336136652687783e+00,5.101597936290552e+00,1,9.729999899864197e-01,5.200999975204468e-01,9.729999899864197e-01,5.000000000000000e-01
6.741444667929253e-01,2.149521264191684e-01,19418,29766,-6.252611332249476e-01,1.384879986833450e-01,0.000000000000000e+00,1.886887703772102e+00,9.219875634846829e-01,-7.508588049054701e-03,0.000000000000000e+00,1.336153750745307e+00,5.101622419846173e+00,1,9.732499718666077e-01,5.200999975204468e-01,9.732499718666077e-01,5.000000000000000e-01
6.741121192075012e-01,2.152278517971437e-01,19423,29771,-6.261359886654622e-01,1.393549809064079e-01,0.000000000000000e+00,1.886926179196351e+00,9.219497372987417e-01,-7.441418284096496e-03,0.000000000000000e+00,1.336170852879621e+00,5.101646909239552e+00,1,9.735000133514404e-01,5.200999975204468e-01,9.735000133514404e-01,5.000000000000000e-01
6.740797793330634e-01,2.155035114479731e-01,19428,29776,-6.270106355587940e-01,1.402217564590945e-01,0.000000000000000e+00,1.886964645448864e+00,9.219119201297697e-01,-7.374264531001255e-03,0.000000000000000e+00,1.336187950937145e+00,5.101671392795173e+00,1,9.737499952316284e-01,5.200999975204468e-01,9.737499952316284e-01,5.000000000000000e-01
6.740474394586251e-01,2.157791710988028e-01,19433,29781,-6.278852824521258e-01,1.410885320117827e-01,0.000000000000000e+00,1.887003111701377e+00,9.218741029607976e-01,-7.307110777905920e-03,0.000000000000000e+00,1.336205048994670e+00,5.101695876350794e+00,1,9.739999771118164e-01,5.200999975204468e-01,9.739999771118164e-01,5.000000000000000e-01
6.740150918732011e-01,2.160548964767780e-01,19438,29786,-6.287601378926408e-01,1.419555142348443e-01,0.000000000000000e+00,1.887041587125625e+00,9.218362767748566e-01,-7.239941012947781e-03,0.000000000000000e+00,1.336222151128984e+00,5.101720365744171e+00,1,9.742500185966492e-01,5.200999975204468e-01,9.742500185966492e-01,5.000000000000000e-01
6.739827519987630e-01,2.163305561276074e-01,19443,29791,-6.296347847859720e-01,1.428222897875318e-01,0.000000000000000e+00,1.887080053378139e+00,9.217984596058846e-01,-7.172787259852505e-03,0.000000000000000e+00,1.336239249186507e+00,5.101744849299791e+00,1,9.745000004768372e-01,5.200999975204468e-01,9.745000004768372e-01,5.000000000000000e-01
6.739504121243248e-01,2.166062157784371e-01,19448,29796,-6.305094316793038e-01,1.436890653402199e-01,0.000000000000000e+00,1.887118519630653e+00,9.217606424369126e-01,-7.105633506757168e-03,0.000000000000000e+00,1.336256347244032e+00,5.101769332855413e+00,1,9.747499823570251e-01,5.200999975204468e-01,9.747499823570251e-01,5.000000000000000e-01
6.739180645389009e-01,2.168819411564123e-01,19453,29801,-6.313842871198190e-01,1.445560475632816e-01,0.000000000000000e+00,1.887156995054900e+00,9.217228162509713e-01,-7.038463741799028e-03,0.000000000000000e+00,1.336273449378345e+00,5.101793822248792e+00,1,9.750000238418579e-01,5.200999975204468e-01,9.750000238418579e-01,5.000000000000000e-01
6.738857246644627e-01,2.171576008072414e-01,19458,29806,-6.322589340131489e-01,1.454228231159699e-01,0.000000000000000e+00,1.887195461307414e+00,9.216849990819993e-01,-6.971309988703714e-03,0.000000000000000e+00,1.336290547435870e+00,5.101818305804413e+00,1,9.752500057220459e-01,5.200999975204468e-01,9.752500057220459e-01,5.000000000000000e-01
6.738533847900245e-01,2.174332604580707e-01,19463,29811,-6.331335809064795e-01,1.462895986686569e-01,0.000000000000000e+00,1.887233927559928e+00,9.216471819130272e-01,-6.904156235608467e-03,0.000000000000000e+00,1.336307645493394e+00,5.101842789360033e+00,1,9.754999876022339e-01,5.200999975204468e-01,9.754999876022339e-01,5.000000000000000e-01
6.738210372046005e-01,2.177089858360465e-01,19468,29816,-6.340084363469968e-01,1.471565808917188e-01,0.000000000000000e+00,1.887272402984175e+00,9.216093557270859e-01,-6.836986470650277e-03,0.000000000000000e+00,1.336324747627708e+00,5.101867278753412e+00,1,9.757500290870667e-01,5.200999975204468e-01,9.757500290870667e-01,5.000000000000000e-01
6.737886973301624e-01,2.179846454868765e-01,19473,29821,-6.348830832403300e-01,1.480233564444065e-01,0.000000000000000e+00,1.887310869236688e+00,9.215715385581139e-01,-6.769832717554949e-03,0.000000000000000e+00,1.336341845685232e+00,5.101891762309032e+00,1,9.760000109672546e-01,5.200999975204468e-01,9.760000109672546e-01,5.000000000000000e-01
6.737563574557244e-01,2.182603051377052e-01,19478,29826,-6.357577301336589e-01,1.488901319970936e-01,0.000000000000000e+00,1.887349335489202e+00,9.215337213891419e-01,-6.702678964459723e-03,0.000000000000000e+00,1.336358943742756e+00,5.101916245864652e+00,1,9.762499928474426e-01,5.200999975204468e-01,9.762499928474426e-01,5.000000000000000e-01
6.737240175812861e-01,2.185359647885347e-01,19483,29831,-6.366323770269903e-01,1.497569075497815e-01,0.000000000000000e+00,1.887387801741716e+00,9.214959042201699e-01,-6.635525211364416e-03,0.000000000000000e+00,1.336376041800280e+00,5.101940729420273e+00,1,9.764999747276306e-01,5.200999975204468e-01,9.764999747276306e-01,5.000000000000000e-01
6.736916699958622e-01,2.188116901665101e-01,19488,29836,-6.375072324675058e-01,1.506238897728435e-01,0.000000000000000e+00,1.887426277165964e+00,9.214580780342287e-01,-6.568355446406248e-03,0.000000000000000e+00,1.336393143934594e+00,5.101965218813652e+00,1,9.767500162124634e-01,5.200999975204468e-01,9.767500162124634e-01,5.000000000000000e-01
6.736593301214240e-01,2.190873498173397e-01,19493,29841,-6.383818793608376e-01,1.514906653255317e-01,0.000000000000000e+00,1.887464743418477e+00,9.214202608652566e-01,-6.501201693310912e-03,0.000000000000000e+00,1.336410241992118e+00,5.101989702369273e+00,1,9.769999980926514e-01,5.200999975204468e-01,9.769999980926514e-01,5.000000000000000e-01
6.736269902469858e-01,2.193630094681689e-01,19498,29846,-6.392565262541682e-01,1.523574408782187e-01,0.000000000000000e+00,1.887503209670991e+00,9.213824436962847e-01,-6.434047940215665e-03,0.000000000000000e+00,1.336427340049642e+00,5.102014185924893e+00,1,9.772499799728394e-01,5.200999975204468e-01,9.772499799728394e-01,5.000000000000000e-01
6.735946426615620e-01,2.196387348461445e-01,19503,29851,-6.401313816946845e-01,1.532244231012815e-01,0.000000000000000e+00,1.887541685095238e+00,9.213446175103435e-01,-6.366878175257437e-03,0.000000000000000e+00,1.336444442183956e+00,5.102038675318272e+00,1,9.775000214576721e-01,5.200999975204468e-01,9.775000214576721e-01,5.000000000000000e-01
6.735623027871238e-01,2.199143944969738e-01,19508,29856,-6.410060285880151e-01,1.540911986539685e-01,0.000000000000000e+00,1.887580151347751e+00,9.213068003413714e-01,-6.299724422162188e-03,0.000000000000000e+00,1.336461540241480e+00,5.102063158873892e+00,1,9.777500033378601e-01,5.200999975204468e-01,9.777500033378601e-01,5.000000000000000e-01
6.735299629126856e-01,2.201900541478031e-01,19513,29861,-6.418806754813458e-01,1.549579742066556e-01,0.000000000000000e+00,1.887618617600265e+00,9.212689831723995e-01,-6.232570669066943e-03,0.000000000000000e+00,1.336478638299004e+00,5.102087642429513e+00,1,9.779999852180481e-01,5.200999975204468e-01,9.779999852180481e-01,5.000000000000000e-01
6.734976153272617e-01,2.204657795257786e-01,19518,29866,-6.427555309218617e-01,1.558249564297180e-01,0.000000000000000e+00,1.887657093024513e+00,9.212311569864584e-01,-6.165400904108744e-03,0.000000000000000e+00,1.336495740433318e+00,5.102112131822892e+00,1,9.782500267028809e-01,5.200999975204468e-01,9.782500267028809e-01,5.000000000000000e-01
6.734652754528234e-01,2.207414391766082e-01,19523,29871,-6.436301778151935e-01,1.566917319824062e-01,0.000000000000000e+00,1.887695559277026e+00,9.211933398174863e-01,-6.098247151013407e-03,0.000000000000000e+00,1.336512838490842e+00,5.102136615378512e+00,1,9.785000085830688e-01,5.200999975204468e-01,9.785000085830688e-01,5.000000000000000e-01
6.734329355783853e-01,2.210170988274374e-01,19528,29876,-6.445048247085241e-01,1.575585075350932e-01,0.000000000000000e+00,1.887734025529540e+00,9.211555226485142e-01,-6.031093397918161e-03,0.000000000000000e+00,1.336529936548366e+00,5.102161098934133e+00,1,9.787499904632568e-01,5.200999975204468e-01,9.787499904632568e-01,5.000000000000000e-01
6.734005957039471e-01,2.212927584782669e-01,19533,29881,-6.453794716018555e-01,1.584252830877810e-01,0.000000000000000e+00,1.887772491782054e+00,9.211177054795421e-01,-5.963939644822855e-03,0.000000000000000e+00,1.336547034605890e+00,5.102185582489753e+00,1,9.789999723434448e-01,5.200999975204468e-01,9.789999723434448e-01,5.000000000000000e-01
6.733682481185232e-01,2.215684838562422e-01,19538,29886,-6.462543270423706e-01,1.592922653108426e-01,0.000000000000000e+00,1.887810967206301e+00,9.210798792936010e-01,-5.896769879864715e-03,0.000000000000000e+00,1.336564136740204e+00,5.102210071883132e+00,1,9.792500138282776e-01,5.200999975204468e-01,9.792500138282776e-01,5.000000000000000e-01
6.733359082440851e-01,2.218441435070717e-01,19543,29891,-6.471289739357020e-01,1.601590408635304e-01,0.000000000000000e+00,1.887849433458815e+00,9.210420621246289e-01,-5.829616126769409e-03,0.000000000000000e+00,1.336581234797728e+00,5.102234555438752e+00,1,9.794999957084656e-01,5.200999975204468e-01,9.794999957084656e-01,5.000000000000000e-01
6.733035683696469e-01,2.221198031579009e-01,19548,29896,-6.480036208290326e-01,1.610258164162175e-01,0.000000000000000e+00,1.887887899711328e+00,9.210042449556568e-01,-5.762462373674162e-03,0.000000000000000e+00,1.336598332855252e+00,5.102259038994374e+00,1,9.797499775886536e-01,5.200999975204468e-01,9.797499775886536e-01,5.000000000000000e-01
6.732712212955463e-01,2.223954983442250e-01,19553,29902,-6.488783858657078e-01,1.618926821912024e-01,0.000000000000000e+00,1.887926375441384e+00,9.209664194207113e-01,-5.695292116439182e-03,0.000000000000000e+00,1.336615434887695e+00,5.102283528642755e+00,1,9.800000190734863e-01,5.200999975204468e-01,9.800000190734863e-01,5.000000000000000e-01
6.732455829519407e-01,2.222754586635997e-01,19558,29907,-6.485681774180658e-01,1.612332601282518e-01,0.000000000000000e+00,1.887968849688191e+00,9.209371343613696e-01,-5.621686461596656e-03,0.000000000000000e+00,1.336631197796931e+00,5.102311354326878e+00,1,9.802500009536743e-01,5.200999975204468e-01,9.802500009536743e-01,5.000000000000000e-01
6.732199446083350e-01,2.221554189829743e-01,19563,29912,-6.482579689704241e-01,1.605738380653018e-01,0.000000000000000e+00,1.888011323934998e+00,9.209078493020281e-01,-5.548080806754197e-03,0.000000000000000e+00,1.336646960706167e+00,5.102339180011002e+00,1,9.804999828338623e-01,5.200999975204468e-01,9.804999828338623e-01,5.000000000000000e-01
6.731943001516287e-01,2.220353506805843e-01,19568,29917,-6.479476865579636e-01,1.599142587724835e-01,0.000000000000000e+00,1.888053808309188e+00,9.208785572600783e-01,-5.474457601683936e-03,0.000000000000000e+00,1.336662727373846e+00,5.102367012329768e+00,1,9.807500243186951e-01,5.200999975204468e-01,9.807500243186951e-01,5.000000000000000e-01
6.731686618080231e-01,2.219153109999590e-01,19573,29922,-6.476374781103220e-01,1.592548367095332e-01,0.000000000000000e+00,1.888096282555996e+00,9.208492722007366e-01,-5.400851946841445e-03,0.000000000000000e+00,1.336678490283081e+00,5.102394838013891e+00,1,9.810000061988831e-01,5.200999975204468e-01,9.810000061988831e-01,5.000000000000000e-01
6.731430234644177e-01,2.217952713193337e-01,19578,29927,-6.473272696626802e-01,1.585954146465829e-01,0.000000000000000e+00,1.888138756802803e+00,9.208199871413951e-01,-5.327246291998951e-03,0.000000000000000e+00,1.336694253192317e+00,5.102422663698015e+00,1,9.812499880790710e-01,5.200999975204468e-01,9.812499880790710e-01,5.000000000000000e-01
6.731173790077114e-01,2.216752030169438e-01,19583,29932,-6.470169872502201e-01,1.579358353537652e-01,0.000000000000000e+00,1.888181241176993e+00,9.207906950994453e-01,-5.253623086928757e-03,0.000000000000000e+00,1.336710019859996e+00,5.102450496016780e+00,1,9.815000295639038e-01,5.200999975204468e-01,9.815000295639038e-01,5.000000000000000e-01
6.730917406641058e-01,2.215551633363184e-01,19588,29937,-6.467067788025782e-01,1.572764132908145e-01,0.000000000000000e+00,1.888223715423800e+00,9.207614100401037e-01,-5.180017432086233e-03,0.000000000000000e+00,1.336725782769232e+00,5.102478321700904e+00,1,9.817500114440918e-01,5.200999975204468e-01,9.817500114440918e-01,5.000000000000000e-01
6.730661023205003e-01,2.214351236556930e-01,19593,29942,-6.463965703549361e-01,1.566169912278640e-01,0.000000000000000e+00,1.888266189670607e+00,9.207321249807623e-01,-5.106411777243708e-03,0.000000000000000e+00,1.336741545678468e+00,5.102506147385028e+00,1,9.819999933242798e-01,5.200999975204468e-01,9.819999933242798e-01,5.000000000000000e-01
6.730404639768945e-01,2.213150839750677e-01,19598,29947,-6.460863619072942e-01,1.559575691649134e-01,0.000000000000000e+00,1.888308663917415e+00,9.207028399214209e-01,-5.032806122401182e-03,0.000000000000000e+00,1.336757308587704e+00,5.102533973069152e+00,1,9.822499752044678e-01,5.200999975204468e-01,9.822499752044678e-01,5.000000000000000e-01
6.730148195201883e-01,2.211950156726776e-01,19603,29952,-6.457760794948340e-01,1.552979898720954e-01,0.000000000000000e+00,1.888351148291605e+00,9.206735478794708e-01,-4.959182917330955e-03,0.000000000000000e+00,1.336773075255383e+00,5.102561805387916e+00,1,9.825000166893005e-01,5.200999975204468e-01,9.825000166893005e-01,5.000000000000000e-01
6.729891811765827e-01,2.210749759920523e-01,19608,29957,-6.454658710471921e-01,1.546385678091448e-01,0.000000000000000e+00,1.888393622538412e+00,9.206442628201295e-01,-4.885577262488429e-03,0.000000000000000e+00,1.336788838164619e+00,5.102589631072040e+00,1,9.827499985694885e-01,5.200999975204468e-01,9.827499985694885e-01,5.000000000000000e-01
6.729635428329771e-01,2.209549363114274e-01,19613,29962,-6.451556625995524e-01,1.539791457461935e-01,0.000000000000000e+00,1.888436096785219e+00,9.206149777607877e-01,-4.811971607645882e-03,0.000000000000000e+00,1.336804601073855e+00,5.102617456756164e+00,1,9.829999804496765e-01,5.200999975204468e-01,9.829999804496765e-01,5.000000000000000e-01
6.729378983762709e-01,2.208348680090369e-01,19618,29967,-6.448453801870897e-01,1.533195664533762e-01,0.000000000000000e+00,1.888478581159410e+00,9.205856857188378e-01,-4.738348402575677e-03,0.000000000000000e+00,1.336820367741533e+00,5.102645289074928e+00,1,9.832500219345093e-01,5.200999975204468e-01,9.832500219345093e-01,5.000000000000000e-01
6.729122600326654e-01,2.207148283284110e-01,19623,29972,-6.445351717394456e-01,1.526601443904266e-01,0.000000000000000e+00,1.888521055406217e+00,9.205564006594965e-01,-4.664742747733206e-03,0.000000000000000e+00,1.336836130650769e+00,5.102673114759053e+00,1,9.835000038146973e-01,5.200999975204468e-01,9.835000038146973e-01,5.000000000000000e-01
6.728866216890597e-01,2.205947886477857e-01,19628,29977,-6.442249632918036e-01,1.520007223274760e-01,0.000000000000000e+00,1.888563529653024e+00,9.205271156001549e-01,-4.591137092890681e-03,0.000000000000000e+00,1.336851893560006e+00,5.102700940443176e+00,1,9.837499856948853e-01,5.200999975204468e-01,9.837499856948853e-01,5.000000000000000e-01
6.728609772323536e-01,2.204747203453963e-01,19633,29982,-6.439146808793459e-01,1.513411430346576e-01,0.000000000000000e+00,1.888606014027214e+00,9.204978235582050e-01,-4.517513887820465e-03,0.000000000000000e+00,1.336867660227684e+00,5.102728772761941e+00,1,9.840000271797180e-01,5.200999975204468e-01,9.840000271797180e-01,5.000000000000000e-01
6.728353388887480e-01,2.203546806647710e-01,19638,29987,-6.436044724317043e-01,1.506817209717073e-01,0.000000000000000e+00,1.888648488274021e+00,9.204685384988636e-01,-4.443908232977973e-03,0.000000000000000e+00,1.336883423136920e+00,5.102756598446066e+00,1,9.842500090599060e-01,5.200999975204468e-01,9.842500090599060e-01,5.000000000000000e-01
6.728097005451424e-01,2.202346409841456e-01,19643,29992,-6.432942639840622e-01,1.500222989087567e-01,0.000000000000000e+00,1.888690962520829e+00,9.204392534395220e-01,-4.370302578135448e-03,0.000000000000000e+00,1.336899186046156e+00,5.102784424130189e+00,1,9.844999909400940e-01,5.200999975204468e-01,9.844999909400940e-01,5.000000000000000e-01
6.727840622015367e-01,2.201146013035202e-01,19648,29997,-6.429840555364204e-01,1.493628768458061e-01,0.000000000000000e+00,1.888733436767635e+00,9.204099683801805e-01,-4.296696923292922e-03,0.000000000000000e+00,1.336914948955392e+00,5.102812249814313e+00,1,9.847499728202820e-01,5.200999975204468e-01,9.847499728202820e-01,5.000000000000000e-01
6.727584177448306e-01,2.199945330011302e-01,19653,30002,-6.426737731239600e-01,1.487032975529881e-01,0.000000000000000e+00,1.888775921141826e+00,9.203806763382304e-01,-4.223073718222696e-03,0.000000000000000e+00,1.336930715623071e+00,5.102840082133078e+00,1,9.850000143051147e-01,5.200999975204468e-01,9.850000143051147e-01,5.000000000000000e-01
6.727327794012250e-01,2.198744933205049e-01,19658,30007,-6.423635646763182e-01,1.480438754900378e-01,0.000000000000000e+00,1.888818395388633e+00,9.203513912788890e-01,-4.149468063380202e-03,0.000000000000000e+00,1.336946478532306e+00,5.102867907817201e+00,1,9.852499961853027e-01,5.200999975204468e-01,9.852499961853027e-01,5.000000000000000e-01
6.727071410576193e-01,2.197544536398796e-01,19663,30012,-6.420533562286763e-01,1.473844534270873e-01,0.000000000000000e+00,1.888860869635440e+00,9.203221062195476e-01,-4.075862408537677e-03,0.000000000000000e+00,1.336962241441543e+00,5.102895733501326e+00,1,9.854999780654907e-01,5.200999975204468e-01,9.854999780654907e-01,5.000000000000000e-01
6.726814966009131e-01,2.196343853374896e-01,19668,30017,-6.417430738162160e-01,1.467248741342692e-01,0.000000000000000e+00,1.888903354009630e+00,9.202928141775977e-01,-4.002239203467451e-03,0.000000000000000e+00,1.336978008109221e+00,5.102923565820091e+00,1,9.857500195503235e-01,5.200999975204468e-01,9.857500195503235e-01,5.000000000000000e-01
6.726558582573076e-01,2.195143456568642e-01,19673,30022,-6.414328653685741e-01,1.460654520713186e-01,0.000000000000000e+00,1.888945828256438e+00,9.202635291182559e-01,-3.928633548624926e-03,0.000000000000000e+00,1.336993771018457e+00,5.102951391504214e+00,1,9.860000014305115e-01,5.200999975204468e-01,9.860000014305115e-01,5.000000000000000e-01
6.726302199137020e-01,2.193943059762389e-01,19678,30027,-6.411226569209324e-01,1.454060300083683e-01,0.000000000000000e+00,1.888988302503244e+00,9.202342440589146e-01,-3.855027893782432e-03,0.000000000000000e+00,1.337009533927693e+00,5.102979217188338e+00,1,9.862499833106995e-01,5.200999975204468e-01,9.862499833106995e-01,5.000000000000000e-01
6.726045754569957e-01,2.192742376738488e-01,19683,30032,-6.408123745084721e-01,1.447464507155503e-01,0.000000000000000e+00,1.889030786877435e+00,9.202049520169647e-01,-3.781404688712206e-03,0.000000000000000e+00,1.337025300595372e+00,5.103007049507103e+00,1,9.865000247955322e-01,5.200999975204468e-01,9.865000247955322e-01,5.000000000000000e-01
6.725789371133901e-01,2.191541979932236e-01,19688,30037,-6.405021660608303e-01,1.440870286526000e-01,0.000000000000000e+00,1.889073261124242e+00,9.201756669576233e-01,-3.707799033869714e-03,0.000000000000000e+00,1.337041063504608e+00,5.103034875191227e+00,1,9.867500066757202e-01,5.200999975204468e-01,9.867500066757202e-01,5.000000000000000e-01
6.725532987697845e-01,2.190341583125982e-01,19693,30042,-6.401919576131883e-01,1.434276065896494e-01,0.000000000000000e+00,1.889115735371049e+00,9.201463818982818e-01,-3.634193379027188e-03,0.000000000000000e+00,1.337056826413844e+00,5.103062700875350e+00,1,9.869999885559082e-01,5.200999975204468e-01,9.869999885559082e-01,5.000000000000000e-01
6.725276604261788e-01,2.189141186319727e-01,19698,30047,-6.398817491655462e-01,1.427681845266983e-01,0.000000000000000e+00,1.889158209617856e+00,9.201170968389401e-01,-3.560587724184597e-03,0.000000000000000e+00,1.337072589323079e+00,5.103090526559474e+00,1,9.872499704360962e-01,5.200999975204468e-01,9.872499704360962e-01,5.000000000000000e-01
6.725020159694727e-01,2.187940503295827e-01,19703,30052,-6.395714667530858e-01,1.421086052338802e-01,0.000000000000000e+00,1.889200693992047e+00,9.200878047969903e-01,-3.486964519114370e-03,0.000000000000000e+00,1.337088355990758e+00,5.103118358878239e+00,1,9.875000119209290e-01,5.200999975204468e-01,9.875000119209290e-01,5.000000000000000e-01
6.724763776258671e-01,2.186740106489575e-01,19708,30057,-6.392612583054444e-01,1.414491831709305e-01,0.000000000000000e+00,1.889243168238854e+00,9.200585197376487e-01,-3.413358864271943e-03,0.000000000000000e+00,1.337104118899994e+00,5.103146184562362e+00,1,9.877499938011169e-01,5.200999975204468e-01,9.877499938011169e-01,5.000000000000000e-01
6.724507392822614e-01,2.185539709683320e-01,19713,30062,-6.389510498578022e-01,1.407897611079794e-01,0.000000000000000e+00,1.889285642485661e+00,9.200292346783071e-01,-3.339753209429352e-03,0.000000000000000e+00,1.337119881809230e+00,5.103174010246487e+00,1,9.879999756813049e-01,5.200999975204468e-01,9.879999756813049e-01,5.000000000000000e-01
6.724250948255552e-01,2.184339026659413e-01,19718,30067,-6.386407674453385e-01,1.401301818151620e-01,0.000000000000000e+00,1.889328126859852e+00,9.199999426363573e-01,-3.266130004359181e-03,0.000000000000000e+00,1.337135648476909e+00,5.103201842565252e+00,1,9.882500171661377e-01,5.200999975204468e-01,9.882500171661377e-01,5.000000000000000e-01
6.723994564819498e-01,2.183138629853168e-01,19723,30072,-6.383305589977004e-01,1.394707597522116e-01,0.000000000000000e+00,1.889370601106659e+00,9.199706575770159e-01,-3.192524349516698e-03,0.000000000000000e+00,1.337151411386145e+00,5.103229668249377e+00,1,9.884999990463257e-01,5.200999975204468e-01,9.884999990463257e-01,5.000000000000000e-01
6.723738181383441e-01,2.181938233046914e-01,19728,30077,-6.380203505500581e-01,1.388113376892605e-01,0.000000000000000e+00,1.889413075353465e+00,9.199413725176744e-01,-3.118918694674108e-03,0.000000000000000e+00,1.337167174295381e+00,5.103257493933500e+00,1,9.887499809265137e-01,5.200999975204468e-01,9.887499809265137e-01,5.000000000000000e-01
6.723481736816379e-01,2.180737550023014e-01,19733,30082,-6.377100681375980e-01,1.381517583964427e-01,0.000000000000000e+00,1.889455559727656e+00,9.199120804757244e-01,-3.045295489603914e-03,0.000000000000000e+00,1.337182940963060e+00,5.103285326252264e+00,1,9.890000224113464e-01,5.200999975204468e-01,9.890000224113464e-01,5.000000000000000e-01
6.723225353380322e-01,2.179537153216760e-01,19738,30087,-6.373998596899562e-01,1.374923363334921e-01,0.000000000000000e+00,1.889498033974463e+00,9.198827954163830e-01,-2.971689834761389e-03,0.000000000000000e+00,1.337198703872296e+00,5.103313151936389e+00,1,9.892500042915344e-01,5.200999975204468e-01,9.892500042915344e-01,5.000000000000000e-01
6.722968969944267e-01,2.178336756410508e-01,19743,30092,-6.370896512423145e-01,1.368329142705421e-01,0.000000000000000e+00,1.889540508221270e+00,9.198535103570414e-01,-2.898084179918928e-03,0.000000000000000e+00,1.337214466781532e+00,5.103340977620512e+00,1,9.894999861717224e-01,5.200999975204468e-01,9.894999861717224e-01,5.000000000000000e-01
6.722712525377206e-01,2.177136073386607e-01,19748,30097,-6.367793688298541e-01,1.361733349777238e-01,0.000000000000000e+00,1.889582992595461e+00,9.198242183150915e-01,-2.824460974848669e-03,0.000000000000000e+00,1.337230233449211e+00,5.103368809939278e+00,1,9.897500276565552e-01,5.200999975204468e-01,9.897500276565552e-01,5.000000000000000e-01
6.722456141941149e-01,2.175935676580354e-01,19753,30103,-6.364691603822122e-01,1.355139129147735e-01,0.000000000000000e+00,1.889625466842268e+00,9.197949332557500e-01,-2.750855320006176e-03,0.000000000000000e+00,1.337245996358446e+00,5.103396635623401e+00,1,9.900000095367432e-01,5.200999975204468e-01,9.900000095367432e-01,5.000000000000000e-01
6.722346574734126e-01,2.172499902538148e-01,19756,30108,-6.353334379505012e-01,1.346540834919559e-01,0.000000000000000e+00,1.889650743997483e+00,9.197829055977920e-01,-2.710903455489500e-03,0.000000000000000e+00,1.337254216768083e+00,5.103414196865308e+00,1,9.902499914169312e-01,5.200999975204468e-01,9.902499914169312e-01,5.000000000000000e-01
6.722237001926317e-01,2.169064213771741e-01,19758,30113,-6.341977470107304e-01,1.337942617143345e-01,0.000000000000000e+00,1.889676021808738e+00,9.197708772814935e-01,-2.670950307138509e-03,0.000000000000000e+00,1.337262437465452e+00,5.103431758498785e+00,1,9.904999732971191e-01,5.200999975204468e-01,9.904999732971191e-01,5.000000000000000e-01
6.722127402992422e-01,2.165627705813930e-01,19761,30118,-6.330617852815138e-01,1.329342349243682e-01,0.000000000000000e+00,1.889701305647129e+00,9.197588460972135e-01,-2.630987632524237e-03,0.000000000000000e+00,1.337270660122931e+00,5.103449324319586e+00,1,9.907500147819519e-01,5.200999975204468e-01,9.907500147819519e-01,5.000000000000000e-01
6.722017830184610e-01,2.162192017047523e-01,19763,30123,-6.319260943417428e-01,1.320744131467468e-01,0.000000000000000e+00,1.889726583458383e+00,9.197468177809152e-01,-2.591034484173246e-03,0.000000000000000e+00,1.337278880820301e+00,5.103466885953062e+00,1,9.909999966621399e-01,5.200999975204468e-01,9.909999966621399e-01,5.000000000000000e-01
6.721908257376802e-01,2.158756328281122e-01,19766,30128,-6.307904034019733e-01,1.312145913691265e-01,0.000000000000000e+00,1.889751861269638e+00,9.197347894646168e-01,-2.551081335822307e-03,0.000000000000000e+00,1.337287101517671e+00,5.103484447586541e+00,1,9.912499785423279e-01,5.200999975204468e-01,9.912499785423279e-01,5.000000000000000e-01
6.721798658442905e-01,2.155319820323307e-01,19768,30133,-6.296544416727559e-01,1.303545645791595e-01,0.000000000000000e+00,1.889777145108029e+00,9.197227582803367e-01,-2.511118661207999e-03,0.000000000000000e+00,1.337295324175150e+00,5.103502013407340e+00,1,9.915000200271606e-01,5.200999975204468e-01,9.915000200271606e-01,5.000000000000000e-01
6.721689085635096e-01,2.151884131556894e-01,19771,30138,-6.285187507329817e-01,1.294947428015386e-01,0.000000000000000e+00,1.889802422919284e+00,9.197107299640384e-01,-2.471165512857035e-03,0.000000000000000e+00,1.337303544872520e+00,5.103519575040817e+00,1,9.917500019073486e-01,5.200999975204468e-01,9.917500019073486e-01,5.000000000000000e-01
6.721579512827286e-01,2.148448442790489e-01,19773,30143,-6.273830597932113e-01,1.286349210239176e-01,0.000000000000000e+00,1.889827700730539e+00,9.196987016477400e-01,-2.431212364506061e-03,0.000000000000000e+00,1.337311765569889e+00,5.103537136674296e+00,1,9.919999837875366e-01,5.200999975204468e-01,9.919999837875366e-01,5.000000000000000e-01
6.721469913893390e-01,2.145011934832675e-01,19776,30148,-6.262470980639935e-01,1.277748942339505e-01,0.000000000000000e+00,1.889852984568930e+00,9.196866704634599e-01,-2.391249689891753e-03,0.000000000000000e+00,1.337319988227369e+00,5.103554702495097e+00,1,9.922500252723694e-01,5.200999975204468e-01,9.922500252723694e-01,5.000000000000000e-01
6.721360341085580e-01,2.141576246066281e-01,19778,30153,-6.251114071242274e-01,1.269150724563297e-01,0.000000000000000e+00,1.889878262380184e+00,9.196746421471617e-01,-2.351296541540789e-03,0.000000000000000e+00,1.337328208924738e+00,5.103572264128573e+00,1,9.925000071525574e-01,5.200999975204468e-01,9.925000071525574e-01,5.000000000000000e-01
6.721250768277772e-01,2.138140557299874e-01,19781,30158,-6.239757161844567e-01,1.260552506787083e-01,0.000000000000000e+00,1.889903540191439e+00,9.196626138308632e-01,-2.311343393189798e-03,0.000000000000000e+00,1.337336429622108e+00,5.103589825762050e+00,1,9.927499890327454e-01,5.200999975204468e-01,9.927499890327454e-01,5.000000000000000e-01
6.721141195469962e-01,2.134704868533471e-01,19783,30163,-6.228400252446866e-01,1.251954289010876e-01,0.000000000000000e+00,1.889928818002693e+00,9.196505855145649e-01,-2.271390244838842e-03,0.000000000000000e+00,1.337344650319478e+00,5.103607387395527e+00,1,9.929999709129333e-01,5.200999975204468e-01,9.929999709129333e-01,5.000000000000000e-01
6.721031596536066e-01,2.131268360575655e-01,19786,30168,-6.217040635154686e-01,1.243354021111202e-01,0.000000000000000e+00,1.889954101841085e+00,9.196385543302847e-01,-2.231427570224517e-03,0.000000000000000e+00,1.337352872976957e+00,5.103624953216327e+00,1,9.932500123977661e-01,5.200999975204468e-01,9.932500123977661e-01,5.000000000000000e-01
6.720922023728257e-01,2.127832671809253e-01,19788,30173,-6.205683725756991e-01,1.234755803334999e-01,0.000000000000000e+00,1.889979379652339e+00,9.196265260139863e-01,-2.191474421873578e-03,0.000000000000000e+00,1.337361093674326e+00,5.103642514849804e+00,1,9.934999942779541e-01,5.200999975204468e-01,9.934999942779541e-01,5.000000000000000e-01
6.720812450920447e-01,2.124396983042849e-01,19791,30178,-6.194326816359287e-01,1.226157585558789e-01,0.000000000000000e+00,1.890004657463594e+00,9.196144976976882e-01,-2.151521273522605e-03,0.000000000000000e+00,1.337369314371696e+00,5.103660076483283e+00,1,9.937499761581421e-01,5.200999975204468e-01,9.937499761581421e-01,5.000000000000000e-01
6.720702851986552e-01,2.120960475085037e-01,19793,30183,-6.182967199067121e-01,1.217557317659126e-01,0.000000000000000e+00,1.890029941301985e+00,9.196024665134079e-01,-2.111558598908332e-03,0.000000000000000e+00,1.337377537029175e+00,5.103677642304083e+00,1,9.940000176429749e-01,5.200999975204468e-01,9.940000176429749e-01,5.000000000000000e-01
6.720593279178741e-01,2.117524786318622e-01,19796,30188,-6.171610289669371e-01,1.208959099882913e-01,0.000000000000000e+00,1.890055219113240e+00,9.195904381971098e-01,-2.071605450557350e-03,0.000000000000000e+00,1.337385757726545e+00,5.103695203937561e+00,1,9.942499995231628e-01,5.200999975204468e-01,9.942499995231628e-01,5.000000000000000e-01
6.720483706370931e-01,2.114089097552215e-01,19798,30193,-6.160253380271663e-01,1.200360882106698e-01,0.000000000000000e+00,1.890080496924495e+00,9.195784098808113e-01,-2.031652302206359e-03,0.000000000000000e+00,1.337393978423915e+00,5.103712765571037e+00,1,9.944999814033508e-01,5.200999975204468e-01,9.944999814033508e-01,5.000000000000000e-01
6.720374107437035e-01,2.110652589594413e-01,19801,30198,-6.148893762979537e-01,1.191760614207034e-01,0.000000000000000e+00,1.890105780762886e+00,9.195663786965311e-01,-1.991689627592077e-03,0.000000000000000e+00,1.337402201081394e+00,5.103730331391838e+00,1,9.947500228881836e-01,5.200999975204468e-01,9.947500228881836e-01,5.000000000000000e-01
6.720264534629226e-01,2.107216900828009e-01,19803,30203,-6.137536853581833e-01,1.183162396430824e-01,0.000000000000000e+00,1.890131058574141e+00,9.195543503802328e-01,-1.951736479241104e-03,0.000000000000000e+00,1.337410421778763e+00,5.103747893025316e+00,1,9.950000047683716e-01,5.200999975204468e-01,9.950000047683716e-01,5.000000000000000e-01
6.720154961821415e-01,2.103781212061604e-01,19806,30208,-6.126179944184129e-01,1.174564178654614e-01,0.000000000000000e+00,1.890156336385395e+00,9.195423220639346e-01,-1.911783330890130e-03,0.000000000000000e+00,1.337418642476133e+00,5.103765454658792e+00,1,9.952499866485596e-01,5.200999975204468e-01,9.952499866485596e-01,5.000000000000000e-01
6.720045362887520e-01,2.100344704103791e-01,19808,30213,-6.114820326891959e-01,1.165963910754947e-01,0.000000000000000e+00,1.890181620223786e+00,9.195302908796544e-01,-1.871820656275840e-03,0.000000000000000e+00,1.337426865133612e+00,5.103783020479593e+00,1,9.955000281333923e-01,5.200999975204468e-01,9.955000281333923e-01,5.000000000000000e-01
6.719935790079711e-01,2.096909015337388e-01,19811,30218,-6.103463417494259e-01,1.157365692978741e-01,0.000000000000000e+00,1.890206898035041e+00,9.195182625633560e-01,-1.831867507924884e-03,0.000000000000000e+00,1.337435085830982e+00,5.103800582113070e+00,1,9.957500100135803e-01,5.200999975204468e-01,9.957500100135803e-01,5.000000000000000e-01
6.719826217271903e-01,2.093473326570982e-01,19813,30223,-6.092106508096550e-01,1.148767475202527e-01,0.000000000000000e+00,1.890232175846295e+00,9.195062342470579e-01,-1.791914359573893e-03,0.000000000000000e+00,1.337443306528352e+00,5.103818143746548e+00,1,9.959999918937683e-01,5.200999975204468e-01,9.959999918937683e-01,5.000000000000000e-01
6.719716644464092e-01,2.090037637804588e-01,19816,30228,-6.080749598698895e-01,1.140169257426320e-01,0.000000000000000e+00,1.890257453657550e+00,9.194942059307596e-01,-1.751961211222928e-03,0.000000000000000e+00,1.337451527225721e+00,5.103835705380025e+00,1,9.962499737739563e-01,5.200999975204468e-01,9.962499737739563e-01,5.000000000000000e-01
6.719607045530196e-01,2.086601129846774e-01,19818,30233,-6.069389981406719e-01,1.131568989526650e-01,0.000000000000000e+00,1.890282737495941e+00,9.194821747464792e-01,-1.711998536608620e-03,0.000000000000000e+00,1.337459749883200e+00,5.103853271200825e+00,1,9.965000152587891e-01,5.200999975204468e-01,9.965000152587891e-01,5.000000000000000e-01
6.719497472722387e-01,2.083165441080370e-01,19821,30238,-6.058033072009015e-01,1.122970771750440e-01,0.000000000000000e+00,1.890308015307196e+00,9.194701464301811e-01,-1.672045388257646e-03,0.000000000000000e+00,1.337467970580570e+00,5.103870832834303e+00,1,9.967499971389771e-01,5.200999975204468e-01,9.967499971389771e-01,5.000000000000000e-01
6.719387899914577e-01,2.079729752313955e-01,19823,30243,-6.046676162611266e-01,1.114372553974229e-01,0.000000000000000e+00,1.890333293118450e+00,9.194581181138827e-01,-1.632092239906683e-03,0.000000000000000e+00,1.337476191277940e+00,5.103888394467781e+00,1,9.969999790191650e-01,5.200999975204468e-01,9.969999790191650e-01,5.000000000000000e-01
6.719278300980681e-01,2.076293244356142e-01,19826,30248,-6.035316545319096e-01,1.105772286074562e-01,0.000000000000000e+00,1.890358576956842e+00,9.194460869296026e-01,-1.592129565292392e-03,0.000000000000000e+00,1.337484413935419e+00,5.103905960288581e+00,1,9.972500205039978e-01,5.200999975204468e-01,9.972500205039978e-01,5.000000000000000e-01
6.719168728172871e-01,2.072857555589737e-01,19828,30253,-6.023959635921391e-01,1.097174068298352e-01,0.000000000000000e+00,1.890383854768096e+00,9.194340586133043e-01,-1.552176416941419e-03,0.000000000000000e+00,1.337492634632789e+00,5.103923521922058e+00,1,9.975000023841858e-01,5.200999975204468e-01,9.975000023841858e-01,5.000000000000000e-01
6.719059155365061e-01,2.069421866823332e-01,19831,30258,-6.012602726523686e-01,1.088575850522141e-01,0.000000000000000e+00,1.890409132579351e+00,9.194220302970059e-01,-1.512223268590445e-03,0.000000000000000e+00,1.337500855330158e+00,5.103941083555536e+00,1,9.977499842643738e-01,5.200999975204468e-01,9.977499842643738e-01,5.000000000000000e-01
6.718949556431166e-01,2.065985358865519e-01,19833,30263,-6.001243109231515e-01,1.079975582622474e-01,0.000000000000000e+00,1.890434416417742e+00,9.194099991127257e-01,-1.472260593976155e-03,0.000000000000000e+00,1.337509077987637e+00,5.103958649376336e+00,1,9.980000257492065e-01,5.200999975204468e-01,9.980000257492065e-01,5.000000000000000e-01
6.718839983623356e-01,2.062549670099115e-01,19836,30268,-5.989886199833812e-01,1.071377364846264e-01,0.000000000000000e+00,1.890459694228997e+00,9.193979707964275e-01,-1.432307445625181e-03,0.000000000000000e+00,1.337517298685007e+00,5.103976211009813e+00,1,9.982500076293945e-01,5.200999975204468e-01,9.982500076293945e-01,5.000000000000000e-01
6.718730410815547e-01,2.059113981332710e-01,19838,30273,-5.978529290436109e-01,1.062779147070054e-01,0.000000000000000e+00,1.890484972040251e+00,9.193859424801292e-01,-1.392354297274208e-03,0.000000000000000e+00,1.337525519382377e+00,5.103993772643291e+00,1,9.984999895095825e-01,5.200999975204468e-01,9.984999895095825e-01,5.000000000000000e-01
6.718620838007738e-01,2.055678292566318e-01,19841,30278,-5.967172381038457e-01,1.054180929293849e-01,0.000000000000000e+00,1.890510249851506e+00,9.193739141638309e-01,-1.352401148923242e-03,0.000000000000000e+00,1.337533740079747e+00,5.104011334276768e+00,1,9.987499713897705e-01,5.200999975204468e-01,9.987499713897705e-01,5.000000000000000e-01
6.718511239073841e-01,2.052241784608492e-01,19843,30283,-5.955812763746231e-01,1.045580661394177e-01,0.000000000000000e+00,1.890535533689897e+00,9.193618829795506e-01,-1.312438474308944e-03,0.000000000000000e+00,1.337541962737225e+00,5.104028900097568e+00,1,9.990000128746033e-01,5.200999975204468e-01,9.990000128746033e-01,5.000000000000000e-01
6.718401666266031e-01,2.048806095842088e-01,19846,30288,-5.944455854348529e-01,1.036982443617966e-01,0.000000000000000e+00,1.890560811501152e+00,9.193498546632524e-01,-1.272485325957971e-03,0.000000000000000e+00,1.337550183434595e+00,5.104046461731046e+00,1,9.992499947547913e-01,5.200999975204468e-01,9.992499947547913e-01,5.000000000000000e-01
6.718292093458221e-01,2.045370407075683e-01,19848,30293,-5.933098944950824e-01,1.028384225841756e-01,0.000000000000000e+00,1.890586089312406e+00,9.193378263469540e-01,-1.232532177606997e-03,0.000000000000000e+00,1.337558404131965e+00,5.104064023364523e+00,1,9.994999766349792e-01,5.200999975204468e-01,9.994999766349792e-01,5.000000000000000e-01
6.718182494524326e-01,2.041933899117870e-01,19851,30298,-5.921739327658654e-01,1.019783957942089e-01,0.000000000000000e+00,1.890611373150798e+00,9.193257951626739e-01,-1.192569502992707e-03,0.000000000000000e+00,1.337566626789444e+00,5.104081589185324e+00,1,9.997500181198120e-01,5.200999975204468e-01,9.997500181198120e-01,5.000000000000000e-01
6.718072921716517e-01,2.038498210351465e-01,19853,30304,-5.910382418260950e-01,1.011185740165879e-01,0.000000000000000e+00,1.890636650962052e+00,9.193137668463756e-01,-1.152616354641734e-03,0.000000000000000e+00,1.337574847486814e+00,5.104099150818800e+00,1,1.000000000000000e+00,5.200999975204468e-01,1.000000000000000e+00,5.000000000000000e-01
